id,Machine failure
136429,0.0012732702943740108
136430,0.0026453154521070684
136431,0.0006938915807944601
136432,0.0020938013288840343
136433,0.001499665022945709
136434,0.006887541804603287
136435,0.003262106281741118
136436,0.002109993248992629
136437,0.0006359179810377877
136438,0.0011465860299249534
136439,0.0008758820279715323
136440,0.0011299252242374291
136441,0.000730230015685841
136442,0.0005163648452272264
136443,0.0006819909597641364
136444,0.0021374762716733792
136445,0.0007152562674688705
136446,0.9918706014495073
136447,0.0004384308979132772
136448,0.0006005693505587257
136449,0.003317678892201057
136450,0.0007576152412530594
136451,0.004013702200954015
136452,0.029437004305324144
136453,0.0012985022012634588
136454,0.00045869502403945815
136455,0.0005856571855202109
136456,0.0009111832279479609
136457,0.0010567368901367245
136458,0.0014981750400341342
136459,0.005933218984851485
136460,0.0038719399570571657
136461,0.0009117362830052993
136462,0.007325760901735889
136463,0.02601152063103402
136464,0.0009857465533500798
136465,0.0006772032774831475
136466,0.0036305029818144794
136467,0.0011086992075620009
136468,0.001026390569266483
136469,0.022903509772744187
136470,0.0008239758504246572
136471,0.013228077164217717
136472,0.0017523828686433459
136473,0.0016214799460344614
136474,0.0005354248504589452
136475,0.0015238979235424133
136476,0.012247065800093946
136477,0.0007434790894042048
136478,0.0005303397348689936
136479,0.0020079536283827987
136480,0.004479802943387943
136481,0.001983486800682302
136482,0.07316269079667706
136483,0.005122984230901946
136484,0.0009115899754364482
136485,0.0006017864341756065
136486,0.0006141615004845875
136487,0.0005700824794566507
136488,0.005354039740018767
136489,0.0003799797510519944
136490,0.0231952700841384
136491,0.005624384179403195
136492,0.0004429325134557014
136493,0.0053509335646136046
136494,0.00041562826268350654
136495,0.001374703260056557
136496,0.000694513164983183
136497,0.0006548610799639788
136498,0.00921163418192715
136499,0.0007074268397779483
136500,0.00033847620087726154
136501,0.0006534596813509076
136502,0.0012194257438864304
136503,0.002105741219130246
136504,0.0009609103540827136
136505,0.0011872709331703702
136506,0.0016507604390136206
136507,0.0010431446576258379
136508,0.0015564296568999574
136509,0.0019470289603345293
136510,0.0004234050698008529
136511,0.0026591313761380204
136512,0.0005135030697967961
136513,0.003633256459844397
136514,0.0006038431045644357
136515,0.000979003151500955
136516,0.0006134584030670668
136517,0.0014697278397538677
136518,0.0005010923189550781
136519,0.0013644340310797576
136520,0.005075151812786994
136521,0.0005352008051031221
136522,0.0012311085679797653
136523,0.00039328596080021613
136524,0.0004651055550464315
136525,0.0009918614487505618
136526,0.001944810914958664
136527,0.02055171323223488
136528,0.0008097234526805078
136529,0.0022500194171659934
136530,0.005389111645012235
136531,0.0011942065935617503
136532,0.0007085075020308247
136533,0.009909204807679262
136534,0.0005770586978215368
136535,0.0004968443737310877
136536,0.004754678635982372
136537,0.0007509605967609258
136538,0.001871740359650321
136539,0.0016071433008561357
136540,0.0005614623607644665
136541,0.0024773171189515306
136542,0.002902546895034614
136543,0.0012489333268938354
136544,0.0008761117396550722
136545,0.0006725683594791252
136546,0.0011331715556229401
136547,0.0008228530760706652
136548,0.0006725445930679875
136549,0.001429832093841026
136550,0.001393205119537145
136551,0.000482942986774599
136552,0.0008891071521006838
136553,0.0027431697860283866
136554,0.0005875059346219945
136555,0.016753642929270268
136556,0.0031043610792513177
136557,0.0011278913996430465
136558,0.0016205253142198943
136559,0.0006998872742568169
136560,0.0029044936017630935
136561,0.002251494355467459
136562,0.0019220536563357591
136563,0.0006436945479986287
136564,0.0003165655120379718
136565,0.010642901713549664
136566,0.0007897805167305276
136567,0.0015340978407247297
136568,0.0009164968836901538
136569,0.0006729707798402714
136570,0.0008266864509585421
136571,0.007844513273874441
136572,0.0019086332307712058
136573,0.0009178079777582322
136574,0.002113702905539123
136575,0.001319101472885309
136576,0.0009296920518403216
136577,0.0013872398342597088
136578,0.0008318266573414746
136579,0.008520541766808921
136580,0.0005511847872116363
136581,0.0028600208066258304
136582,0.000800260931230715
136583,0.0008480251402837901
136584,0.0005198477957230239
136585,0.005459457773253301
136586,0.12363891805068816
136587,0.0006570266576788777
136588,0.0011393052453554247
136589,0.0011625483506866286
136590,0.0007639749260013677
136591,0.004765744290371407
136592,0.013326664128703182
136593,0.006443967218734144
136594,0.0007913629993052698
136595,0.0006409378651832221
136596,0.0006740320975250089
136597,0.0004208303154601659
136598,0.0004707588727379848
136599,0.000680436825329996
136600,0.0005850188832262201
136601,0.006567298655757829
136602,0.0016183431561588367
136603,0.006787496730607129
136604,0.000900186946468931
136605,0.004758153839140079
136606,0.0054697328118066095
136607,0.0037164787837305796
136608,0.005208334299787869
136609,0.0008249066201666948
136610,0.0015404814332689717
136611,0.0007651711760678109
136612,0.001019985268811189
136613,0.0005824607614117806
136614,0.0011346050952492173
136615,0.0011551770684470166
136616,0.0009252976588635668
136617,0.001580208043720333
136618,0.0017612697824921446
136619,0.0005556344919977606
136620,0.0004732471953838563
136621,0.0006144501525914259
136622,0.0008693172862194905
136623,0.000628563264786369
136624,0.003360537191887599
136625,0.000744693428891205
136626,0.0005667450976752517
136627,0.00542496520886534
136628,0.006197084706211818
136629,0.0009130233831462597
136630,0.0005757234782162949
136631,0.001953531653369755
136632,0.0010634458610873738
136633,0.0008034637872450354
136634,0.0017350944604062814
136635,0.002923175435215181
136636,0.01199817441540122
136637,0.0010941785672801795
136638,0.9972910042680257
136639,0.006230459945746215
136640,0.01071672131872898
136641,0.000969924255834003
136642,0.0007075766111037102
136643,0.02183501439467679
136644,0.0005156305197696477
136645,0.00030783943851583824
136646,0.0006185763631555652
136647,0.001629029306661431
136648,0.014966236292519444
136649,0.0005975465150226387
136650,0.0027302519899339117
136651,0.00047559728584798484
136652,0.9963812463194078
136653,0.0009819049739429573
136654,0.0006528846106623414
136655,0.0014137404827582049
136656,0.0012252750966858135
136657,0.001691222619077991
136658,0.0006983061912431813
136659,0.0013257727379850665
136660,0.0028555051019699745
136661,0.00364166066601634
136662,0.004619409910396788
136663,0.0013042298654036156
136664,0.010624985902350668
136665,0.0007826768488325391
136666,0.0006406787953879737
136667,0.016287737071756757
136668,0.0008984890496165829
136669,0.0035453905094108406
136670,0.00121417408467451
136671,0.0005797434269284411
136672,0.006187124680446203
136673,0.0035696543169404914
136674,0.0007024182708251249
136675,0.00139652377491147
136676,0.001835783332016528
136677,0.001315918364693368
136678,0.0008345029527293277
136679,0.0005591078771214264
136680,0.002105620622250964
136681,0.0007514467281025292
136682,0.0006501161354600785
136683,0.0006237405260809185
136684,0.007650961193067893
136685,0.008990315915576003
136686,0.0013581574550794962
136687,0.0012174115112106574
136688,0.0015909203997917102
136689,0.003180888496046419
136690,0.04285501839817529
136691,0.017126381748261366
136692,0.0011013962451273708
136693,0.0006638145531065474
136694,0.0004676072238119129
136695,0.00043135580070705255
136696,0.0012253619068476156
136697,0.0006962733114525901
136698,0.0018965083166683746
136699,0.0014208594390205935
136700,0.010397219467876018
136701,0.0008812579634399143
136702,0.0009269044750552398
136703,0.0038681122616704275
136704,0.0008487581730768664
136705,0.0005434490210992238
136706,0.0006633980711434212
136707,0.0006993805130196537
136708,0.0025738209600018607
136709,0.0020749125551537883
136710,0.0005976595956659073
136711,0.0005686858559124187
136712,0.004054206070186053
136713,0.001840559226390846
136714,0.002668779280874135
136715,0.0022914890494177406
136716,0.0013332226059534365
136717,0.008826441337114639
136718,0.010219484550563228
136719,0.0031920888722073463
136720,0.0012483731214746263
136721,0.0013966949084962613
136722,0.0006343438429729023
136723,0.02358339203937316
136724,0.000504601431578719
136725,0.0010067694069975182
136726,0.0007074103876593401
136727,0.005974054795476951
136728,0.000769872113517486
136729,0.0008234766545550816
136730,0.0010980562311637494
136731,0.005042744222588139
136732,0.0010425019815054767
136733,0.00032619713567549327
136734,0.000532726309322022
136735,0.000643240630657598
136736,0.0010151765716033068
136737,0.0006141245393907725
136738,0.0008491468820464763
136739,0.009208082151382252
136740,0.0018894684545107884
136741,0.012259450317192635
136742,0.00447388355396303
136743,0.0005684568726726754
136744,0.0020965277381721666
136745,0.0025818291054038166
136746,0.0006739603238085042
136747,0.0004218870059274496
136748,0.0005752527929799217
136749,0.0005618753280960784
136750,0.0016642011316948683
136751,0.0007899468865161868
136752,0.0007265437834849541
136753,0.0029624748011350933
136754,0.0010963322792695385
136755,0.00845460045869438
136756,0.033442612118909976
136757,0.0022944056996726664
136758,0.0008288268748394838
136759,0.0007660507878828367
136760,0.0007559037385960861
136761,0.0008111522309029603
136762,0.003661806407976169
136763,0.0005929689766194919
136764,0.0027964728548696837
136765,0.0010668940994410002
136766,0.000901880212643218
136767,0.0021338822252464753
136768,0.000861830929186593
136769,0.0014863017209631722
136770,0.009740514496089269
136771,0.0008851183092989817
136772,0.02606193510085933
136773,0.0005515117132114442
136774,0.0006724014979325348
136775,0.01050387320956066
136776,0.00035265314476912824
136777,0.0005508147874100832
136778,0.0006096170969446086
136779,0.0004813129011613114
136780,0.0071909536916975
136781,0.0046337854601569495
136782,0.000696523337980208
136783,0.0006422929248483676
136784,0.0006847415633122007
136785,0.0008803056944624065
136786,0.0006646438209253248
136787,0.002119204865628321
136788,0.0017484465464379405
136789,0.0005097695675629543
136790,0.0014428658775147503
136791,0.00045860548969381767
136792,0.00217599532230606
136793,0.0011575418722446296
136794,0.00917034221881479
136795,0.0007312594516792644
136796,0.0008847822516499977
136797,0.0006497824772350334
136798,0.006457549226041824
136799,0.0007005809439851223
136800,0.001868095947777058
136801,0.0006726924156420085
136802,0.0011475230709469533
136803,0.002444039831570148
136804,0.000780340774707899
136805,0.0035850639007621267
136806,0.0006393615418112809
136807,0.008795170896330794
136808,0.0004297768435238825
136809,0.0005192365908205502
136810,0.0012791095872711487
136811,0.0018376963041050192
136812,0.0004326949280959562
136813,0.008369380447599415
136814,0.0006876182645205679
136815,0.0008469975515411162
136816,0.002886813775197082
136817,0.000596092743051108
136818,0.0009762581946309861
136819,0.0015780218563681953
136820,0.0005314987059315064
136821,0.001355551465173691
136822,0.0025280337286418234
136823,0.001351320890244913
136824,0.000707924832070704
136825,0.0014583433363307987
136826,0.9966162032211168
136827,0.0010521695922090916
136828,0.0006719577506644227
136829,0.0017313832483542679
136830,0.00057453155301441
136831,0.0005408566218534946
136832,0.0008140639333725002
136833,0.0006651181787532504
136834,0.9911772257521603
136835,0.005981204273893166
136836,0.0009211314938126166
136837,0.0007577042686375096
136838,0.0008059109579057846
136839,0.0007381316817276656
136840,0.007991497358311435
136841,0.0022154248228906004
136842,0.000555134061686113
136843,0.0005190176269551295
136844,0.0007998907976339334
136845,0.002720484746700486
136846,0.0027685251696161037
136847,0.0005560474721936469
136848,0.0004958092349789676
136849,0.0005009780100074589
136850,0.0009165753105195448
136851,0.0006023985915767321
136852,0.0015301383875330457
136853,0.001679870203988904
136854,0.002306363147961158
136855,0.0008122282412505342
136856,0.019455566159074116
136857,0.0015093681250903236
136858,0.0006926752345815019
136859,0.0005830758673842464
136860,0.000892430901440442
136861,0.001031347086928314
136862,0.0028191684845554985
136863,0.0005272738748241585
136864,0.0005830129965833742
136865,0.0010616673128802556
136866,0.0006707942615415176
136867,0.0014683303853025905
136868,0.0011369478855018196
136869,0.0014020617895069616
136870,0.000722504872680568
136871,0.0008024515633450852
136872,0.0006955653562398607
136873,0.0005784749469357888
136874,0.0005982150752890625
136875,0.0006122761256221073
136876,0.0004958160473137928
136877,0.004028629185591732
136878,0.0005743917221472188
136879,0.0011790003717405341
136880,0.001095420437773294
136881,0.003053484879476711
136882,0.000514628516572904
136883,0.0007599270777697046
136884,0.0006197527248380764
136885,0.04798464434285904
136886,0.0004701590115075724
136887,0.0005300552916684203
136888,0.0013691818434939068
136889,0.0008093042116036454
136890,0.049428649924090705
136891,0.0006306317429064286
136892,0.0006215377196043945
136893,0.001803527997521685
136894,0.0004505231101297286
136895,0.003651331060864878
136896,0.0006553206222039117
136897,0.0011250156098462475
136898,0.0016879568664764097
136899,0.0004580724047743404
136900,0.000585436026753314
136901,0.0004683541510624489
136902,0.001213785099659795
136903,0.0007603195086977943
136904,0.00109864299210725
136905,0.0010909008081298657
136906,0.000700255954424847
136907,0.0012230540263952448
136908,0.0005161655056008883
136909,0.0007876654122101348
136910,0.004080773820390541
136911,0.0014397353406094095
136912,0.010303444652461503
136913,0.003235896873000567
136914,0.0005533099334033261
136915,0.003243126496419702
136916,0.0004548812582118473
136917,0.000984471718722659
136918,0.0005516824579107599
136919,0.0007809278699634195
136920,0.0011704487566940992
136921,0.0019348667727509463
136922,0.0005015809870375051
136923,0.0011239313136102947
136924,0.0011132838766973175
136925,0.0011285696058448902
136926,0.20064006783238714
136927,0.00043851768233929713
136928,0.0006521493231800179
136929,0.05060610581298367
136930,0.0037975963827209286
136931,0.002313067092484725
136932,0.0010441120426422116
136933,0.0007431669118486207
136934,0.0013628263361018611
136935,0.0006661894378359587
136936,0.0005625966478766399
136937,0.0005078963694924712
136938,0.0004897988691806797
136939,0.000505054694035096
136940,0.00657819639309323
136941,0.01967071864954258
136942,0.0009030684861327173
136943,0.0006816163185686818
136944,0.013499085473894135
136945,0.0014316546790986678
136946,0.0008288084374420422
136947,0.0008895683700878782
136948,0.003498722529422504
136949,0.0026246169510246416
136950,0.0006284933983868278
136951,0.0018980549392098773
136952,0.0010764674221881193
136953,0.041411881005585016
136954,0.0006241868221919954
136955,0.0007433624911667393
136956,0.0009408247675497059
136957,0.0009723161723299582
136958,0.001160483265289322
136959,0.0005612276400394627
136960,0.9974326992042587
136961,0.0012038075832483206
136962,0.001227612834861663
136963,0.00979361296916983
136964,0.0029566743288845197
136965,0.001764026007633405
136966,0.003740324694064587
136967,0.000689882255371672
136968,0.004290679167250474
136969,0.0007126802464742128
136970,0.0008540833442510373
136971,0.0007332212385612624
136972,0.001383370727437777
136973,0.006141066390147538
136974,0.000995538678739711
136975,0.002563215219070347
136976,0.0006939880858293657
136977,0.006959649244521057
136978,0.0005893730736128049
136979,0.0007124078121334249
136980,0.002520322793034224
136981,0.001013068341808299
136982,0.0005244106455447768
136983,0.006229843443937599
136984,0.0005609871947794421
136985,0.002432650534990403
136986,0.0006435402400919751
136987,0.0007461939876857507
136988,0.0035649138067288463
136989,0.004675754537810991
136990,0.0007686071963855336
136991,0.0005496709072460578
136992,0.0007428839274868284
136993,0.0005352546069994703
136994,0.000880456582045749
136995,0.007579980717569692
136996,0.005221624487547332
136997,0.001539969420909807
136998,0.001573264870620116
136999,0.0037009617614500246
137000,0.0030201926609332488
137001,0.0010943454047178673
137002,0.0012706723641951819
137003,0.0008006595531227885
137004,0.01378208038263837
137005,0.9940639767479307
137006,0.0005567056796063691
137007,0.0006771961406982904
137008,0.0009218209435220767
137009,0.04437135741889642
137010,0.0015973770965545763
137011,0.0007000473015426668
137012,0.01759084739125108
137013,0.000574519452946265
137014,0.0007012599206605827
137015,0.002784154717570584
137016,0.0023412397798926892
137017,0.0005797953449962187
137018,0.0008350470617214329
137019,0.0007299932443533893
137020,0.007349984337290009
137021,0.039534137189290164
137022,0.0005078813402152339
137023,0.001016812094616501
137024,0.0005728804355923314
137025,0.0010774349442719822
137026,0.015930418217332293
137027,0.0009007919508516767
137028,0.0009653322458802818
137029,0.0009518891136888179
137030,0.007457554040767833
137031,0.0015540316169186145
137032,0.00440876788749172
137033,0.0010741175833084893
137034,0.002502752591546162
137035,0.014721381548928016
137036,0.0005927518562708291
137037,0.9955033120559853
137038,0.0006462692104195047
137039,0.0007300192776791622
137040,0.0005925995476367114
137041,0.001244433739321236
137042,0.0015885942632565498
137043,0.001037651214309979
137044,0.0005333775968016468
137045,0.0008076613220265991
137046,0.0005946880636502073
137047,0.0007732990798833791
137048,0.002513195160327453
137049,0.0012763505812583102
137050,0.0013068520549623136
137051,0.0005952484380314523
137052,0.0014864301442535362
137053,0.0005769698933903393
137054,0.00044581783227702794
137055,0.0007099879293831985
137056,0.002559212430372637
137057,0.0006095868000922589
137058,0.0006753259330031227
137059,0.0019566772331860633
137060,0.0007757435774487119
137061,0.0007999279499496317
137062,0.0008262064666596317
137063,0.0011536809112348057
137064,0.0006481307125664986
137065,0.007694166369956165
137066,0.006140914913613972
137067,0.0007482796696974688
137068,0.00047849111810751893
137069,0.022378225136713132
137070,0.0013556750198374544
137071,0.00581182176558378
137072,0.0005404965641521462
137073,0.0006750842214379185
137074,0.0015798186362946816
137075,0.00106422961436235
137076,0.0008551197815094114
137077,0.0005013294720614015
137078,0.0005924699757388536
137079,0.0008434244874612564
137080,0.0007414159195845778
137081,0.0006658569343488272
137082,0.0006090052084224077
137083,0.0013823733786663026
137084,0.0008726004451574247
137085,0.0021298923817857514
137086,0.0016797105625471847
137087,0.0007442778306613576
137088,0.00540703513626457
137089,0.0007898870565796066
137090,0.000627374582743763
137091,0.0008132288499764059
137092,0.008017152631522445
137093,0.0016409467015008937
137094,0.0017908728425145308
137095,0.0006015231577876629
137096,0.0005376494235287823
137097,0.007164503506735233
137098,0.001596861158540465
137099,0.000757931027732532
137100,0.0005677807066025983
137101,0.0009864221432472073
137102,0.0006787364920293333
137103,0.011334568531284625
137104,0.001096955408337149
137105,0.001095820784972948
137106,0.03241933920637677
137107,0.0005045561543606087
137108,0.0008744395356847575
137109,0.000916104775210334
137110,0.006828362459816223
137111,0.04929351307768359
137112,0.9869777590703817
137113,0.007745872386970039
137114,0.0013098483984796566
137115,0.0023301909080527834
137116,0.0033705104146042626
137117,0.0004969531026005146
137118,0.0008843485877856021
137119,0.0033820786118701493
137120,0.025989630142107183
137121,0.0013976541567738677
137122,0.0024215591870609668
137123,0.001137086336711694
137124,0.019304013253237728
137125,0.0007531434768801675
137126,0.0004593600712950277
137127,0.0008032907239567209
137128,0.0006048744167256099
137129,0.0005510013315370619
137130,0.0009916371647596684
137131,0.0010577871360786006
137132,0.0004673052353141791
137133,0.0006217342971644196
137134,0.010920834340393842
137135,0.0009270697608594444
137136,0.000418927449107358
137137,0.0006530879243788201
137138,0.0007372486315878533
137139,0.0006591712767325835
137140,0.004531562776917073
137141,0.0015440171336610748
137142,0.004718047867257177
137143,0.0005784140675902467
137144,0.0005676708660243697
137145,0.0008927650231557658
137146,0.0013155852413580696
137147,0.0005694450848109859
137148,0.0017951720822539908
137149,0.0006907765060900496
137150,0.0023011085915925445
137151,0.000742495466409411
137152,0.0008134622101429504
137153,0.005154565298559258
137154,0.0005708936118251433
137155,0.0006284517928404232
137156,0.0008697111310545516
137157,0.010213767412530926
137158,0.003142899142912551
137159,0.02760409353213295
137160,0.0006796506349734073
137161,0.0009250993341899825
137162,0.0006212077188792284
137163,0.0005854702286980581
137164,0.0012243844489458577
137165,0.000581996866221516
137166,0.0006864598404834321
137167,0.004209575843043269
137168,0.0004732314547493035
137169,0.0031092279398953052
137170,0.0007001755269085385
137171,0.0009353699308785158
137172,0.013450231596918223
137173,0.0012392787893844186
137174,0.000931847254338689
137175,0.0018344526895616195
137176,0.0007131223921359161
137177,0.005580502015616433
137178,0.0012702287428711834
137179,0.0007038905664874442
137180,0.0006980092137812583
137181,0.0005215061398265256
137182,0.0013152360417427317
137183,0.0006479493069606109
137184,0.003191977330653028
137185,0.001960650804723077
137186,0.000495799384674749
137187,0.0006215004331952001
137188,0.002813421781287173
137189,0.0021087420786728645
137190,0.0019875216852922005
137191,0.0009371735339644008
137192,0.009447925034048288
137193,0.0009959098568548667
137194,0.005006159011154098
137195,0.008429053349807446
137196,0.004695346198327351
137197,0.0005701354968265444
137198,0.002203963322217614
137199,0.0007315773857589574
137200,0.0006469883731473604
137201,0.0013316075318775234
137202,0.0012822871282772688
137203,0.0008352954166838797
137204,0.0006147127702371693
137205,0.0005442337432387286
137206,0.0019797349475538613
137207,0.0026604327742538016
137208,0.006075509147359635
137209,0.0006188873602785142
137210,0.0006795758046165504
137211,0.03587741124299636
137212,0.0628826254593238
137213,0.001337787141249482
137214,0.0009594337152107166
137215,0.0026244109384942326
137216,0.0015358057571103726
137217,0.0009127826373455137
137218,0.0031565887664472443
137219,0.0007434090457737583
137220,0.0007462161389000453
137221,0.0009971873916667102
137222,0.0010786795267198872
137223,0.000699429939333768
137224,0.0005992982860972564
137225,0.0005415903531590047
137226,0.0003934348338999547
137227,0.0018829751468035344
137228,0.0032042253402951495
137229,0.0014035646360923072
137230,0.00045825327618776346
137231,0.0007079124187603286
137232,0.0008355241769791221
137233,0.0011343456734924885
137234,0.0019052702268901418
137235,0.0004813702168024671
137236,0.0008412884984712286
137237,0.0004477227048293277
137238,0.000683582582854943
137239,0.0020734678350050858
137240,0.000616210154158159
137241,0.00849775260244913
137242,0.001870214992375662
137243,0.001937704342503856
137244,0.005724026163118491
137245,0.0024157157814570585
137246,0.002534640748647084
137247,0.0005034641696344351
137248,0.0005289304971264831
137249,0.005388226066328407
137250,0.0006126714645089282
137251,0.0009198730275833673
137252,0.0014015913884981616
137253,0.0006270751772397619
137254,0.0006700860455134053
137255,0.005167935452934827
137256,0.006251804459769956
137257,0.001015198408689253
137258,0.0005092247233638615
137259,0.0010584759451109638
137260,0.0015584994449353773
137261,0.0008877816280942138
137262,0.0013858533262553956
137263,0.001063471503278626
137264,0.007932773790619827
137265,0.0008277477921489597
137266,0.0007639447506120479
137267,0.0032985441246073154
137268,0.001121956644016634
137269,0.0009152170538624742
137270,0.0006831055732115969
137271,0.0013761134209388606
137272,0.02091663020371846
137273,0.0006237789262990855
137274,0.0005678669700942449
137275,0.0007603258988160627
137276,0.0007856809325193195
137277,0.006101208808065533
137278,0.0005747197222812362
137279,0.010937299362461326
137280,0.000771803226826067
137281,0.000972066971952924
137282,0.0009339930556679886
137283,0.0006811803073873821
137284,0.0004955702222917634
137285,0.0005663082467770022
137286,0.001920477558868307
137287,0.0033222858962578808
137288,0.004196747330896615
137289,0.0016920033281718721
137290,0.0005162408795063344
137291,0.0017523097283093617
137292,0.0006840298786970147
137293,0.0005507212638572927
137294,0.000907439645138734
137295,0.0004673594982935375
137296,0.000696390592859161
137297,0.0024133506754068067
137298,0.0011185295604877773
137299,0.0011037256387927314
137300,0.002098676200825319
137301,0.008905150785055075
137302,0.0007697980302735864
137303,0.0009995725481302998
137304,0.002951171781505075
137305,0.003331315032599474
137306,0.00397753476921378
137307,0.004164717230020704
137308,0.020151384200799913
137309,0.0008650518304011749
137310,0.0005678360068731516
137311,0.005220386408849221
137312,0.01588481214212348
137313,0.002358544464849286
137314,0.0007624827167002834
137315,0.0010937365587340012
137316,0.0039089822451229255
137317,0.000726377144089921
137318,0.00041666172909927046
137319,0.0018090749672222913
137320,0.0009064790391951834
137321,0.0003540213963409575
137322,0.000709294095018295
137323,0.0022450547458427858
137324,0.004111784806385211
137325,0.011210996245239881
137326,0.0006963314257957754
137327,0.0019208647289344944
137328,0.0011655255841632388
137329,0.0017413547578224611
137330,0.002835953617386572
137331,0.002095653036776162
137332,0.004311994209031306
137333,0.0030405336309249943
137334,0.0005027809561545826
137335,0.0008613590680823624
137336,0.004773060960216024
137337,0.0005162593064430724
137338,0.002085826976250784
137339,0.0008743021439590031
137340,0.0007246506328584155
137341,0.0012298721875984193
137342,0.0007725504193958608
137343,0.0006829600838318427
137344,0.005840005664388718
137345,0.0007233353801873567
137346,0.0007720344350389283
137347,0.002475610393958976
137348,0.0005203550080777294
137349,0.0015012685054453393
137350,0.00047605210637970314
137351,0.0015441372516941856
137352,0.0004388980989486758
137353,0.0027435282929998443
137354,0.000667157873501583
137355,0.0005321540735697042
137356,0.0007012959285042123
137357,0.0004325522600040541
137358,0.002537483282156699
137359,0.0007520297981785266
137360,0.0007027749550802081
137361,0.0006839359904208095
137362,0.0008876394417215382
137363,0.0005432697670935401
137364,0.005857385289372053
137365,0.0007408115341445024
137366,0.0014433256267101825
137367,0.019128769493973213
137368,0.3043394580458497
137369,0.0005586057101310516
137370,0.0008239591403197715
137371,0.0018019417113568303
137372,0.0007835599856366231
137373,0.0009030152378027142
137374,0.0006296195246520016
137375,0.007757303352278665
137376,0.0061302391671192065
137377,0.0007349439506914685
137378,0.0004161296829359608
137379,0.9465517108623174
137380,0.006623039211097377
137381,0.0004515909337233687
137382,0.0006907767063862621
137383,0.0019245083363064648
137384,0.024215093583138295
137385,0.9959468041306998
137386,0.0009788819441854991
137387,0.0022356933452027422
137388,0.0007639689341707322
137389,0.000703178831097695
137390,0.0022821057510382966
137391,0.001228454488492636
137392,0.0010614801371921637
137393,0.0009515465610147526
137394,0.0006081317540503647
137395,0.001223044707439897
137396,0.0009021135124850175
137397,0.0008255045498728624
137398,0.0005590592289714186
137399,0.011832705232672634
137400,0.000527990965325428
137401,0.0007126087483794961
137402,0.006147829877164201
137403,0.0018030763714731958
137404,0.0018291352032188432
137405,0.0013561639145565137
137406,0.0004898367015613736
137407,0.00080633583832472
137408,0.0015447950896756877
137409,0.0015757528278913945
137410,0.00046512030170181714
137411,0.000694983757840986
137412,0.000706759157343974
137413,0.002295450844242962
137414,0.0044844052900148085
137415,0.0006894900560589961
137416,0.00040962273548646893
137417,0.013145875005754405
137418,0.0007711348733837485
137419,0.004175667703953904
137420,0.0023213018344975726
137421,0.0006669011023299142
137422,0.0008693210112147941
137423,0.0011995578941185088
137424,0.0014275631298997086
137425,0.0007272492219910643
137426,0.0012474093298075742
137427,0.0014778571126049457
137428,0.0016110983607946735
137429,0.0007054967407395593
137430,0.0012927260405907895
137431,0.0005496910360533961
137432,0.0005512472700980589
137433,0.0017947516973083125
137434,0.0043806150071215985
137435,0.0009821206633608272
137436,0.0006319708799151912
137437,0.996709838713313
137438,0.0006219286700516004
137439,0.0005209786009970277
137440,0.0018658527065573962
137441,0.0009469594681705956
137442,0.0016578922626562529
137443,0.0012309344126101875
137444,0.0018467625463175724
137445,0.0022423494206581115
137446,0.0009756352341180627
137447,0.0028635476367970987
137448,0.0011136160260470681
137449,0.003153734901113762
137450,0.0013529891560928845
137451,0.0008832412388138299
137452,0.0004593102642056138
137453,0.0006375049150911998
137454,0.009063785585193017
137455,0.0017432231168384791
137456,0.0003414929874097481
137457,0.002441118722134985
137458,0.00485727457024308
137459,0.0008309473880849091
137460,0.0012230237402346307
137461,0.0010200285978827822
137462,0.0006029861350951612
137463,0.009978557212702167
137464,0.0005174682834252595
137465,0.0005537468626600957
137466,0.00046026301873203576
137467,0.01912453831090288
137468,0.0006057088560758235
137469,0.001366711458606445
137470,0.001029376147822004
137471,0.0014929600014136788
137472,0.0010793411784756131
137473,0.003250743342994837
137474,0.0008608360394890191
137475,0.0043964999879314934
137476,0.0013325552116797187
137477,0.004708070635884892
137478,0.025822333667103542
137479,0.0020889723761324274
137480,0.002281280461867069
137481,0.0004797148569450358
137482,0.0008693208090059207
137483,0.014177850089347582
137484,0.0007916022077083095
137485,0.0004206153572681898
137486,0.004685106119673814
137487,0.02254974048671899
137488,0.000552687466964363
137489,0.002977669606469527
137490,0.0016761785251110058
137491,0.000884373317049656
137492,0.0015017940066575294
137493,0.021825219536152872
137494,0.005897300758356958
137495,0.0009073231387163321
137496,0.0006211560154733135
137497,0.054968127399747685
137498,0.0017190529422692964
137499,0.0008730426106353156
137500,0.000522037221756593
137501,0.0006955756936599152
137502,0.0006549419232736243
137503,0.0014793793276012231
137504,0.08191698665457428
137505,0.0006515798622432599
137506,0.0006713385219673246
137507,0.00724996241529479
137508,0.0014706804011644587
137509,0.002513071841583118
137510,0.0008508900304498029
137511,0.0008580234825636032
137512,0.000515706242974047
137513,0.0013607411942584908
137514,0.0008923992446012167
137515,0.000446014922815003
137516,0.0005667050508439135
137517,0.0004218324924873346
137518,0.0007836068775801912
137519,0.0027507232719244444
137520,0.0026178246200088432
137521,0.0005733320654197333
137522,0.00045239545566103274
137523,0.004191698570883622
137524,0.0014799428838914348
137525,0.0006473127750467827
137526,0.0013887908786636175
137527,0.0018930801257010734
137528,0.00997954684789419
137529,0.0011369842434305057
137530,0.0015831011202864216
137531,0.01632282389693839
137532,0.0010202843991335621
137533,0.0006947509083457174
137534,0.0017461373371809395
137535,0.005053962255215852
137536,0.004462659235682472
137537,0.9964651752125473
137538,0.0024926948159561604
137539,0.0004536650843594634
137540,0.02668300955370745
137541,0.000633875454202556
137542,0.0006592961094086496
137543,0.001520438943505003
137544,0.0006231930871795531
137545,0.0005857332878594003
137546,0.0008879563016022889
137547,0.0004986745573929592
137548,0.0004013415710984641
137549,0.0005266526786452941
137550,0.0005914773815056307
137551,0.0014135783855243433
137552,0.0006302925951211062
137553,0.0007928543719803991
137554,0.019015814125573384
137555,0.0007178982466785312
137556,0.001109335426394056
137557,0.0014890175723560168
137558,0.0006933335521464309
137559,0.0020309400521942612
137560,0.0009153742185510615
137561,0.0007862366637595216
137562,0.002455033391512925
137563,0.0006670160285569358
137564,0.0018948310151330758
137565,0.0011816878704051057
137566,0.0007493571080011597
137567,0.0008281642479907845
137568,0.0007578817793936089
137569,0.0005481534074915086
137570,0.0005681420357286091
137571,0.0005939954231373122
137572,0.000999963672577374
137573,0.021939765582019568
137574,0.01096305286792719
137575,0.005091343565817313
137576,0.0008137957593494917
137577,0.001002245440749114
137578,0.0005743017456640428
137579,0.0004627485713736948
137580,0.0018477446906264069
137581,0.0010330178654131923
137582,0.0012312579513561587
137583,0.0006522341933498008
137584,0.0006278584607346928
137585,0.0005112786087652367
137586,0.0015539255485445848
137587,0.019797237073626066
137588,0.0006789654889236129
137589,0.004358412366885585
137590,0.002117920461029551
137591,0.0022027857526572174
137592,0.0007342800567054194
137593,0.001284531172786067
137594,0.002744063521618587
137595,0.0014280678289406525
137596,0.0029279800393824497
137597,0.002452340692565699
137598,0.0009963243041897995
137599,0.0006379835616416355
137600,0.0006130638621272395
137601,0.0008089834128850487
137602,0.004370526685257054
137603,0.000629456041700019
137604,0.0008846621471667578
137605,0.0016733765707423254
137606,0.002517827914680346
137607,0.0008946959791590128
137608,0.0011147837378410492
137609,0.0006494831628728074
137610,0.0028607456185006748
137611,0.09021744178442057
137612,0.0010241626702918824
137613,0.001065015089616669
137614,0.0004787140115852994
137615,0.0018150368614472158
137616,0.000644860091227898
137617,0.0009889330744215566
137618,0.0005721456065110232
137619,0.0009308696281800808
137620,0.0007669908160533437
137621,0.0005360668042212048
137622,0.0023690300363515514
137623,0.008876397955396543
137624,0.0011520257796555757
137625,0.0008552750556020308
137626,0.0006246771068885038
137627,0.0014169368413273885
137628,0.0005717772821900914
137629,0.002381623391671397
137630,0.996809948046306
137631,0.0006590449696318214
137632,0.0014175908361939687
137633,0.0007079659934063981
137634,0.006686118309351902
137635,0.000693103947632847
137636,0.0026076591058114083
137637,0.0008197155384980449
137638,0.0005272645668708412
137639,0.002502946017389326
137640,0.0007046583360387211
137641,0.003113700634533018
137642,0.0019309793337163742
137643,0.0012963706742671992
137644,0.0006246487232507548
137645,0.0015978566728846112
137646,0.005471050488990393
137647,0.0005891413437252692
137648,0.001771347010393236
137649,0.0006784380953691982
137650,0.001298763075728617
137651,0.0007230474035797262
137652,0.0006661654670238541
137653,0.0005397538577966049
137654,0.004070361758898879
137655,0.0006462416756471371
137656,0.00047953415370416305
137657,0.0017922053752925339
137658,0.0010261977705924804
137659,0.0008017700066518391
137660,0.0033701757707522203
137661,0.0012459628382793671
137662,0.0006633970967218313
137663,0.0008899208339869786
137664,0.006799329972907371
137665,0.0005971270540978163
137666,0.000426928401719499
137667,0.0005407537562704431
137668,0.0011928383295842524
137669,0.015621928220643767
137670,0.005041667738745196
137671,0.0013708545295293753
137672,0.001313099233682155
137673,0.09801996630567522
137674,0.00577613445057669
137675,0.0012040680204193689
137676,0.0023914820755812586
137677,0.00255429030109765
137678,0.0010208428618294033
137679,0.008962228949070112
137680,0.0005137063507098124
137681,0.0008743099349808423
137682,0.0006176275281469418
137683,0.0014747666121224098
137684,0.0005542587937041384
137685,0.0007746741361876441
137686,0.0053474351984443575
137687,0.005113398508010857
137688,0.0011242787592221691
137689,0.0014099701214054202
137690,0.002003119235189475
137691,0.10906728127134296
137692,0.010659395380488837
137693,0.00040074851601236465
137694,0.0006136653271138863
137695,0.0004780923854583832
137696,0.0010252734879782773
137697,0.0006467313967860379
137698,0.0014864830123991354
137699,0.00492956109839518
137700,0.0006121313628270928
137701,0.0014687654630229426
137702,0.0011220566607073018
137703,0.0007838681222004841
137704,0.0005242831010758094
137705,0.00200238904383765
137706,0.0005025601435663413
137707,0.0023731212046122427
137708,0.0062330382617373035
137709,0.0010817243850793719
137710,0.0005389549835980776
137711,0.001055047132391
137712,0.010327535644129849
137713,0.0008865069564890208
137714,0.002591192376067041
137715,0.0007973515636002287
137716,0.0005277153430013804
137717,0.0009160773539689415
137718,0.0021127575986519785
137719,0.0024903603571774977
137720,0.0328652273752357
137721,0.0011081222872307886
137722,0.004668108449608336
137723,0.0008150707505282894
137724,0.0017453352932736014
137725,0.018013326306004177
137726,0.0008108137120292848
137727,0.005008942634542499
137728,0.0007508785181213106
137729,0.001095836390760918
137730,0.0007682372928657991
137731,0.0004998154283230434
137732,0.0005217597644290732
137733,0.0005768564790108005
137734,0.0008775597321673847
137735,0.001446316152995419
137736,0.0011905579325706365
137737,0.0032048963416659174
137738,0.0010027404930450256
137739,0.005236708745982621
137740,0.0010896686077594773
137741,0.0016995984948734721
137742,0.0006645512650776391
137743,0.0005840748044580136
137744,0.003402584591124822
137745,0.0006868888999316356
137746,0.0006594759665645999
137747,0.0007577980454900105
137748,0.0014183829319675198
137749,0.0020509635261487624
137750,0.0007856863762014949
137751,0.021536961669077814
137752,0.000988382488744353
137753,0.001187452768965567
137754,0.002430897032492632
137755,0.001510082436395616
137756,0.0009538710415008028
137757,0.002632625774157187
137758,0.0009108058853181025
137759,0.0005494024043569846
137760,0.0012207226108575902
137761,0.0007959286894740761
137762,0.0005521758879862708
137763,0.0006913483757349021
137764,0.0003337498386269349
137765,0.0008383910438339213
137766,0.0005992537506308564
137767,0.0005088767049217307
137768,0.0004946132385449905
137769,0.0012378475495376908
137770,0.0025445499343705958
137771,0.0012872553709978303
137772,0.0007724750677979783
137773,0.0007627175780245755
137774,0.010064348212109105
137775,0.0009062983166860659
137776,0.006613181858353044
137777,0.0005470742633066572
137778,0.0007078924259128437
137779,0.0009864281085031452
137780,0.0008769717768178547
137781,0.00257266380501013
137782,0.0008364213137116373
137783,0.0005279770720008215
137784,0.0005492640755860997
137785,0.0056889385994699036
137786,0.0007891643423079795
137787,0.0010056457480631734
137788,0.005414606792904746
137789,0.000678607683803509
137790,0.004345600034799481
137791,0.0007506619018331883
137792,0.0017048976878330751
137793,0.001131659396388531
137794,0.0014940345795451965
137795,0.0011551534101620843
137796,0.003917584664819502
137797,0.0005177107431139208
137798,0.0010373042620960243
137799,0.001118779115730987
137800,0.001972729976877172
137801,0.017374839511116638
137802,0.0020687883521732326
137803,0.00043939827010584245
137804,0.0006499838176476927
137805,0.0006970908652523644
137806,0.0006357417131527179
137807,0.02435970109890958
137808,0.0014820408377334508
137809,0.9973474548968244
137810,0.0010539485991857877
137811,0.0010408413629463392
137812,0.0005609071243111275
137813,0.0009092504772316933
137814,0.0017519112495367488
137815,0.3492914455345635
137816,0.00140115403252689
137817,0.004647274514563173
137818,0.002876882533711629
137819,0.0024728818546814546
137820,0.0008565315229893599
137821,0.0005137665305653633
137822,0.014317195030831486
137823,0.001091860301466537
137824,0.0005429085623922557
137825,0.011512251284055492
137826,0.0006572148981013212
137827,0.0008764431182851655
137828,0.0009402908424957172
137829,0.0005746763217943481
137830,0.001960154972954321
137831,0.003779874091476234
137832,0.0011356218999217082
137833,0.020152187551509965
137834,0.0012629549174685392
137835,0.0005623596315741375
137836,0.0007796221891470327
137837,0.0020488329100412967
137838,0.000552634955418305
137839,0.0019401589809478672
137840,0.00047224426297344345
137841,0.001555060273462883
137842,0.0006375777366705059
137843,0.002289397086514539
137844,0.006527978858979237
137845,0.0008493940220716944
137846,0.0006170193067810605
137847,0.0004975041463764614
137848,0.0037204691170566427
137849,0.0006120715584924741
137850,0.0008131036858550415
137851,0.0007040889113251955
137852,0.0024186826614075348
137853,0.0007949235158332441
137854,0.01626354927487189
137855,0.0009536286490338918
137856,0.0008610669594640399
137857,0.0012657515227917108
137858,0.0012643004875211644
137859,0.0005883668140640554
137860,0.0038966185466791908
137861,0.002141753531273446
137862,0.00036122764630769133
137863,0.001225633361358305
137864,0.01197210807925571
137865,0.000769830035928861
137866,0.000613933971038328
137867,0.002442583459025157
137868,0.000538650511379822
137869,0.0006828467612209756
137870,0.0007307137891463337
137871,0.0072386105125179945
137872,0.0022865337283878005
137873,0.0005134035249427976
137874,0.0007091044912862178
137875,0.0034660094643556745
137876,0.000726589791702408
137877,0.0015948723948251298
137878,0.0005213381160552975
137879,0.0006630989795922209
137880,0.0015609514213681852
137881,0.0010570048181774345
137882,0.0007640012825158444
137883,0.0006950068659291604
137884,0.0050123072287040354
137885,0.0059975375412246994
137886,0.0053188234550501905
137887,0.01035777794796984
137888,0.028862263722940342
137889,0.04810886254518631
137890,0.0006554805635436887
137891,0.0059139150869935994
137892,0.0019698473910945485
137893,0.00180327906367936
137894,0.0008718470592225572
137895,0.0023082494184664968
137896,0.018033453358653438
137897,0.0014021090015161127
137898,0.0039290828916255845
137899,0.0004616437420816111
137900,0.0004656206448117141
137901,0.000849497767187981
137902,0.004112051045145804
137903,0.0009680003646206029
137904,0.00042368284925278917
137905,0.0010085180371170175
137906,0.003870064534105588
137907,0.0008822284885150009
137908,0.0011923479775018723
137909,0.0011813289755547795
137910,0.0013333294263969922
137911,0.0004998895139967239
137912,0.0008174812491589889
137913,0.0006489874048441456
137914,0.0005605442531055757
137915,0.0012023583467149726
137916,0.0012287905111048913
137917,0.0006745829511191691
137918,0.0013022803505141319
137919,0.009224174960770359
137920,0.0006445580055129157
137921,0.006918758555664109
137922,0.0009786491468921341
137923,0.0023262786112034518
137924,0.000695792849610079
137925,0.007502899960662013
137926,0.0008050307592102365
137927,0.0004832716788823249
137928,0.001576790436304859
137929,0.0008423332455393395
137930,0.010401216531116936
137931,0.001240549386938532
137932,0.019263423507013405
137933,0.009591581662131792
137934,0.000514090400904499
137935,0.0010340938980576502
137936,0.00039495739156548564
137937,0.0020294428402725293
137938,0.0007036380518417551
137939,0.010908382418839773
137940,0.0017750423309112458
137941,0.0005505435998823237
137942,0.0010814947421530663
137943,0.0009412616071008903
137944,0.001318008381119808
137945,0.0009288310324230018
137946,0.0005892027967036606
137947,0.05212276742904948
137948,0.0006414447539568562
137949,0.0008620849889792478
137950,0.0010006941651546145
137951,0.0012334971673954038
137952,0.0019746003865694093
137953,0.0009987822911737138
137954,0.0010444136983806679
137955,0.0008748002738748549
137956,0.004327968387317737
137957,0.045072135985043296
137958,0.008053076115256368
137959,0.0025399918007735045
137960,0.0006718653816040856
137961,0.0031093908394448635
137962,0.0013984921750936946
137963,0.004750464245106134
137964,0.0006682138931961056
137965,0.008374380321937878
137966,0.0022865272757287293
137967,0.0006878088130040305
137968,0.027655095231163503
137969,0.0008754462841738531
137970,0.0007941040903954049
137971,0.0007785092431141968
137972,0.0012514632048592415
137973,0.0006863754045343932
137974,0.0008640256976949925
137975,0.0007566277838491698
137976,0.0009500872265108613
137977,0.008457398666005284
137978,0.0007667021311222222
137979,0.0006879314043750675
137980,0.000672985509554286
137981,0.0015953246637538548
137982,0.0008915666590820035
137983,0.0011209493258992928
137984,0.0011477589032653653
137985,0.021935436620124656
137986,0.014711834446054367
137987,0.0006116571796775756
137988,0.0006980942247006009
137989,0.0009525537047215293
137990,0.00048618493748121334
137991,0.001159513418727673
137992,0.0014795890940451535
137993,0.0009360585778893579
137994,0.0004946931395470092
137995,0.0007175058099523806
137996,0.0007860778411038413
137997,0.004489150333064514
137998,0.0007589864488691975
137999,0.9961767539167242
138000,0.008264065473372773
138001,0.0006338100976618931
138002,0.0009429834361157828
138003,0.0027104031507517857
138004,0.00997090096776616
138005,0.0024901928056272563
138006,0.0006925265509963622
138007,0.001387053015772606
138008,0.0005864484077427249
138009,0.001239453978631766
138010,0.0006466390503211
138011,0.0004916332602295889
138012,0.0010369764584859968
138013,0.0014535491333895535
138014,0.0007175172729308858
138015,0.0007271959939441126
138016,0.0011972456091139394
138017,0.0018949746151784223
138018,0.0009398593634772493
138019,0.001145001324071351
138020,0.0021050968574681827
138021,0.0005167177852122339
138022,0.00547047752262513
138023,0.0022932784495593053
138024,0.004144934638880231
138025,0.0012779854181102254
138026,0.005111285480223263
138027,0.0012028048564872345
138028,0.0005765185793343238
138029,0.00305237405988101
138030,0.01599589628518966
138031,0.0016352249812460614
138032,0.003179763421698522
138033,0.0006674915325971023
138034,0.001854209334828098
138035,0.0048016339350259694
138036,0.0005362320245969214
138037,0.0013838218024752624
138038,0.0008241549026256641
138039,0.01010051292576683
138040,0.0012164501260737003
138041,0.0004536641219031722
138042,0.0006670312803815975
138043,0.009660422208877638
138044,0.0038006625975341253
138045,0.026364704518519973
138046,0.0023559762246887763
138047,0.001285769159617167
138048,0.0003962344550085378
138049,0.0006915360987776527
138050,0.0012816846563424766
138051,0.011669510588456746
138052,0.0016759060426693286
138053,0.0013979082816285612
138054,0.031000273984888103
138055,0.0008408225360796001
138056,0.0015834397575524872
138057,0.0004953021239313658
138058,0.003890792690258109
138059,0.006025913888975705
138060,0.0012286596076389238
138061,0.0011417920038122797
138062,0.0019080827462498008
138063,0.0011824649958926039
138064,0.000979830524894332
138065,0.007564952439390675
138066,0.0015661123031823934
138067,0.0016103813610171378
138068,0.0008780971294183118
138069,0.000620680475596902
138070,0.0010968246268242719
138071,0.0008502913886975705
138072,0.003158494154326991
138073,0.0006066455869406038
138074,0.001326603732825369
138075,0.0020531689990575504
138076,0.0011765455778590859
138077,0.0006359173198781799
138078,0.0006812302953412227
138079,0.0011898189485158124
138080,0.0032138502678239356
138081,0.000725843216576262
138082,0.0012239398889123516
138083,0.0006600906630711677
138084,0.0013986325600153838
138085,0.0005246257994055835
138086,0.0008445602866870879
138087,0.001545428880896955
138088,0.0012192670844028406
138089,0.020297211532585298
138090,0.0005486052227682154
138091,0.0018953258005955493
138092,0.0008680922990041717
138093,0.000589511187121103
138094,0.008823667337079625
138095,0.0007212916990870958
138096,0.0006689346615171288
138097,0.002611313787434926
138098,0.0009797524624511546
138099,0.0007117711685821526
138100,0.004402907254494717
138101,0.006196820707016569
138102,0.005080244205976031
138103,0.003465113953724321
138104,0.0019560509897288024
138105,0.001188701146671379
138106,0.12211789210958526
138107,0.0035102506303917105
138108,0.0008969521487433951
138109,0.0053745590336794664
138110,0.0014987835770252297
138111,0.0004327455893583296
138112,0.0016401607308585927
138113,0.009197998404901167
138114,0.0008835949001985684
138115,0.0004168509116092034
138116,0.0022355345330853675
138117,0.0004799729799587465
138118,0.0008899020826738829
138119,0.0008871965758669281
138120,0.006876226584861577
138121,0.005771507826163938
138122,0.001796616813356763
138123,0.007866005379362816
138124,0.0010444458043241008
138125,0.005474359412116299
138126,0.0016662751290591887
138127,0.0008556261440466504
138128,0.0017638613132395248
138129,0.0006808967512797011
138130,0.20276875401594774
138131,0.0014841095042571611
138132,0.000682766971327175
138133,0.000634992227275447
138134,0.005537538677567201
138135,0.0010371738883173673
138136,0.0003801123023871553
138137,0.0013519827065841606
138138,0.0009931121556132896
138139,0.0010782324868330207
138140,0.0021925120805539895
138141,0.0021630150424109453
138142,0.0005739929531482838
138143,0.0007650880652657464
138144,0.0006003299909896323
138145,0.0011926168368114332
138146,0.0008885609854296823
138147,0.0004050411944036038
138148,0.004812347841491702
138149,0.0042907711370362665
138150,0.0007393660219646723
138151,0.0035087728362957413
138152,0.015246909657082603
138153,0.0005929453795382389
138154,0.07240003031928734
138155,0.2005377983037512
138156,0.0007169221953873572
138157,0.000559993806443765
138158,0.0007927969805789653
138159,0.0007755299776576661
138160,0.0009497025950528598
138161,0.0011583493902473604
138162,0.001774785956572305
138163,0.0005755872149859195
138164,0.0005976087408176103
138165,0.00853819548864275
138166,0.0007400027224094723
138167,0.0006700725751021414
138168,0.002388808890322433
138169,0.0006428418945848561
138170,0.003932037506166207
138171,0.0010586784292375626
138172,0.0010377519875305274
138173,0.0008681539560339905
138174,0.0023785831578849903
138175,0.0008978174135674374
138176,0.0004787530537533211
138177,0.0011859585431796978
138178,0.0006128623993602045
138179,0.0013072256058131167
138180,0.0005218462741690665
138181,0.005626539877484295
138182,0.0008145336129004191
138183,0.001973493450247236
138184,0.0024966067043823087
138185,0.003579316046458312
138186,0.0009387739358178845
138187,0.0007418371590392662
138188,0.0036834277454086627
138189,0.00530124700921325
138190,0.0005874929013459871
138191,0.000836208889432329
138192,0.001056883196935094
138193,0.0021648728152884582
138194,0.007142698131255051
138195,0.022697987868211495
138196,0.0007185241412538696
138197,0.000877951490434532
138198,0.0005903119373435026
138199,0.0017025380808036693
138200,0.0007247400066375921
138201,0.0006093956003164222
138202,0.0006876711284582446
138203,0.0007177089882231585
138204,0.001202822428713751
138205,0.002639836703484406
138206,0.0009700087125902958
138207,0.0010233526055849292
138208,0.6739949356413757
138209,0.0071261523779288655
138210,0.0007125179372251607
138211,0.0014383775929718544
138212,0.0005760067745428078
138213,0.0006052067004201128
138214,0.0005814090782187611
138215,0.0006668783087646191
138216,0.9849772291471199
138217,0.0006117163146156635
138218,0.0006145705209112721
138219,0.007441843914764771
138220,0.0005552899961648984
138221,0.000563667457515197
138222,0.0008049867991246581
138223,0.0007399857334606838
138224,0.0005531318378446322
138225,0.0007210603722789426
138226,0.0005596323869650966
138227,0.0011204449038907769
138228,0.0011573708039665097
138229,0.0007621908677021211
138230,0.0012646747391820434
138231,0.0007806995633472836
138232,0.0010378678473922862
138233,0.0008813264587395907
138234,0.003839615669228272
138235,0.0006002465494072929
138236,0.006195899984570364
138237,0.0010479608914813218
138238,0.007850339128223926
138239,0.0004054433639434702
138240,0.001622447960044441
138241,0.014233614182089068
138242,0.0006061165358796108
138243,0.045013055717657784
138244,0.003740702716450668
138245,0.003561489000708776
138246,0.0012314671174535011
138247,0.0007041434823318716
138248,0.0006395908459634576
138249,0.0022343842097792997
138250,0.0016423269137713385
138251,0.0005723965455502527
138252,0.001366582108302664
138253,0.0007288857438578224
138254,0.0005296845161923495
138255,0.0020071299571904197
138256,0.001138448997213836
138257,0.0362779593963979
138258,0.004578065234928699
138259,0.013654006030131303
138260,0.0076683635347435004
138261,0.000543540212895334
138262,0.0007699434247495291
138263,0.0010443562795211662
138264,0.002962534326111808
138265,0.02924248470122783
138266,0.006774923658073568
138267,0.000887213162937905
138268,0.000705363293421409
138269,0.0005767237875447521
138270,0.0019644920027199995
138271,0.01854032954746198
138272,0.0006876897770325022
138273,0.0005914692307044872
138274,0.0018918056212291114
138275,0.0007379555005473856
138276,0.0007983010833482781
138277,0.0008617331405900489
138278,0.0005802922766856109
138279,0.0011508418154815522
138280,0.0007602472822433315
138281,0.0018557213663418488
138282,0.005136144005933061
138283,0.0006689794034101644
138284,0.0019629691287798715
138285,0.0006098252132446418
138286,0.0007337453379114481
138287,0.0008569932824533341
138288,0.004459450134920059
138289,0.0006491729329682013
138290,0.00074910050463702
138291,0.0014055548836495661
138292,0.0007160661913465491
138293,0.0014248780243014344
138294,0.0006174190155858844
138295,0.0006657918251008606
138296,0.03555288022310075
138297,0.0006730322752106346
138298,0.0005906500750316554
138299,0.00410283686659185
138300,0.0011191542355797337
138301,0.000880273674434509
138302,0.00282392142759559
138303,0.0006471824944803755
138304,0.00253164803229776
138305,0.0012657184229269008
138306,0.0007616039445975788
138307,0.00037792335150997646
138308,0.0004904624747718054
138309,0.0007953016128308494
138310,0.012751366743199943
138311,0.0005939287551101657
138312,0.0009794106528889588
138313,0.008877613831131538
138314,0.0005056170205537281
138315,0.0014221756048659188
138316,0.016814555126515186
138317,0.002691180514664216
138318,0.001099308848807386
138319,0.0005566952915309245
138320,0.0017437948424151102
138321,0.025066158160769406
138322,0.0007605916869311679
138323,0.0005742067733697264
138324,0.0008177141124964917
138325,0.001504354520265427
138326,0.0009667252876741118
138327,0.00379783077152278
138328,0.0010583861645906132
138329,0.0005137881918020665
138330,0.0009487789869482024
138331,0.06640591634749668
138332,0.0008244584261411572
138333,0.000841699430329975
138334,0.0021829934060388564
138335,0.001865374377857041
138336,0.9961933330982392
138337,0.0005897654736922853
138338,0.002269378226709004
138339,0.0008084821211102242
138340,0.0025796336188807344
138341,0.005393462436942479
138342,0.0010380966740242293
138343,0.0007735590180615213
138344,0.002168117261800321
138345,0.0007678908492195222
138346,0.0014488919076401769
138347,0.001885084896259153
138348,0.0010423018567198177
138349,0.0005109700219928608
138350,0.001265818890565246
138351,0.0020682544345486556
138352,0.0009372970826696206
138353,0.001986844287879646
138354,0.0008158228435582234
138355,0.0016101081371114314
138356,0.0025282306007133513
138357,0.0037604343855905603
138358,0.009215990477573079
138359,0.000764234069840553
138360,0.0013699892149560595
138361,0.0016233906603775087
138362,0.0009131573266971042
138363,0.006856251586848371
138364,0.0015793079092499072
138365,0.000812983956668448
138366,0.0004745376656937174
138367,0.004620359763490557
138368,0.000991076955209355
138369,0.0017298460285885596
138370,0.0005423283360948812
138371,0.0006364851954739713
138372,0.003399102805776301
138373,0.0007743346867024605
138374,0.0021387307418952724
138375,0.0026538097097811094
138376,0.0006020210752887535
138377,0.005092345595000084
138378,0.0008933724720448263
138379,0.010725657714567845
138380,0.0019581596245321496
138381,0.007761443040241076
138382,0.0007578295296367598
138383,0.001033092833234699
138384,0.0006676083233903087
138385,0.0011022934396433639
138386,0.00939014205426911
138387,0.00045091096166086976
138388,0.000629276862955322
138389,0.0013529347433616596
138390,0.00219036110900975
138391,0.0007380913807363988
138392,0.0006610268617511826
138393,0.005977212653903054
138394,0.02457526939367116
138395,0.0009427747508593261
138396,0.0005898503806091239
138397,0.0024032532250500994
138398,0.0010601512109815019
138399,0.0007772125062948556
138400,0.0006091648411537095
138401,0.0008641462377177424
138402,0.0009869342978332868
138403,0.003419357176970027
138404,0.0008771396499652625
138405,0.0006846801460734246
138406,0.0005797728153594691
138407,0.0009998357961556713
138408,0.0011910379188250187
138409,0.0024222760149369437
138410,0.00047132158196476823
138411,0.0009552468887082255
138412,0.0014635766134419958
138413,0.0008337443308638046
138414,0.0006644212669273186
138415,0.012575908191098445
138416,0.0009262208352766707
138417,0.0020009270431034717
138418,0.0021550007691162453
138419,0.0021944557360415807
138420,0.0007917490984237608
138421,0.0007855938282539837
138422,0.0029690501968033045
138423,0.0045817291812031485
138424,0.000912996849996946
138425,0.0008949141404448205
138426,0.000734945113910322
138427,0.002164621606711051
138428,0.01866961248359628
138429,0.0009288329373867343
138430,0.00067862088716643
138431,0.0005440136102862019
138432,0.0015962883519393067
138433,0.003629190961457784
138434,0.0004850053219161242
138435,0.0005291925871982149
138436,0.0010041477707702284
138437,0.0021384036029957285
138438,0.0006697014420326495
138439,0.0006831117720848789
138440,0.0013610062381531
138441,0.0014051666426658812
138442,0.0007123452278322878
138443,0.004160645487172687
138444,0.001686355732972663
138445,0.0007774230367452044
138446,0.001005743240628365
138447,0.008260342828433449
138448,0.0017626858819120013
138449,0.001790834155973759
138450,0.0008135295302967492
138451,0.009621542441780553
138452,0.0011113817595494679
138453,0.003273274890890198
138454,0.005680055871571837
138455,0.00100558701334623
138456,0.0007175659917330291
138457,0.0009690454110158077
138458,0.20047494214683925
138459,0.012376776350693069
138460,0.0008343540906734036
138461,0.0033990659435851355
138462,0.005717477496463078
138463,0.0013078080956762353
138464,0.04347190136954865
138465,0.004132084378691127
138466,0.001222593084014976
138467,0.001519143989949339
138468,0.0011915060541468007
138469,0.0013038014977343648
138470,0.0008084153074617649
138471,0.0007331809563181563
138472,0.0010460635173423932
138473,0.000360929586743313
138474,0.00038404112881287904
138475,0.0021953601615286337
138476,0.009529012031944777
138477,0.0009070717617633704
138478,0.24389328625579607
138479,0.0008826659768319757
138480,0.0014096961948451181
138481,0.006777916546274094
138482,0.0008653682682903466
138483,0.0017021657085922572
138484,0.0015753456645566802
138485,0.0004636551889022709
138486,0.0016210510416348762
138487,0.0006533653262068448
138488,0.002278141290476418
138489,0.013797064886272116
138490,0.0008824707423096434
138491,0.0010696310194158033
138492,0.0009645497622805235
138493,0.0005581755212161752
138494,0.002571631360552405
138495,0.000624874121940029
138496,0.17207085152281842
138497,0.0009286498774611744
138498,0.0005605169892766468
138499,0.0010903960880037696
138500,0.0016998751812922423
138501,0.0007482333995967417
138502,0.0007419535305710674
138503,0.0008145659253264252
138504,0.0004789348691138234
138505,0.001115704434730284
138506,0.0008403086095869004
138507,0.034916751029449064
138508,0.0008915380202326273
138509,0.00671502685969233
138510,0.0011877484879299384
138511,0.0014538535131288547
138512,0.0008016701848250853
138513,0.0005719663831810953
138514,0.001355542881346571
138515,0.0010894072158909901
138516,0.001825474887444474
138517,0.003452755617761218
138518,0.0006744165972479966
138519,0.0006262814726437128
138520,0.0004546072852553208
138521,0.0018563673425290913
138522,0.0008643077685640654
138523,0.004566058004482626
138524,0.0016695430235487483
138525,0.0014283566338406826
138526,0.0010622239348623888
138527,0.0020169195907558998
138528,0.0004993915476776066
138529,0.0007888795673059533
138530,0.0006460264428170161
138531,0.0009732342505275157
138532,0.000339260573881264
138533,0.006366651101664164
138534,0.0005080417175158801
138535,0.000950613058359272
138536,0.005558509109639949
138537,0.0016568557048041324
138538,0.0007367231387994278
138539,0.0019562778624700673
138540,0.0019488966930979476
138541,0.0006808656247767242
138542,0.0023072311305747445
138543,0.000481287319835374
138544,0.0008639774786251526
138545,0.002197933328666209
138546,0.0007184914726632685
138547,0.0014580973317972524
138548,0.00049965794056025
138549,0.0020883562035738648
138550,0.0004885186714653748
138551,0.004716598870096746
138552,0.0014861837641454558
138553,0.0005630263126979376
138554,0.000646884809106995
138555,0.0010044509991621894
138556,0.0006091820962602661
138557,0.0006456996598330093
138558,0.0006922747894710485
138559,0.00035230659258809755
138560,0.0008502742567924822
138561,0.019200682688360872
138562,0.0023657496042343213
138563,0.0007682352047003265
138564,0.0006325901546290658
138565,0.001605976235708497
138566,0.0004671092508611439
138567,0.0005909202061540065
138568,0.0008105616215691126
138569,0.0032837955070541746
138570,0.0007614632110533733
138571,0.0005515157819923557
138572,0.21259387696740273
138573,0.000634230921845723
138574,0.0006234573500360374
138575,0.0026101520196238287
138576,0.0007809508178708952
138577,0.0007380342071366553
138578,0.004195165285867615
138579,0.007380409460786332
138580,0.0007896559915748192
138581,0.012323238783902138
138582,0.0005426222159896706
138583,0.0024043094618258435
138584,0.0013526482018017465
138585,0.002248541426027946
138586,0.0005651173060233023
138587,0.004457327476661154
138588,0.006443344873935041
138589,0.0016514245219029604
138590,0.0006495159038699923
138591,0.0019641588149017205
138592,0.044541607578660394
138593,0.0005685700806693703
138594,0.000529430492028999
138595,0.0006983055572854178
138596,0.0010770908717566438
138597,0.0006601586438034207
138598,0.0014506660670048927
138599,0.001859297466750723
138600,0.0005841504344305862
138601,0.007834453174915714
138602,0.0005151418786491265
138603,0.0037899174764870437
138604,0.0005965963165831037
138605,0.0008310714212960591
138606,0.0007590968037333294
138607,0.0005344532947475535
138608,0.00446098820577607
138609,0.9959677994127352
138610,0.001328878239813142
138611,0.007440311762943817
138612,0.002064158996890824
138613,0.0006364725721076117
138614,0.0007723263785843505
138615,0.0017600412419114088
138616,0.003451109767447803
138617,0.005214283378425394
138618,0.009406999251094953
138619,0.0007736779831855004
138620,0.0005110280113812336
138621,0.0012026588305192013
138622,0.0005550059421125308
138623,0.003430501919580117
138624,0.003917169174833786
138625,0.0020745759207546864
138626,0.00037474153617109927
138627,0.0006259689101787967
138628,0.0009058845274401402
138629,0.0029142852247905295
138630,0.004902095295882024
138631,0.006180435910823193
138632,0.0011054957556738312
138633,0.00282209318076519
138634,0.0013668716406990537
138635,0.001406779751694467
138636,0.0008355638333401547
138637,0.0004770580321200794
138638,0.000811829987310584
138639,0.0013062225528103501
138640,0.005831511837812347
138641,0.0005869045510198695
138642,0.0010245637995235867
138643,0.0006486230246578392
138644,0.0008290906694258467
138645,0.009713591303375927
138646,0.005048285422211746
138647,0.000599131705615693
138648,0.0011004382509720374
138649,0.0036135878741123976
138650,0.0012151950608317442
138651,0.0010510316231708927
138652,0.003849189922842458
138653,0.007136288360241773
138654,0.0024996981115433404
138655,0.0005373860246184722
138656,0.018451953592163152
138657,0.0021762224467332903
138658,0.0004543782275470801
138659,0.0017552616418564468
138660,0.0007263137189783465
138661,0.0006820159723576341
138662,0.0035913919424896343
138663,0.0006987490199891308
138664,0.0008749672877001278
138665,0.0005656138734329796
138666,0.0015003912491546897
138667,0.0006678750375740856
138668,0.00039931874141550984
138669,0.0020279818161875515
138670,0.0008672846568233521
138671,0.0005505702221200315
138672,0.0017846214654476424
138673,0.012284530275800749
138674,0.004694260201674861
138675,0.0007281178415833614
138676,0.020936266154137465
138677,0.006234540472635134
138678,0.0006901411674095985
138679,0.0007694867395065606
138680,0.0008960529078539548
138681,0.20397223618955676
138682,0.0012781018764155103
138683,0.000842375316662167
138684,0.0026451851859444894
138685,0.000722988666329709
138686,0.0007824827516822298
138687,0.0021657283264126135
138688,0.000591814013941341
138689,0.0015745472098333212
138690,0.0006042734026585322
138691,0.0016019355195223592
138692,0.0004415499272056795
138693,0.0040792146247079246
138694,0.000564252107095835
138695,0.00048635041726014926
138696,0.0022573431256991392
138697,0.0011060618854933707
138698,0.0005754780983469907
138699,0.0005999990518689323
138700,0.008245351189251536
138701,0.0063892641241530745
138702,0.0004572023575957235
138703,0.0012595716565492222
138704,0.0005824050877099154
138705,0.0005998638384500918
138706,0.0012374064593076385
138707,0.0004395272420821695
138708,0.0014683978271047538
138709,0.0046221344004680545
138710,0.003088866996103572
138711,0.0005742506093742249
138712,0.000517673680404682
138713,0.0009281488176970032
138714,0.0006014182552506984
138715,0.0006517408828072647
138716,0.20044087890670587
138717,0.0016163924938100089
138718,0.013516849311343518
138719,0.00042915504773018734
138720,0.9956095635358524
138721,0.0007627399382509745
138722,0.004377755389859656
138723,0.0034186608327961268
138724,0.0007043109024942227
138725,0.0011771530610238685
138726,0.0005689413114086629
138727,0.0006310498559250707
138728,0.0006242549547921471
138729,0.0009873035398698543
138730,0.0009184407997855496
138731,0.0006235326007081306
138732,0.0007337818981336438
138733,0.0005351228464587114
138734,0.00040980751486287915
138735,0.0018334641314929603
138736,0.001109976704999889
138737,0.0007576688139634076
138738,0.0016491563435263286
138739,0.00042382423412984534
138740,0.0007390706775579091
138741,0.000410251656305496
138742,0.009337369787765747
138743,0.0014517032266217547
138744,0.0005502456744390064
138745,0.0018663259804742463
138746,0.0006565099602642527
138747,0.0009398787674175628
138748,0.00058531749641395
138749,0.0009374058876489375
138750,0.0016577545142996712
138751,0.004248409639532042
138752,0.009096484962757268
138753,0.0030214910518248754
138754,0.005767283967791416
138755,0.00040913389845552184
138756,0.0008846570146850009
138757,0.002278962599952471
138758,0.0009920999277380177
138759,0.0007406139405465994
138760,0.0007081012987390028
138761,0.005407355735618138
138762,0.0012609634804057264
138763,0.0009334126912389812
138764,0.0012676438135078441
138765,0.0017787817030344836
138766,0.0020971562511549837
138767,0.0011842307319351176
138768,0.001164786855829917
138769,0.00041885515172537043
138770,0.0012231698238479155
138771,0.0007114111805582896
138772,0.0004788891015145202
138773,0.0035729776332561456
138774,0.9972877429263864
138775,0.00398049108119076
138776,0.0017052033126563845
138777,0.000536023709918227
138778,0.0009725782145527012
138779,0.0023494411417050763
138780,0.0005288825419282715
138781,0.0021644002869020107
138782,0.002378218204241147
138783,0.0006987328893862412
138784,0.01447608268220036
138785,0.0005740754311746794
138786,0.01210906616275306
138787,0.001412983227840185
138788,0.0022754383140243762
138789,0.0005631321850819069
138790,0.000643301366699997
138791,0.0005544661175442712
138792,0.047027607405871155
138793,0.0005461513659133541
138794,0.0009729844691401582
138795,0.0005406876536633565
138796,0.0006758455396337928
138797,0.0031088226333423697
138798,0.0018985901610732235
138799,0.0018205131659747402
138800,0.0009693575926853449
138801,0.0019833938741283482
138802,0.000840158296059928
138803,0.002039204676402861
138804,0.000849315959376894
138805,0.00026073949738693493
138806,0.0004738652127064055
138807,0.004673369819136875
138808,0.004129695884726852
138809,0.008395784109869651
138810,0.001259573824362876
138811,0.004398447708398716
138812,0.0008248473093624048
138813,0.004656727098541338
138814,0.0011071339531745121
138815,0.001099386940181649
138816,0.0007364294024959027
138817,0.0017987968120205392
138818,0.001617680998753189
138819,0.0008083196161922106
138820,0.00591702741873049
138821,0.0015013857579301805
138822,0.0006202143154051496
138823,0.004722348134422089
138824,0.0010745734323391706
138825,0.001159466986926476
138826,0.0008939052677648404
138827,0.02016712001497499
138828,0.0006537788790737483
138829,0.0017228566433962911
138830,0.0022518352139431807
138831,0.00044897917019681455
138832,0.0007207640307444672
138833,0.0011777294695614463
138834,0.0008000684420967268
138835,0.0005180880151399108
138836,0.0031451510445001775
138837,0.0006635203552613982
138838,0.0018227980874489713
138839,0.001856026154593634
138840,0.0006062279464680714
138841,0.0008642801058185263
138842,0.002523206306770717
138843,0.0005568169222691459
138844,0.0005887101303828636
138845,0.0005573095694117802
138846,0.007846765699484472
138847,0.004988450114617989
138848,0.0012533895333697099
138849,0.0005470752554950786
138850,0.0007606531577719637
138851,0.006381942728748706
138852,0.0019203530390208656
138853,0.002318365022196544
138854,0.0013425872067116234
138855,0.03050099785799376
138856,0.0006492641786997017
138857,0.013759849441917426
138858,0.0010446811113997518
138859,0.011227591703435492
138860,0.0006397376433650298
138861,0.0011414476419846107
138862,0.0007119492844822724
138863,0.0009277187527893096
138864,0.0019753430124806763
138865,0.0006579408179783876
138866,0.003293205593494871
138867,0.0015914126821592936
138868,0.0004079008578367001
138869,0.00048044607869514045
138870,0.0012136882826139295
138871,0.003099852680572758
138872,0.001669905271013854
138873,0.007266348456767258
138874,0.005794301212583829
138875,0.0005216520021058882
138876,0.0006382467409463298
138877,0.005540831687553611
138878,0.0007305764776469141
138879,0.00045942300695918104
138880,0.000636788998921465
138881,0.0006791629642251367
138882,0.001758010208672511
138883,0.000657500334430024
138884,0.0010006899929491547
138885,0.0014213417280753615
138886,0.00797814119803243
138887,0.0012972511155035726
138888,0.0006009465730823719
138889,0.0010705646985252697
138890,0.0020987249605869964
138891,0.012314493531746391
138892,0.0005928934152094559
138893,0.0003788509752022984
138894,0.0005241115960512005
138895,0.002510689713639365
138896,0.0007727949346742977
138897,0.007153909422235984
138898,0.0005017622139478891
138899,0.000559301562517453
138900,0.0012582230279498145
138901,0.003869338602416397
138902,0.0004929267640256018
138903,0.0013003943414289698
138904,0.0008156640694225624
138905,0.0014604972222328895
138906,0.0015148311726160208
138907,0.0008271162632003607
138908,0.00038597827244172525
138909,0.0007255872815950876
138910,0.0006049599020136645
138911,0.0018586084345129802
138912,0.0019505037146506335
138913,0.0005881609829139685
138914,0.0031122844307926905
138915,0.0005416887808051671
138916,0.0012920141549719905
138917,0.008842235308530306
138918,0.0009461894755894235
138919,0.0013884492030474972
138920,0.0009604441450164194
138921,0.003552918907246084
138922,0.0005871355710689606
138923,0.001154503316101489
138924,0.003429326090717659
138925,0.0009043308883555359
138926,0.00225039563150575
138927,0.0028769412691766636
138928,0.0007501817511099574
138929,0.0034360091130991944
138930,0.0009667028888994461
138931,0.0008813002058578837
138932,0.0014492438211918407
138933,0.0011201304512267816
138934,0.0031617756277238316
138935,0.0023159915980706137
138936,0.0009653796341545058
138937,0.00223456463369685
138938,0.0006652041388211262
138939,0.9968520096798479
138940,0.001194371210047103
138941,0.0008729621405907505
138942,0.011575530098577166
138943,0.0010620518650099019
138944,0.0005032242367339847
138945,0.0011001903766823646
138946,0.0010196662874510532
138947,0.9905913892841093
138948,0.0005819804282248572
138949,0.0005752292665482542
138950,0.0005499297237020399
138951,0.00048680595038467974
138952,0.0006131267092083557
138953,0.0013248032760625652
138954,0.001749027416210275
138955,0.0016965785198849496
138956,0.004422039687573677
138957,0.0011761266932118473
138958,0.0025391643108952184
138959,0.000665021061422342
138960,0.0005620476308154064
138961,0.0020913372091552734
138962,0.0031805594044523764
138963,0.0006321961154147061
138964,0.006205375480447233
138965,0.0010978251989909866
138966,0.0015798132614359274
138967,0.0006463777797548498
138968,0.002287326125042244
138969,0.0017330188024797973
138970,0.0005684291887714601
138971,0.0005630238620772717
138972,0.0011725689262642486
138973,0.0010728953566794893
138974,0.0023718935981689834
138975,0.0016126398686190898
138976,0.010020054181226964
138977,0.0005856074268446817
138978,0.0007784818873862464
138979,0.0005867414687969969
138980,0.0009175116876824609
138981,0.00039404863208561847
138982,0.0036518533356578106
138983,0.0014886333733334688
138984,0.014737575770417443
138985,0.0006437226075544033
138986,0.0007366249661966415
138987,0.000703784483401277
138988,0.0018986939934669813
138989,0.012612373095993914
138990,0.0030325058119540474
138991,0.000518949615688403
138992,0.0014713259712429679
138993,0.007053316292880769
138994,0.0008137346105111439
138995,0.000807146753826538
138996,0.0009763302338355977
138997,0.0006138382017084273
138998,0.0008959129830531278
138999,0.001934041864918445
139000,0.0007638766013864358
139001,0.0010114663349132566
139002,0.0018142285246933146
139003,0.00747275773200475
139004,0.002136412541787901
139005,0.0015730027864580697
139006,0.0007424646370177339
139007,0.0015223160888177309
139008,0.0004583714129135206
139009,0.0014378323462688261
139010,0.004037763734238447
139011,0.023899713160478918
139012,0.0036221162482183615
139013,0.0011028450008097113
139014,0.002798855989566659
139015,0.0025252755673562544
139016,0.0006253662798449569
139017,0.0021266081141217345
139018,0.002281670393245377
139019,0.0005293607553214424
139020,0.00129804313112923
139021,0.0005826157479724809
139022,0.0031852591341315723
139023,0.013260125338978657
139024,0.00037063363154770474
139025,0.0005202655781099708
139026,0.0006114064031697852
139027,0.0007894219692039482
139028,0.0004927238403842363
139029,0.0011925535435383466
139030,0.0010868846991217663
139031,0.00045995771021225065
139032,0.0007507666127871567
139033,0.0029227980571753034
139034,0.0075259991564551555
139035,0.003905080105577439
139036,0.00043424122929876615
139037,0.0006799328786671194
139038,0.001452074113279005
139039,0.0015929211933851037
139040,0.007116426731854222
139041,0.0008767510251454656
139042,0.0007768760017914776
139043,0.0007175801662336104
139044,0.0006509348537994885
139045,0.00044564569951643907
139046,0.00048313032577121677
139047,0.0012901621956597255
139048,0.0012516144088185427
139049,0.0007798413097499936
139050,0.022389288170586694
139051,0.0006325380198771781
139052,0.0009503130856333579
139053,0.0004919595087538746
139054,0.0006581846219769245
139055,0.0006652463827337085
139056,0.0007625823191942455
139057,0.0019420632215206158
139058,0.006952515578380076
139059,0.0010778728822294751
139060,0.00044645218119128264
139061,0.9908245220242655
139062,0.0028100808157671747
139063,0.0007949567019984204
139064,0.0006530117042485455
139065,0.001391537835108608
139066,0.001440605095914511
139067,0.001885562920693844
139068,0.02093895697729286
139069,0.013748989135198071
139070,0.0010153543776914632
139071,0.0005071406568768175
139072,0.0018782394780604821
139073,0.0005249195473500565
139074,0.004751736811910344
139075,0.0014607912640360041
139076,0.000788536549306952
139077,0.00132653769890615
139078,0.0010700718044868481
139079,0.005427303645677768
139080,0.000843344586111637
139081,0.0009633492534922164
139082,0.9977217637941319
139083,0.0010734720195507033
139084,0.0007610359588744141
139085,0.0006222356120106425
139086,0.027013290608971393
139087,0.001428228743793072
139088,0.003899884455141856
139089,0.0010075122941879547
139090,0.0006230016425558041
139091,0.0020099950020937194
139092,0.000539831797326002
139093,0.009577781199437531
139094,0.0007268616425146908
139095,0.004607708042657609
139096,0.0012891639314583751
139097,0.0004955042266805233
139098,0.0013557946424108337
139099,0.00291697684531382
139100,0.0007500617049660744
139101,0.0007945554291593608
139102,0.0006716256401602041
139103,0.0008059713157295886
139104,0.0005788647008695748
139105,0.0023733533337787546
139106,0.0005078136292797887
139107,0.0025440840734341115
139108,0.019392492419756015
139109,0.007194306549045281
139110,0.0006163107529233901
139111,0.0005710506178463336
139112,0.0015630553830917422
139113,0.0011867366068684128
139114,0.0013384752901511384
139115,0.0010318628714301504
139116,0.0006807321681882466
139117,0.0008249913839867743
139118,0.0008306163404526975
139119,0.0005971650067931296
139120,0.0007956486373074624
139121,0.0007751085814738847
139122,0.0018107853159486961
139123,0.0013363285831980893
139124,0.00033203163301583056
139125,0.0005514717607751761
139126,0.0007078967962019303
139127,0.0013223858014298053
139128,0.0006451473285864168
139129,0.0005859176125930998
139130,0.0020252003417994984
139131,0.00345476356362628
139132,0.0004064760130147708
139133,0.0006993924620331833
139134,0.0005617257474909345
139135,0.00040134254143569067
139136,0.0009000946297811204
139137,0.00044202740988579024
139138,0.0014297635908253911
139139,0.01573837207188856
139140,0.0006716542471255255
139141,0.014532771690730126
139142,0.0003671642365578446
139143,0.005440773001664093
139144,0.0007554381962680639
139145,0.0012738703432153338
139146,0.0027411881323222568
139147,0.0005343175650865745
139148,0.00493900539209669
139149,0.002628375835907489
139150,0.000698581720674653
139151,0.0008313078280141186
139152,0.0008697707304185904
139153,0.0012961491603520477
139154,0.0017554180085309437
139155,0.0006346451022362337
139156,0.002573679358044348
139157,0.000782401661477162
139158,0.007025140337687254
139159,0.0006873711234612736
139160,0.0014648125403208874
139161,0.0004208427525772255
139162,0.0013423106544866244
139163,0.0005215660243213258
139164,0.0005071218218137428
139165,0.0006335012678574097
139166,0.00044772307380182183
139167,0.998245985278222
139168,0.0007998240721550798
139169,0.010640674238177545
139170,0.0006690369302193227
139171,0.0070981897731328455
139172,0.0012077480269415187
139173,0.0008509657536269692
139174,0.0006588114718495991
139175,0.0009438665014537475
139176,0.0017433046615458212
139177,0.0007605405886864535
139178,0.0008923124769078656
139179,0.0031240585390052084
139180,0.0006982944517862459
139181,0.0006281814991714161
139182,0.0008360962700259229
139183,0.10404738245138617
139184,0.0017827808572889701
139185,0.0007627282915964163
139186,0.0005804242706762089
139187,0.0006762465312138742
139188,0.016816833318840683
139189,0.0012769097788981056
139190,0.001749064880687712
139191,0.0007891633706435925
139192,0.0007907713777511752
139193,0.0030893746840533016
139194,0.0009106031348527081
139195,0.0007434468150411795
139196,0.005576624652526456
139197,0.0014070868929141576
139198,0.004276381137938177
139199,0.0005538664247988435
139200,0.0026227950089941004
139201,0.0027503654033669226
139202,0.0008181545984895819
139203,0.000848821552238974
139204,0.0005000868613354686
139205,0.0041252511429117015
139206,0.000895959492951983
139207,0.0006961828475290665
139208,0.0007320437453885213
139209,0.0008298790529614518
139210,0.0007149179116474786
139211,0.0005710286347671797
139212,0.0005735189356674591
139213,0.0006880990402447025
139214,0.0012311449291368356
139215,0.0009063341687887287
139216,0.0006445909317700719
139217,0.0008205213334875026
139218,0.0020064873966512383
139219,0.0008466269803151529
139220,0.0010413360047433022
139221,0.0030936956330539648
139222,0.0018660126093093675
139223,0.0015400980657416076
139224,0.0007620381060561967
139225,0.0005088155605044792
139226,0.0014212980067380891
139227,0.0021341165847090443
139228,0.0008051885701519822
139229,0.001159642202233217
139230,0.012745103910569894
139231,0.0007360425815469336
139232,0.0016356426641629044
139233,0.0005451283549004894
139234,0.001556908754340457
139235,0.0005415358093610219
139236,0.0011348423177745936
139237,0.0009253367855813584
139238,0.012814792197347246
139239,0.006753981719964979
139240,0.0007687689586411477
139241,0.00515046397739022
139242,0.0030696780184241226
139243,0.0011297492601421238
139244,0.000666425800834412
139245,0.05567337427666143
139246,0.0010215095006554037
139247,0.0008935305503701969
139248,0.0013713469622531741
139249,0.00047264810076782864
139250,0.000828578398155553
139251,0.0004114383783031836
139252,0.0007869947159686499
139253,0.9953110832362003
139254,0.0015700035250725219
139255,0.0010989912485678197
139256,0.0007151371136067513
139257,0.0012290498098905091
139258,0.0008550255298184156
139259,0.0004687853085339456
139260,0.0009600344909362084
139261,0.0011144032042280927
139262,0.0006988759552899981
139263,0.0045030105184629375
139264,0.0015390433697770388
139265,0.06574702215503392
139266,0.0007512338432896024
139267,0.0010367954225737493
139268,0.0006368763322128716
139269,0.0007817542286090792
139270,0.0008000877355989428
139271,0.0005778332679581493
139272,0.0015003836812968246
139273,0.0011640779153052165
139274,0.02905959064796807
139275,0.002620381228447225
139276,0.26046930441568694
139277,0.0005891828623803529
139278,0.0008230529314983084
139279,0.002581623601357441
139280,0.0006816818862623716
139281,0.0024387940629117203
139282,0.0010791548950540623
139283,0.0016816872990037658
139284,0.0005497365962311022
139285,0.0025430122770280566
139286,0.0012884538535187578
139287,0.007574264149978375
139288,0.0007990876453278136
139289,0.0066704340163466005
139290,0.0007535274326249904
139291,0.0004839696814587865
139292,0.010545760074525653
139293,0.0018318537556271225
139294,0.0008429476195743997
139295,0.0007351026602148158
139296,0.0007925665954079191
139297,0.0005667027025036208
139298,0.0024958814149294455
139299,0.0017939592651978872
139300,0.0008906514665254809
139301,0.0019537870050380687
139302,0.0015161966954416514
139303,0.002766098262453438
139304,0.0004804134155131024
139305,0.0008162457077160378
139306,0.0006343966540331622
139307,0.009465377525909206
139308,0.9969128435401654
139309,0.0008219807430338259
139310,0.0011945368409681204
139311,0.000912768266080416
139312,0.0008217553935641389
139313,0.0005404533610500477
139314,0.0005519521161161057
139315,0.0015384598906720483
139316,0.0008582987482713732
139317,0.000473247837696142
139318,0.0014464456970658206
139319,0.0013707736769700584
139320,0.0004891919924243324
139321,0.0007064590558493476
139322,0.004481958893159918
139323,0.007657148149223882
139324,0.0005556518089236463
139325,0.0010625851536042218
139326,0.001032509268783393
139327,0.001000719173267958
139328,0.011152630550499568
139329,0.003661414348427099
139330,0.0005982638547539499
139331,0.0011526154373287165
139332,0.0009906355549666528
139333,0.0007301939264043487
139334,0.0027195859062269824
139335,0.002573627619005906
139336,0.005044033602694309
139337,0.0006610442863915101
139338,0.007798703667744981
139339,0.0006562656942326326
139340,0.0010241819711672455
139341,0.0007158532728839387
139342,0.0019037727023356835
139343,0.002373862451988208
139344,0.00101414252822843
139345,0.0010658130254144478
139346,0.0010511441544698414
139347,0.0011476162989078856
139348,0.0015339400181015406
139349,0.0014519800569962622
139350,0.0008286003102674744
139351,0.0007680785289826945
139352,0.0006509252273049972
139353,0.0020012224583494153
139354,0.0008293306680661372
139355,0.0006055131265990656
139356,0.00640459806079433
139357,0.0016840404827400167
139358,0.0005636393725919134
139359,0.0005118891599182614
139360,0.001051607658795445
139361,0.0008947449141460499
139362,0.0005255314629102285
139363,0.0007586583803828071
139364,0.008529202384583092
139365,0.000931782593571255
139366,0.004981664328325945
139367,0.0012778275398803965
139368,0.004506167979161092
139369,0.001896067385064967
139370,0.0007936298298037277
139371,0.014796040264873854
139372,0.001843545868926958
139373,0.0005298234599545075
139374,0.002713891962092226
139375,0.0090065468123869
139376,0.0007048477388085078
139377,0.0004699586075435356
139378,0.006956089037610649
139379,0.0012814399194340923
139380,0.012489985666041474
139381,0.002082002721101736
139382,0.001532948579554604
139383,0.001493366454834489
139384,0.0005865908929495866
139385,0.001086358625553544
139386,0.0018037614339472896
139387,0.0015598462561581378
139388,0.0018180040712451298
139389,0.0006172576723152855
139390,0.0018935956478798401
139391,0.0005086504787111291
139392,0.0016906303346554065
139393,0.0006107580300017231
139394,0.001075596084286765
139395,0.0008012418049737767
139396,0.002893666594548039
139397,0.0005205616497395726
139398,0.0009112297979435588
139399,0.02510957384463676
139400,0.0031346083357056275
139401,0.001295574555044346
139402,0.005592439694689193
139403,0.00045960695531943103
139404,0.0011346867615762896
139405,0.0006488387623451303
139406,0.0008396682946902143
139407,0.0007484005271557358
139408,0.0010133255863586654
139409,0.0018179760567263216
139410,0.0017890073385513669
139411,0.0008856297785768367
139412,0.0006581961244464087
139413,0.027572532968495704
139414,0.001249643820856431
139415,0.0005951704106085299
139416,0.0012747133638455965
139417,0.0006416626405744626
139418,0.0014697419872760178
139419,0.005513160036030657
139420,0.0009640105418641368
139421,0.0012027244438739602
139422,0.00120435835996229
139423,0.005704331852714586
139424,0.0042259085572739575
139425,0.0035904902350795908
139426,0.0010947295327622024
139427,0.0017117537748759005
139428,0.0007501891317238418
139429,0.0006938856285349191
139430,0.0022720739476090987
139431,0.0012667340304299188
139432,0.0012865387151671137
139433,0.9973184403840001
139434,0.0012757762951861153
139435,0.0041196907807002706
139436,0.001578689884945961
139437,0.0009422973586029747
139438,0.0008954623366923713
139439,0.0015785317818153267
139440,0.00031982390087415154
139441,0.0033970595609276667
139442,0.005714829430246036
139443,0.005235669246747921
139444,0.0007560907192868886
139445,0.0004411529792363229
139446,0.0014350848017982286
139447,0.0029035131424654595
139448,0.0021196082082794447
139449,0.004766810244700825
139450,0.0007600552089868395
139451,0.001604246275138323
139452,0.0005638963764192343
139453,0.0007457499955636502
139454,0.0011025230644385246
139455,0.0005286392868562471
139456,0.00037261437445242095
139457,0.0005983716590104441
139458,0.0019110963892953084
139459,0.0012262095986032815
139460,0.0006763492485399397
139461,0.0006330297595790793
139462,0.0014702742401414247
139463,0.0008867765320032715
139464,0.002025631256656283
139465,0.0012989164763204982
139466,0.0032430452333550696
139467,0.0005479949547614114
139468,0.0014754341485613603
139469,0.0005140267880270204
139470,0.0018807589202122995
139471,0.00110847621779138
139472,0.0008430192550386418
139473,0.0005050013517402447
139474,0.0074938897173999555
139475,0.011986322896357994
139476,0.0006735553062751611
139477,0.0007164660329286111
139478,0.011695921976963328
139479,0.0005480080617688991
139480,0.0011651240124654386
139481,0.0031567548772580807
139482,0.001264306136770596
139483,0.0006495075726025114
139484,0.0010006788512350606
139485,0.0007308836504017108
139486,0.0011559331511563214
139487,0.0010439653444758857
139488,0.0008330362290325749
139489,0.0007647428286031663
139490,0.001025402619869945
139491,0.002683339316042181
139492,0.012963927467913198
139493,0.0007969075817846925
139494,0.0010190433171517997
139495,0.0008791060704558113
139496,0.003023836741755251
139497,0.000552521133776091
139498,0.0019065708400350647
139499,0.001781134330775543
139500,0.0007728903965163864
139501,0.0009355134482589584
139502,0.0013417634802377833
139503,0.009004013518646464
139504,0.004257663996844115
139505,0.0006692595740399264
139506,0.0005161707768349908
139507,0.0013372305397055023
139508,0.007411251457949058
139509,0.0022756342861927205
139510,0.0027977321839099322
139511,0.0013953227277615277
139512,0.0011558379445723928
139513,0.0008305080723124976
139514,0.0028503002930258658
139515,0.0006556979560031827
139516,0.007859328513150798
139517,0.000480261023068461
139518,0.0012963932236448438
139519,0.0006408883280470661
139520,0.00045307444705786147
139521,0.0016618458736509468
139522,0.003113662827250451
139523,0.011541452004603981
139524,0.0006632711267667917
139525,0.002676113782045737
139526,0.0005877439409827214
139527,0.010694585617787291
139528,0.0023992449744067636
139529,0.008539835831746823
139530,0.001039972805581353
139531,0.0008481703853281904
139532,0.0065498758095639785
139533,0.0010197731897810553
139534,0.0016648054647457808
139535,0.0005929719382470264
139536,0.0005178740111939022
139537,0.0016287111228562752
139538,0.0007267811908934579
139539,0.0008923265245625108
139540,0.0005102410963542294
139541,0.0005553169534972566
139542,0.0005410401613579075
139543,0.0009047971679462476
139544,0.003988370192342399
139545,0.0005405071560785075
139546,0.0018307088856043632
139547,0.000592767614765023
139548,0.0005361222514722402
139549,0.0006714739937356636
139550,0.0008557759364051514
139551,0.0032159620868811205
139552,0.0007203899397288289
139553,0.20566721988557402
139554,0.001028132382092721
139555,0.011083835103058918
139556,0.0014952366922810969
139557,0.0005342303090561453
139558,0.0009896254391923136
139559,0.002916437667388392
139560,0.000614314281588747
139561,0.0009637959521840542
139562,0.00057473875029959
139563,0.010242228334763164
139564,0.0006459981651540577
139565,0.0005795602584342696
139566,0.0015491834644790537
139567,0.000727059132582858
139568,0.002531395156329453
139569,0.01674760292900543
139570,0.0012510582945997515
139571,0.0009766478356689626
139572,0.000691798758697557
139573,0.000890750687486625
139574,0.0008770214114081482
139575,0.0031294247536955673
139576,0.0009062524033396475
139577,0.0007279199024354615
139578,0.0010094459793022115
139579,0.0013827331170782177
139580,0.0010699820668938422
139581,0.0005327784630926209
139582,0.0004752017859969243
139583,0.0013374498040696786
139584,0.03563446467013906
139585,0.002801676013992771
139586,0.006756916916961676
139587,0.0005749078804998879
139588,0.0008508624469149079
139589,0.0031069943147658654
139590,0.004833325238927448
139591,0.0005416704608551457
139592,0.0017809160609916943
139593,0.002619554431022542
139594,0.001848289520097544
139595,0.002306666278152192
139596,0.0011872560651711283
139597,0.005808649532939959
139598,0.0020408273219052328
139599,0.0008921642814316889
139600,0.0006443522908891586
139601,0.0011594797416289804
139602,0.0007366335582653762
139603,0.0010817861354867372
139604,0.0005607062834849814
139605,0.003915783634263214
139606,0.0011522668232903032
139607,0.000924109605986949
139608,0.00622220564052065
139609,0.0005786244696568732
139610,0.013521621938776276
139611,0.0009890226981183249
139612,0.005127310049412938
139613,0.0007699793944710822
139614,0.9965359326101472
139615,0.0018967469219202757
139616,0.003049787765066831
139617,0.0035795379021984035
139618,0.0005380332369245217
139619,0.0006712653556325757
139620,0.0017045984156254424
139621,0.00247823909665145
139622,0.0006318461113880658
139623,0.0007016331547327028
139624,0.988015030968548
139625,0.0006849262771522493
139626,0.9913042099352927
139627,0.0003397461329131419
139628,0.0005319727763632565
139629,0.0006375226120680448
139630,0.002688364674332473
139631,0.0006306968534241062
139632,0.0005721125560789449
139633,0.0025163025606815964
139634,0.001511836227101237
139635,0.001937267954994768
139636,0.004580688666351461
139637,0.007280373233477636
139638,0.9986968044546283
139639,0.0010643004752549689
139640,0.0006012290424985007
139641,0.004878044919548411
139642,0.006722388985453464
139643,0.02325384963356912
139644,0.002483437259347905
139645,0.008807199166443397
139646,0.0008815588343256443
139647,0.020108256488373315
139648,0.0005211095578814001
139649,0.0016921381327295888
139650,0.0006373410496034744
139651,0.00637256661711968
139652,0.000655777395655839
139653,0.0011920923741200033
139654,0.0022154254746229443
139655,0.0010487858371567111
139656,0.001810584192149787
139657,0.0006089542476244134
139658,0.0014585508385919809
139659,0.004050757495695774
139660,0.000731189526693642
139661,0.028495064278522185
139662,0.00311720995683067
139663,0.0009477669895444146
139664,0.0004443878112658136
139665,0.0009734963852116112
139666,0.000780603898997165
139667,0.001816359641601631
139668,0.0009011917502832398
139669,0.0007570163975903577
139670,0.0005915303225229082
139671,0.0005380111927970525
139672,0.0012630144709807759
139673,0.0013931599342732167
139674,0.0007604667777585644
139675,0.01643996704012394
139676,0.0009047292524025248
139677,0.002397708677661276
139678,0.0009396555569814753
139679,0.0007766107498797117
139680,0.0015451078052470004
139681,0.0013485252512348113
139682,0.0019140879034030562
139683,0.0008726274073608778
139684,0.010773961855396858
139685,0.0016466471647636452
139686,0.003986930522846826
139687,0.0018914833812670134
139688,0.016741255858225564
139689,0.0012069342113812875
139690,0.0014543116934921717
139691,0.0011571944378366008
139692,0.0005996344179002752
139693,0.0006363541761617906
139694,0.0007829269873077165
139695,0.007815550333380526
139696,0.0019055978304740172
139697,0.0006570497955747672
139698,0.0005926932236227796
139699,0.0005877305141335967
139700,0.001261917626566029
139701,0.0005149522570872181
139702,0.0006538171034139698
139703,0.0011275614544387553
139704,0.0007965129223675663
139705,0.002444143915256659
139706,0.0007135627811699162
139707,0.000634557428670848
139708,0.0006004790636715737
139709,0.00511523540506136
139710,0.0011273394475816644
139711,0.001150007743745664
139712,0.001944042886959871
139713,0.004504990583604514
139714,0.0008567934002119529
139715,0.011417982958814011
139716,0.0007697498252490727
139717,0.001465676346608847
139718,0.0006581438366898551
139719,0.001156379901997629
139720,0.004165737982648388
139721,0.00235735775375497
139722,0.000594087823531315
139723,0.000816420775276969
139724,0.0012477724453457515
139725,0.0009733567472902447
139726,0.9877210673194403
139727,0.0008292469640436093
139728,0.0004676862366300637
139729,0.001073143525262012
139730,0.0006953122413608525
139731,0.0004894861901860649
139732,0.0005013502958379852
139733,0.0006892983367362156
139734,0.004104416747848539
139735,0.0008361854390619419
139736,0.0024358804904726057
139737,0.0077975385456894265
139738,0.004164125386679178
139739,0.0020862043865348553
139740,0.000485717728949529
139741,0.0007751787959977042
139742,0.0005188041553127634
139743,0.003504495292469937
139744,0.0011512232163021297
139745,0.000638378330741208
139746,0.006803100994228531
139747,0.0005892102150716503
139748,0.0006391061261899683
139749,0.0006459353470220487
139750,0.0006051848215299311
139751,0.0009698334217142213
139752,0.0010956005832666916
139753,0.037417454198619436
139754,0.001976173959100431
139755,0.0006179090510245295
139756,0.0006332654080161641
139757,0.012726743159705893
139758,0.0019746867642088137
139759,0.004043521130813081
139760,0.000663292255905594
139761,0.006351169986808943
139762,0.0008825748867566038
139763,0.02224459734825743
139764,0.0009720473355277103
139765,0.0007263249254335102
139766,0.0008589206305432574
139767,0.0008003175610742859
139768,0.0005146361925461584
139769,0.0028745706004225267
139770,0.000876956645340974
139771,0.9981061057084586
139772,0.0019822985483583413
139773,0.0006024156080184642
139774,0.0015448913184346745
139775,0.002386361213362909
139776,0.0006527715875146826
139777,0.002236381703986307
139778,0.0025292016407952866
139779,0.0012395275872877842
139780,0.0023325341302731766
139781,0.0004611029090089632
139782,0.0007331719222663932
139783,0.12015219659657819
139784,0.0006047329582184332
139785,0.0029854257147114167
139786,0.0007402113721798368
139787,0.0018443291909813152
139788,0.0008036599846276536
139789,0.05828219351864704
139790,0.012329506180970609
139791,0.0018104917856704228
139792,0.0005920990698721079
139793,0.0005764772906039705
139794,0.0007321952562995003
139795,0.0008346385426285078
139796,0.0015824617530564148
139797,0.0010118192012648726
139798,0.004671395615652986
139799,0.0010255708415918528
139800,0.0035478808896887777
139801,0.0009908017321983993
139802,0.0006769472483727912
139803,0.0007937256659344736
139804,0.0017957715859081634
139805,0.00042434128070542387
139806,0.0078386454084633
139807,0.0007370417107152367
139808,0.00045332064016874235
139809,0.0011338089209889405
139810,0.0008714488817853274
139811,0.0006086203459593851
139812,0.0007386389155390051
139813,0.0007401090393914143
139814,0.0011327506356356494
139815,0.0007510201004573964
139816,0.0006305327804190366
139817,0.0007292109558654394
139818,0.0007967614425496805
139819,0.0016942682805383795
139820,0.0013668110010225012
139821,0.0014697532337373583
139822,0.002291249115289308
139823,0.000419419067782443
139824,0.0022721195648073497
139825,0.007440689390164203
139826,0.011622399633554053
139827,0.0005313019700307866
139828,0.0010606423189724132
139829,0.0008119101381088894
139830,0.006153346492342693
139831,0.000838985338821552
139832,0.002563789697243664
139833,0.0006697680669462306
139834,0.0006165403634579721
139835,0.0010654048471926332
139836,0.0008307528855461591
139837,0.001569424338651703
139838,0.0007319675951606101
139839,0.00200130464842443
139840,0.0008202656939348653
139841,0.006414675735434593
139842,0.0006832916044226561
139843,0.000728400843609406
139844,0.0005450102740929321
139845,0.0015660143944655621
139846,0.9917894349337242
139847,0.0008811587617892018
139848,0.0006150610197530234
139849,0.0012580706592193172
139850,0.0006314612989164394
139851,0.004910450919567301
139852,0.0011288693848308308
139853,0.0012430297696914435
139854,0.0015619880126880323
139855,0.0006242675114782579
139856,0.0007059240789844671
139857,0.016770653038946384
139858,0.0007527018206135893
139859,0.0005453099615229105
139860,0.0008797682374096722
139861,0.0005292114199694608
139862,0.0008141834687280613
139863,0.007276514929348298
139864,0.001187261336175042
139865,0.00081344327212647
139866,0.007158500682940697
139867,0.0006778518951127268
139868,0.0008068955716501191
139869,0.0026990321716450624
139870,0.000896628929506046
139871,0.0007556149080532165
139872,0.0037508716869819997
139873,0.0014973159868304766
139874,0.0009450200926692284
139875,0.006338166454323531
139876,0.0028436715074190906
139877,0.01782161259781005
139878,0.0039153455279950095
139879,0.0004979814152193694
139880,0.001231001002952494
139881,0.001387644172563958
139882,0.0013679927597381749
139883,0.0006144215167818313
139884,0.0007311730782019128
139885,0.006580924352041514
139886,0.005960482807578063
139887,0.0009225371936517625
139888,0.0012333884481862795
139889,0.0182478627483615
139890,0.0039403193117011496
139891,0.0013794948552878538
139892,0.0005081510225600756
139893,0.009337852605774154
139894,0.0006093519154446512
139895,0.0008359710938271844
139896,0.005645167546581073
139897,0.00371139711842422
139898,0.0021791536291041287
139899,0.0006125910020662708
139900,0.0025085390002415795
139901,0.0006516454952351947
139902,0.0007820404847129422
139903,0.0007414171870304361
139904,0.0007750690040849209
139905,0.001028961625726495
139906,0.0032247504515720174
139907,0.0006553382902447637
139908,0.001114222731278446
139909,0.01303619068590819
139910,0.0006218895261467482
139911,0.0010709900831049582
139912,0.0006632223836190886
139913,0.0011095566650814958
139914,0.001608969562939479
139915,0.0007251978952720881
139916,0.004410231228490357
139917,0.06919983387674894
139918,0.021112233669682935
139919,0.0004873781103703106
139920,0.0006888497075884087
139921,0.0009548992864849345
139922,0.003960237102300378
139923,0.004964308172606848
139924,0.0007184980786788878
139925,0.0007352111506860321
139926,0.0015662983120320602
139927,0.0011227287241081245
139928,0.004865599980815787
139929,0.0005520760646976375
139930,0.005747863043102297
139931,0.0008374145277433049
139932,0.0007522176126818328
139933,0.0013606254482043034
139934,0.0008773406283588173
139935,0.0006770550347254285
139936,0.0006078975716064843
139937,0.9894590740141977
139938,0.00045037232507965904
139939,0.0005582198714470957
139940,0.020750394679705242
139941,0.0006197212935346052
139942,0.0007895883584482559
139943,0.0006868793658805009
139944,0.0005591776935401611
139945,0.0006968201730222355
139946,0.0008811175987880059
139947,0.0006073774271386153
139948,0.00047459521518944457
139949,0.011960730874257846
139950,0.0013416347720375257
139951,0.0004680675590034698
139952,0.005363754786733205
139953,0.000778108123431093
139954,0.000557433120126339
139955,0.0003151206624210002
139956,0.0017746609833449102
139957,0.0019673391822805594
139958,0.000639623383657258
139959,0.001253584899925057
139960,0.00150548658255238
139961,0.000992510975065215
139962,0.008084754930955208
139963,0.0005781089132199998
139964,0.0005568645470866697
139965,0.000513618766669173
139966,0.0011557744340083575
139967,0.00806262704232087
139968,0.0009206136355431125
139969,0.0007408541721818858
139970,0.004921480735335475
139971,0.0007493031751026788
139972,0.0007096582410972556
139973,0.0006169921213788225
139974,0.0006897136442691226
139975,0.0006558271213869841
139976,0.0005103571985148691
139977,0.0019570665024519554
139978,0.0015986302404778349
139979,0.0018081681125101175
139980,0.000996330180055892
139981,0.0004937346450087061
139982,0.001565319117985368
139983,0.0009401187323614599
139984,0.00047085150080815693
139985,0.0006911875281493557
139986,0.018147464792324826
139987,0.0005512958394462452
139988,0.0007866508168205832
139989,0.0006014421300375042
139990,0.0004235696176907548
139991,0.0009695964985146316
139992,0.0006884686682604117
139993,0.0008650456424647323
139994,0.0007216700164434345
139995,0.0005342976539046904
139996,0.017928663806972674
139997,0.006905193506383831
139998,0.0008058407755128454
139999,0.0012022964781737053
140000,0.0017155610001997317
140001,0.001592634419850462
140002,0.009765883929733097
140003,0.001035113265856785
140004,0.0013804672127754256
140005,0.00046598259402919604
140006,0.0009614356551055452
140007,0.008821729556189987
140008,0.0004563638721968046
140009,0.001008222090897285
140010,0.021993333798523994
140011,0.0007583769488318999
140012,0.000502738493827885
140013,0.0005647094807808049
140014,0.000831011546815042
140015,0.0011811162931766048
140016,0.0006339093167235493
140017,0.0012289754792006494
140018,0.0037039279578861724
140019,0.0008555221283774418
140020,0.000680699452295848
140021,0.003691782204231866
140022,0.002470446257628895
140023,0.0015924237699377025
140024,0.0018402237284204244
140025,0.0018604976628628454
140026,0.0006926959898544895
140027,0.0044601992845221695
140028,0.0008994734663833909
140029,0.0009904026274612453
140030,0.019309476640981486
140031,0.0014754524345532245
140032,0.0019542191318252197
140033,0.004352505075178022
140034,0.0010724466530154983
140035,0.9866305213521811
140036,0.0009185672905535635
140037,0.001040184490968131
140038,0.0019120289758839315
140039,0.003531187086182234
140040,0.0015932830172142513
140041,0.0013033794384325818
140042,0.0005518707558756996
140043,0.0007835296169592207
140044,0.00037629130299732667
140045,0.0012062518099802953
140046,0.0004926824084548795
140047,0.0004614756689536072
140048,0.0027065976164433745
140049,0.0027418843530295114
140050,0.0012340958057035336
140051,0.0005062959485295426
140052,0.002305144887655048
140053,0.0005682375615286266
140054,0.0037341282694195194
140055,0.001836853498785082
140056,0.0014439503357607762
140057,0.0014930682228906258
140058,0.0016733927390081963
140059,0.0012008674647958294
140060,0.00047222036217494225
140061,0.0006911528055694674
140062,0.0010378644482873654
140063,0.0005415799681140198
140064,0.0017287965920965965
140065,0.0005809678522261168
140066,0.0007186753083600867
140067,0.001054890756743513
140068,0.000514926936843283
140069,0.0014840304445670242
140070,0.0015974955614981054
140071,0.0012631813894204988
140072,0.003053001416208655
140073,0.0016771667339351042
140074,0.0018422059282881562
140075,0.0005738321220928737
140076,0.0007234852960047849
140077,0.0023437138016377135
140078,0.0006229161597076744
140079,0.006449050143325757
140080,0.0008641638307742463
140081,0.007631641403426769
140082,0.000552534620236154
140083,0.009917288144345865
140084,0.0016370941469101537
140085,0.000462773631677444
140086,0.0011991989984071973
140087,0.00064742909284968
140088,0.0016588067954600356
140089,0.0037055790588546448
140090,0.0011051975839768346
140091,0.0035304361319167237
140092,0.0006416909185811439
140093,0.0005771595971546305
140094,0.0006888418904326251
140095,0.03744734700505316
140096,0.011515080867642538
140097,0.0017876735612697373
140098,0.0032819636055111813
140099,0.00031543120023386125
140100,0.0006006434767520684
140101,0.0009622406821536579
140102,0.0007109135015438684
140103,0.0030623209696894957
140104,0.0006500539078121407
140105,0.0012464869853525415
140106,0.0004113410310901054
140107,0.003275035561909207
140108,0.0006506905136192213
140109,0.0005992321043334221
140110,0.0006902484817694701
140111,0.0007672807144873343
140112,0.0007817090704230409
140113,0.0025099789860683853
140114,0.0026366411200254743
140115,0.00494370570440961
140116,0.0006779448461162435
140117,0.0007519166677659078
140118,0.0005263388865393423
140119,0.811363706550896
140120,0.005800235972519599
140121,0.007852443835318511
140122,0.006322924559161487
140123,0.001029678166536351
140124,0.9912689771465912
140125,0.001115781669871937
140126,0.0009195169047964932
140127,0.0005875623323517286
140128,0.0004490193817844868
140129,0.002317025271736353
140130,0.0023793089440962475
140131,0.0008012554852992399
140132,0.0012324395799291864
140133,0.0005959225503862633
140134,0.0008657925147541421
140135,0.10560865177785389
140136,0.9954837184835105
140137,0.00675544876443405
140138,0.003884466224207202
140139,0.0005005409996095701
140140,0.0019876994030471333
140141,0.000544704298851583
140142,0.00037942082968610345
140143,0.0008673227673213603
140144,0.0014508412189610386
140145,0.20068943968376424
140146,0.0015055131717645344
140147,0.0006796435718705501
140148,0.0039465957302983025
140149,0.017376608027238772
140150,0.0007261762937619178
140151,0.0006271531394200974
140152,0.0771128703501539
140153,0.0007743701468530752
140154,0.002393078672050685
140155,0.0017048356172209107
140156,0.003603660852201985
140157,0.0008341263651503357
140158,0.0005947957268124307
140159,0.002377447568714529
140160,0.0006257788111231331
140161,0.0009327401499522107
140162,0.0004340711874962231
140163,0.0009649413110412305
140164,0.0006680877627026878
140165,0.0005007866993784861
140166,0.014715080759334233
140167,0.0005413290219733718
140168,0.0030329726930332806
140169,0.0012077917271823221
140170,0.0005841713788296535
140171,0.0013357954637363922
140172,0.0007604834775936007
140173,0.0008568550312580856
140174,0.0010306198982974525
140175,0.0003994705255955913
140176,0.003711150571222426
140177,0.0049857656780805774
140178,0.0011026195920970853
140179,0.0007872388882717589
140180,0.0006006161330602493
140181,0.00045858130390824824
140182,0.0011858827635217524
140183,0.0009049063322208201
140184,0.002247842232016538
140185,0.0012159952579185482
140186,0.000620594244703309
140187,0.0008921283542690888
140188,0.0008702448900351175
140189,0.0005118026131269747
140190,0.0006298512900961994
140191,0.004879949237423282
140192,0.0006092369710679049
140193,0.001315104467088388
140194,0.03802413745595861
140195,0.0006815227202511541
140196,0.002076120077890265
140197,0.0010357751499968453
140198,0.002185922899987403
140199,0.0011804458436786558
140200,0.0026822342442379913
140201,0.0023800616302040566
140202,0.0012584448993531946
140203,0.0031949113672761595
140204,0.0006498012942762261
140205,0.0013188371231929268
140206,0.00401242539709359
140207,0.0022651261918259823
140208,0.000984761343910129
140209,0.0006832613063679576
140210,0.0010577111952762151
140211,0.014090373962063626
140212,0.004180452556859855
140213,0.004962906361742013
140214,0.0006337704852819779
140215,0.006721149144302919
140216,0.0010988171640698469
140217,0.0012030683984224355
140218,0.0006105219645897744
140219,0.0006841215344521618
140220,0.0005119058739869983
140221,0.0014143273260938936
140222,0.9965238012078146
140223,0.0008943955243653655
140224,0.0013274204466023052
140225,0.0005096924735027989
140226,0.0011958571290368787
140227,0.0032330191079370458
140228,0.0042631183732105464
140229,0.005228601300674753
140230,0.0005787771121530887
140231,0.0971259840508788
140232,0.0012320217978095125
140233,0.0007960731129125898
140234,0.0007323571416323519
140235,0.0017477485023095448
140236,0.0006493713321273443
140237,0.001048329132051883
140238,0.002035892735693155
140239,0.03828051337081492
140240,0.0009487005669506865
140241,0.000701995837166741
140242,0.0007049865382191835
140243,0.0011752991494045012
140244,0.0007580412851803257
140245,0.0013706321254783865
140246,0.005063060816803754
140247,0.004513062237196694
140248,0.0014310560174775454
140249,0.007571351063261329
140250,0.001255696616974561
140251,0.000581174834008841
140252,0.0007541821881213751
140253,0.0022125202758247775
140254,0.004623955205190838
140255,0.01263157542906287
140256,0.0015912024651653547
140257,0.00086947709292131
140258,0.0014378180941859058
140259,0.0006637489717925345
140260,0.0005439795433280726
140261,0.0036745414650551905
140262,0.0036144774088586354
140263,0.001742505161356394
140264,0.0011583020223736628
140265,0.0004665935208392318
140266,0.001870697853517056
140267,0.03888591789893177
140268,0.0005462043166564533
140269,0.0021212920009672847
140270,0.0010083306477772292
140271,0.0007247789987512633
140272,0.0007382037166127201
140273,0.001799376626840203
140274,0.989618106036025
140275,0.003877017071135744
140276,0.0007538391051453186
140277,0.0006836863687458975
140278,0.0005704113102874862
140279,0.0007977552775124373
140280,0.002852535583598428
140281,0.0006524545888095863
140282,0.00039325783652939273
140283,0.0005560807013312711
140284,0.000489971638392222
140285,0.0013723818365552654
140286,0.0014668664536950284
140287,0.0011677995094424988
140288,0.0045235894108921725
140289,0.0005820705407382637
140290,0.9963875759867149
140291,0.001631424427096979
140292,0.0014837577095975936
140293,0.004628862089176158
140294,0.000488949473076662
140295,0.0006499429331936038
140296,0.0015317631540006649
140297,0.0013102626956964332
140298,0.006255889564288748
140299,0.0018657799679550919
140300,0.9521154700866615
140301,0.0012294590289864602
140302,0.010126767455454825
140303,0.0006051468306315971
140304,0.013163895612803306
140305,0.0007676917249591084
140306,0.0006333241922666782
140307,0.000522118025629401
140308,0.0017164157160211478
140309,0.00421765004354271
140310,0.0022304079458985116
140311,0.0009166815756446737
140312,0.003931410561387252
140313,0.0013277800029850492
140314,0.000738886970564466
140315,0.002532504393079466
140316,0.0007683722406039379
140317,0.0006748016373876588
140318,0.0006872612490886119
140319,0.000834792476692235
140320,0.0010961989932382976
140321,0.00816267653936147
140322,0.002470425937774227
140323,0.0005389880552056302
140324,0.0012554021228264106
140325,0.0023308846745559667
140326,0.016130693543776792
140327,0.2007623839846563
140328,0.002696625180106561
140329,0.0008011804615632204
140330,0.00999779776630173
140331,0.0009330738926688271
140332,0.0004943161079578668
140333,0.001106653888874623
140334,0.0009603618631620111
140335,0.0007918772894107407
140336,0.0006797368807420039
140337,0.0011216260755619613
140338,0.003043775177646682
140339,0.0004347438630912646
140340,0.0005297660224058954
140341,0.0010825763690701143
140342,0.003089214157577358
140343,0.0006720634989450212
140344,0.000789253418818973
140345,0.0015072646774283815
140346,0.0009015503271582549
140347,0.01700150666861506
140348,0.0010649064054945871
140349,0.0007031243293847945
140350,0.0006425531962364593
140351,0.0005881065764894226
140352,0.0020955573764762907
140353,0.001246906862666091
140354,0.0012948470374094577
140355,0.001997796764218173
140356,0.0007604871165249362
140357,0.007152392001784501
140358,0.000869359708310109
140359,0.0003198996526157309
140360,0.0011636057144291366
140361,0.0004991687641903474
140362,0.0014576831275585297
140363,0.0010615040836830158
140364,0.001735408492299919
140365,0.016885172614791312
140366,0.005450329253181247
140367,0.0020789139969389415
140368,0.002024264673532433
140369,0.001516325987554714
140370,0.002544683618328136
140371,0.0016128411119197322
140372,0.003132408267131519
140373,0.0007732073782269848
140374,0.0020013750952183134
140375,0.000534104244136743
140376,0.0009676425054993578
140377,0.005410568318141908
140378,0.000982178317155678
140379,0.0020341412417223858
140380,0.0022676753939843146
140381,0.0008703577117509042
140382,0.006552162790391992
140383,0.003153802936718404
140384,0.0009644082519444233
140385,0.004395088154684478
140386,0.0009634481341153579
140387,0.0026007468002659205
140388,0.0004963139680936364
140389,0.0008443955922303814
140390,0.000541745047873918
140391,0.00061469742426539
140392,0.0011655798387221708
140393,0.003644262265046354
140394,0.0005882192460014694
140395,0.00434605780354737
140396,0.002310000802070225
140397,0.00047588658638532497
140398,0.0004350274979577892
140399,0.00048131843677934967
140400,0.009033314407447451
140401,0.001164327094087814
140402,0.004711279613283582
140403,0.0006067386211168874
140404,0.0014130218526923932
140405,0.0056530323353277895
140406,0.0021667303384773602
140407,0.0004061997762440395
140408,0.0006866793444064781
140409,0.004994927470724748
140410,0.0005650285625970879
140411,0.001968375414639306
140412,0.0010361377896990597
140413,0.002301533223151548
140414,0.0009527230216665832
140415,0.001103083766711649
140416,0.0006538339851243817
140417,0.004919027750858482
140418,0.0010229017282623733
140419,0.006107178001612227
140420,0.0004918986534187065
140421,0.0024417574587950325
140422,0.0006441468292415081
140423,0.0012369975316015532
140424,0.000685913678195642
140425,0.0013642200324410793
140426,0.027561362645492114
140427,0.0007757400296653767
140428,0.0014947115826849113
140429,0.0005112790097727919
140430,0.0007670157940302864
140431,0.012442652335441567
140432,0.001202172626282685
140433,0.0005613993687058985
140434,0.0037186311825926363
140435,0.0008649939176144305
140436,0.013938372135149889
140437,0.01815994742947437
140438,0.015333682353725977
140439,0.0010325032059583837
140440,0.0032606563584974173
140441,0.0008386348056902801
140442,0.0005611659666026559
140443,0.0009989138650385418
140444,0.0011482388448857588
140445,0.005416968268168662
140446,0.0028489337073611754
140447,0.004910395236884048
140448,0.0015312838847693143
140449,0.0018148009876991225
140450,0.004523309531643345
140451,0.041205029936209434
140452,0.007478469781939627
140453,0.003555329853127594
140454,0.02936600096552782
140455,0.000930840340967302
140456,0.0018896300803713513
140457,0.006254611586670437
140458,0.0016975858407055665
140459,0.0006255385446706002
140460,0.0007961094816287096
140461,0.0005286339056537369
140462,0.003740652996496517
140463,0.0006882692813260792
140464,0.0011942598788322375
140465,0.0005530474947167041
140466,0.0009975795733454995
140467,0.0006240818314968289
140468,0.0006712342902457742
140469,0.0006521483669764839
140470,0.0020623445654071658
140471,0.0016740281824636463
140472,0.000988248528486032
140473,0.0005802579284162611
140474,0.0013112984092131475
140475,0.0009658553672747305
140476,0.004815297552514102
140477,0.00040944138856684794
140478,0.022823578520638023
140479,0.0009052841358498499
140480,0.02755446698156956
140481,0.0007399558660899122
140482,0.0005246652818575295
140483,0.0009449433687306642
140484,0.0005130104222724613
140485,0.0008152382791570492
140486,0.0018886371594820383
140487,0.003940972551783297
140488,0.0004792311949030464
140489,0.0064011521341134905
140490,0.0007967166445846506
140491,0.00252121075670725
140492,0.0073993108501587915
140493,0.0008735894245655932
140494,0.00048260787740151957
140495,0.0006236437466857546
140496,0.011996847237811414
140497,0.002722202826320258
140498,0.0009856311767385427
140499,0.004244149669907893
140500,0.0007179566755672233
140501,0.0005265111317382024
140502,0.009260608052899924
140503,0.008371203211957116
140504,0.0005601757600155687
140505,0.0008895387568753067
140506,0.0016742578807131792
140507,0.001345114653104614
140508,0.0004170823562253642
140509,0.0006568035179967978
140510,0.0008435214632735383
140511,0.0032212180275537202
140512,0.9946237608598186
140513,0.0010453681167758165
140514,0.0006470033228703935
140515,0.0009212373739753797
140516,0.00413384204627639
140517,0.0021198141844266357
140518,0.0009558219625094982
140519,0.003511939783872272
140520,0.0005039790909988306
140521,0.006877906587623076
140522,0.0012255949694704475
140523,0.0008280381091653045
140524,0.0749113276194596
140525,0.0006699750706911803
140526,0.0015887774340219646
140527,0.0011785519094516836
140528,0.001681586300881353
140529,0.0017122997919112996
140530,0.004030985129191986
140531,0.0008200857435873166
140532,0.0007003543022539449
140533,0.0008136482977269752
140534,0.0007505955128076045
140535,0.0008356431773878216
140536,0.0006467380779072638
140537,0.003080653775973846
140538,0.0032159017174588187
140539,0.001649629359833409
140540,0.0007681475731815923
140541,0.003673811253456581
140542,0.0014710733799565285
140543,0.0003724353039664702
140544,0.012614420297619229
140545,0.0005108973087241229
140546,0.000885702235206286
140547,0.006373679910796097
140548,0.0013565905710782099
140549,0.0012615852604998094
140550,0.0009917313351111888
140551,0.0009759833629456015
140552,0.002077281897826352
140553,0.0012331752848878375
140554,0.0004971184599940405
140555,0.000915485100349953
140556,0.0006889072757100283
140557,0.20213777111921954
140558,0.0007786300881962571
140559,0.0016667071824994879
140560,0.0010841828315543995
140561,0.0005354943209345479
140562,0.0006053877330111145
140563,0.0016261798122635131
140564,0.0009223538086331595
140565,0.00768299148736637
140566,0.002031943970881931
140567,0.0011122384952705075
140568,0.0008439287917792447
140569,0.0005286229986889016
140570,0.0011782122283980996
140571,0.020393621999557125
140572,0.12353651876312807
140573,0.00289418476670087
140574,0.0018980109606082083
140575,0.00691543008051271
140576,0.0013965248885430897
140577,0.0015091887019384172
140578,0.0008393782870606055
140579,0.030533280961056855
140580,0.13288307433120217
140581,0.0012146033179223597
140582,0.0008065365525360901
140583,0.0006228188686521893
140584,0.0011016635515482098
140585,0.0008015133186817282
140586,0.0004737999048304638
140587,0.0008103802864403325
140588,0.9891638725826397
140589,0.0007968398009370362
140590,0.000992904395362723
140591,0.0010936160635406397
140592,0.0007134599060303584
140593,0.0005469689151987645
140594,0.003166598657821658
140595,0.0016830564638375073
140596,0.0005674801810955504
140597,0.0014614046795379287
140598,0.0006781584689985243
140599,0.0004416946732297177
140600,0.00115376007850229
140601,0.0020686073350814167
140602,0.005152015356052694
140603,0.044753493373459186
140604,0.006385908915371892
140605,0.0005288229960812124
140606,0.0009412609768223521
140607,0.001720859521600201
140608,0.0022485896482686073
140609,0.020180451131694116
140610,0.0007185786614922602
140611,0.01856324771078171
140612,0.0008152237029647775
140613,0.0011224627797848778
140614,0.0008051498527025247
140615,0.0012738492971202968
140616,0.008020540764323904
140617,0.0009552190517373952
140618,0.0039449149096683995
140619,0.0005764906258790369
140620,0.00040050648156446557
140621,0.0006935231770158227
140622,0.0006741002732817272
140623,0.0023360278115783597
140624,0.001506581824851633
140625,0.0010053224783006355
140626,0.00048735370473596375
140627,0.0006339155388456281
140628,0.027985712209669587
140629,0.0027147952295140535
140630,0.0010403138154344057
140631,0.0017504806619701176
140632,0.0009849228106267405
140633,0.0006795879373227719
140634,0.003026022463426751
140635,0.04741277797117748
140636,0.0020937823676003206
140637,0.0005607799223504398
140638,0.007998343610950281
140639,0.0013430239900878685
140640,0.000866904516159939
140641,0.005204864549508303
140642,0.0017678945308221843
140643,0.0010337286894709986
140644,0.0028778057750351894
140645,0.001420545082131065
140646,0.0005787164405649221
140647,0.010159094035049346
140648,0.0009907455577223482
140649,0.00042896482694737136
140650,0.001613084302827019
140651,0.0008140051574642218
140652,0.0010424308925534613
140653,0.0013518432012290893
140654,0.006612519861960088
140655,0.0013061538632023447
140656,0.0008437424235479814
140657,0.005609383678859892
140658,0.002745685718224745
140659,0.0009881340187827897
140660,0.0017065730594191053
140661,0.0034929486246422213
140662,0.005583708020599995
140663,0.0009069469381667858
140664,0.0029517912297092937
140665,0.0005425662945337788
140666,0.002631351943313323
140667,0.0007261782627561876
140668,0.0006321273973839076
140669,0.006216668999381487
140670,0.0007944259391911464
140671,0.001035232309233997
140672,0.0009901216410006294
140673,0.007038341959682193
140674,0.003217665172026516
140675,0.0005281453800471459
140676,0.0005508395478943025
140677,0.0005770667447085141
140678,0.008503602407870191
140679,0.0008881111626821005
140680,0.00087419783871447
140681,0.007410420862681757
140682,0.0003170505846514248
140683,0.004754692047746206
140684,0.00399317452397188
140685,0.0009583238446403627
140686,0.0012264885606306758
140687,0.002827466875809731
140688,0.0004994001818711126
140689,0.00860316508503084
140690,0.0007991572739663048
140691,0.0007128877263297148
140692,0.0006217904565596652
140693,0.0006347644251098994
140694,0.0007036577000341602
140695,0.0025999867539290844
140696,0.0012786816079569988
140697,0.001642474922484222
140698,0.0011422841546070862
140699,0.0005626849155779466
140700,0.0007649650588267766
140701,0.0007353926714239922
140702,0.0007428123773335672
140703,0.00142091369479851
140704,0.0007374832223928675
140705,0.018369401656777362
140706,0.0006621472659530447
140707,0.0005797280439882237
140708,0.022733574452816742
140709,0.004551173086653307
140710,0.0009794325390311194
140711,0.0006651453609715936
140712,0.0004966699886952176
140713,0.0009590089244053216
140714,0.0005506159830910033
140715,0.002114680237088348
140716,0.9964536991865752
140717,0.004028623627123118
140718,0.0010309667229041384
140719,0.003941169835434424
140720,0.0015431872702242042
140721,0.0005634012033364407
140722,0.0014684511039877407
140723,0.0012265696036294306
140724,0.023620762038070037
140725,0.0005128819958888079
140726,0.0005044108539895969
140727,0.0029978382078476576
140728,0.028279442557755434
140729,0.00044339641107475245
140730,0.0043634464330552835
140731,0.0032086547035570954
140732,0.0018147632205036228
140733,0.004191989079308232
140734,0.0034605584597066055
140735,0.0005730711885256121
140736,0.0019492118427573246
140737,0.00048062335846688596
140738,0.001012595374169679
140739,0.0007315917700562748
140740,0.0006654553857943
140741,0.0006759885671007692
140742,0.0006205064457805305
140743,0.008958246452158689
140744,0.0009751690492841336
140745,0.007585388292251823
140746,0.0008406320097060003
140747,0.0007485646992379895
140748,0.0032204569668658747
140749,0.0015223717196321362
140750,0.0015729179620205778
140751,0.0007321707045296641
140752,0.0013287154686260762
140753,0.00251257192239045
140754,0.004793687942146931
140755,0.0011702081241132946
140756,0.0028601276690842863
140757,0.004409815119244848
140758,0.004354763654635529
140759,0.0010370465417137277
140760,0.0008509016562533124
140761,0.0011989935028834298
140762,0.0007403152814148104
140763,0.0024035984338871834
140764,0.005310854002556122
140765,0.0012026846996976673
140766,0.000567892826404849
140767,0.008178010644544962
140768,0.0008834851442094534
140769,0.0007232827882121667
140770,0.0006275181081511695
140771,0.0008840918651758694
140772,0.0006198279656104893
140773,0.012309728667799905
140774,0.001047817210328373
140775,0.006063286822714745
140776,0.024329396747611823
140777,0.0008041303140102615
140778,0.0008227904445678021
140779,0.0009521434604284023
140780,0.001584595294402614
140781,0.004779304748293653
140782,0.000572896427672916
140783,0.0020134228282077263
140784,0.00046391866045497664
140785,0.0013023913149459235
140786,0.0006207774676084293
140787,0.0007032910732544194
140788,0.02906380806621704
140789,0.0003985228793226635
140790,0.0025286004991032828
140791,0.0005573982044317301
140792,0.0005681316803786032
140793,0.0014806032195283443
140794,0.0013118886034459605
140795,0.0005929992665210057
140796,0.004269778048560161
140797,0.0014357905724018986
140798,0.0007195542951664022
140799,0.000774848818899472
140800,0.013132040707617707
140801,0.0005790786537834497
140802,0.001943049196865517
140803,0.0012333357278540872
140804,0.031931526767899204
140805,0.0005131571104897144
140806,0.008992482070415126
140807,0.005078599689404245
140808,0.0010642394012315417
140809,0.012716020347908138
140810,0.000625814718333699
140811,0.0010624568825288293
140812,0.0017121577813784769
140813,0.0004612691777855581
140814,0.0006486833966332046
140815,0.0007927335124452686
140816,0.0006594415805723798
140817,0.00636349460642959
140818,0.0006376980777383771
140819,0.002965294308279664
140820,0.0005923951815825161
140821,0.0008124390296043863
140822,0.0034776406552647484
140823,0.026790242738543343
140824,0.0017261112363570132
140825,0.0004968304813540451
140826,0.0005837122518439186
140827,0.0019085997955378452
140828,0.20042305668178795
140829,0.0007797562741344013
140830,0.0007373885515951637
140831,0.0007973148428319398
140832,0.0013611172369544296
140833,0.0023523486079020956
140834,0.0006708294808763948
140835,0.0013849533861696659
140836,0.0007651849363352053
140837,0.000576271367181453
140838,0.014370542065544207
140839,0.0005228729711868392
140840,0.001102573380232104
140841,0.0030263700294524804
140842,0.0013605331631644745
140843,0.0008070169639270866
140844,0.0021886174317884786
140845,0.0016982227417584135
140846,0.007600228962072243
140847,0.0010061866405644882
140848,0.0005485166339682816
140849,0.0022214475254230316
140850,0.0007621447511402524
140851,0.001011746679727902
140852,0.0005667046806312367
140853,0.000527888440828997
140854,0.017399396155423477
140855,0.0010419796377042845
140856,0.013172339182648674
140857,0.0038272377038777164
140858,0.005289402212569034
140859,0.0008113102708060063
140860,0.0006234957946679184
140861,0.0005454380484647625
140862,0.0011474957069686907
140863,0.0005433065735692122
140864,0.0062496596280687605
140865,0.0024158537572110082
140866,0.0009923978492937897
140867,0.006725427972906723
140868,0.0005037855087890493
140869,0.0006172570189626284
140870,0.001739085631548584
140871,0.015526445552939243
140872,0.00047892324926184865
140873,0.0006215937548798048
140874,0.0014867738935834614
140875,0.0007608586044284612
140876,0.0006243069350127126
140877,0.0006770306309837442
140878,0.00117973531099962
140879,0.0019126756178743272
140880,0.0006413092831364328
140881,0.0007740246624262036
140882,0.0004940246733998087
140883,0.0026215659296868078
140884,0.002344348092223278
140885,0.0003897702466648222
140886,0.9875905910530682
140887,0.006052573408617717
140888,0.0015521950441453236
140889,0.0005466545311006922
140890,0.003758303700299667
140891,0.027472192277713716
140892,0.0009721556501025759
140893,0.0011447502825278051
140894,0.0006495074561513228
140895,0.053075245199572095
140896,0.000593407134945059
140897,0.004829137019430041
140898,0.00047935894952544995
140899,0.0008241483349131472
140900,0.002796810776395615
140901,0.0005468139095876963
140902,0.0027503785006119576
140903,0.0005670708721095823
140904,0.0009507766480413801
140905,0.0022205472289470248
140906,0.0014850492648543407
140907,0.0026512230526074022
140908,0.0016767212689838
140909,0.005539466153270764
140910,0.0005715309373687778
140911,0.0008045269481590658
140912,0.0016204743031189202
140913,0.006563480670411027
140914,0.000521030969009632
140915,0.0036113105166817637
140916,0.0007280702123595304
140917,0.0018704821397108667
140918,0.0007476928220856807
140919,0.0026258545444908053
140920,0.0026883983243449947
140921,0.0007899483301090353
140922,0.0009052744692661066
140923,0.0006524063110258862
140924,0.001695816848638708
140925,0.0010709061726359211
140926,0.0006756039278763959
140927,0.0006885874866646177
140928,0.004613329525593554
140929,0.0004515041266297177
140930,0.00048321125951981145
140931,0.0008424441703989726
140932,0.0010129501636923482
140933,0.0008268005539588963
140934,0.03984799425291325
140935,0.0006482369489151402
140936,0.0006102934815530898
140937,0.0005754506271250647
140938,0.000940745639693184
140939,0.0008496052544255144
140940,0.0009648886759325299
140941,0.0006894412761189918
140942,0.0008326055047329403
140943,0.001043228144432559
140944,0.0011375514253837708
140945,0.020437677037455457
140946,0.0016760560974533865
140947,0.0007975747024224568
140948,0.005382179467805181
140949,0.0005430735397074705
140950,0.0006198871529319007
140951,0.003471001838672069
140952,0.0042117868428666995
140953,0.001303541018263284
140954,0.0009964670483718558
140955,0.004016763187665733
140956,0.0008727785274508981
140957,0.014160392604118974
140958,0.001105514029423752
140959,0.004268247954698338
140960,0.0018225689697677688
140961,0.0007147554476158726
140962,0.0015299839550811066
140963,0.0004525559856773126
140964,0.0019433405669415876
140965,0.0006461329598093162
140966,0.004654423957115812
140967,0.0026898169466130655
140968,0.00041093235780305897
140969,0.0027559018405429563
140970,0.000693114235124306
140971,0.003870882550509879
140972,0.004863252934120535
140973,0.0008657532855420028
140974,0.002439698211024281
140975,0.005853433550780032
140976,0.0014202509270188973
140977,0.0009632078368959102
140978,0.0009902081240652492
140979,0.000943401881989455
140980,0.001512710130632275
140981,0.002803003559807766
140982,0.0005049717039525702
140983,0.0008189762190636079
140984,0.0012549660179608233
140985,0.0009022168581552884
140986,0.002152368119471476
140987,0.0019527107738943933
140988,0.002144789897518995
140989,0.0006468395887421622
140990,0.005087958612325453
140991,0.0017366686706364765
140992,0.001502631794164092
140993,0.0007018259772223332
140994,0.9960721370440413
140995,0.0009859904550491012
140996,0.0004122615555769704
140997,0.0019755857535302844
140998,0.0011949068738590655
140999,0.0009085707588998375
141000,0.0009434612207559566
141001,0.03611174592127521
141002,0.0006480025911783467
141003,0.0012530817213371181
141004,0.017483822306505133
141005,0.0005276705352962566
141006,0.004155012555260106
141007,0.01730115922257043
141008,0.0012017602346490607
141009,0.000741632690671051
141010,0.0006787466836984561
141011,0.0647095089778066
141012,0.002118381723935514
141013,0.0005527510112092974
141014,0.0006098654437145319
141015,0.0013169376163393136
141016,0.0017162941610214095
141017,0.0005741162646591219
141018,0.9935924691909623
141019,0.0005601982882921904
141020,0.0005625830653271933
141021,0.0015693410874149452
141022,0.0026449764111099285
141023,0.000897084508042392
141024,0.0007210513278218268
141025,0.0006200580956633632
141026,0.0013163337092787397
141027,0.009492309324502107
141028,0.00037802394053012206
141029,0.0007517891253205938
141030,0.0007614240893543188
141031,0.0006285667043576114
141032,0.0008571221906926543
141033,0.0005154532636465684
141034,0.002435651070550013
141035,0.0026517553410122527
141036,0.0007119141229679194
141037,0.000870995323896029
141038,0.024411842442139314
141039,0.0006621890791285672
141040,0.0008496214842181307
141041,0.0017742503833524546
141042,0.0008724537642255989
141043,0.0014566375312321555
141044,0.0005368919525405148
141045,0.0017813593767763854
141046,0.0004369341385316022
141047,0.0004416433527772552
141048,0.003953749246369657
141049,0.004647361245937122
141050,0.0014861395668809558
141051,0.0005648544147968207
141052,0.0008474767383215195
141053,0.0007870774802372766
141054,0.0011697936026708305
141055,0.004661495804490785
141056,0.0012577391867215047
141057,0.0006405582181986387
141058,0.0004960866973351001
141059,0.0007790452170350732
141060,0.003451412553521459
141061,0.0007128710589305048
141062,0.0026449833574333226
141063,0.0008173526532396472
141064,0.0006053028205093564
141065,0.01924916020076159
141066,0.003025796714836009
141067,0.0014347929048858948
141068,0.0013554061208181606
141069,0.001603442031664948
141070,0.03739051388183143
141071,0.0012262177873682933
141072,0.027293712580195924
141073,0.0006762046141487933
141074,0.005937555604600549
141075,0.0005974057132051862
141076,0.0007809729329691288
141077,0.0005697807276075714
141078,0.0027393454931479086
141079,0.0008254642679851948
141080,0.1283663887029184
141081,0.0006361556061243263
141082,0.0008719123379088027
141083,0.0012755843582162613
141084,0.0005580297530703359
141085,0.0016075719871850235
141086,0.008907847233380983
141087,0.005738081388354286
141088,0.0006113420841248174
141089,0.013802251758166038
141090,0.0003953996688916487
141091,0.0012674669603943889
141092,0.017798949173920546
141093,0.001597582063294439
141094,0.0005928698307361965
141095,0.0033932926440606312
141096,0.0010305709350311673
141097,0.004190635686225446
141098,0.001204665968733182
141099,0.01242614764416368
141100,0.0007636700564469207
141101,0.005246242900748778
141102,0.0007689276154362232
141103,0.001961836157737226
141104,0.0012467085598026953
141105,0.0005956791800244368
141106,0.0009556110132899049
141107,0.0017797307938638616
141108,0.001985045075847007
141109,0.0005821531861112364
141110,0.0009747663742815543
141111,0.0017410286429079293
141112,0.0006214690085590365
141113,0.2046378114996404
141114,0.0012672924318291492
141115,0.002769428395063417
141116,0.0008874470401993695
141117,0.0147006539265018
141118,0.0004470914749899643
141119,0.0022366827686246616
141120,0.0023237843494432193
141121,0.000701552185821024
141122,0.002436155848917257
141123,0.0007376354212364515
141124,0.0006221813027910638
141125,0.0008637254933809335
141126,0.0005958671804744274
141127,0.0014279649039414225
141128,0.0010262183308102828
141129,0.0010415936533082685
141130,0.0005433086697272492
141131,0.007035999660384196
141132,0.0010547032246294205
141133,0.0006238030521968127
141134,0.013967441609828645
141135,0.00034434930687373875
141136,0.1826589249641924
141137,0.0007981381669177052
141138,0.0010528092612325328
141139,0.005760444504835266
141140,0.0013216025141693617
141141,0.0005687106603385232
141142,0.00043393609487026177
141143,0.0007656403890655382
141144,0.0005556156232022751
141145,0.0015283398633714547
141146,0.0015957139956240794
141147,0.0013348846144808676
141148,0.000997653847318964
141149,0.005342265251045385
141150,0.0006817285942312727
141151,0.005751631247274863
141152,0.0004787380519397373
141153,0.0025944745478041235
141154,0.0007623829078453965
141155,0.005588277131871206
141156,0.0009000628464945309
141157,0.0007201345208264399
141158,0.0007098936975963949
141159,0.000466801432185356
141160,0.0018613529228909988
141161,0.0008406053211111148
141162,0.0005979330126161091
141163,0.0007352141581372575
141164,0.0028263326899116243
141165,0.0005401009800317392
141166,0.001179835545714908
141167,0.0005784660937430324
141168,0.004232963426148446
141169,0.0028129454617461845
141170,0.0010036458098295572
141171,0.0015230271639890412
141172,0.0027125846006882184
141173,0.00039287978470331074
141174,0.0011121255933562225
141175,0.004329994544971986
141176,0.0006684552398238051
141177,0.0009345601835901048
141178,0.011060372218739487
141179,0.0012855355276194154
141180,0.001140208722372411
141181,0.002547701315847004
141182,0.003436565542305645
141183,0.0010210028269205574
141184,0.0010890790594178673
141185,0.0014625709368531973
141186,0.0008028471584216601
141187,0.0020255047059994373
141188,0.000961803373687371
141189,0.0010581217899140207
141190,0.0008209106853532013
141191,0.002403987183465815
141192,0.0007671845632335394
141193,0.0005636945251992748
141194,0.001082464473702316
141195,0.0005059379915809893
141196,0.002491744527266178
141197,0.0009126343675683898
141198,0.0012641036822232212
141199,0.00901460638051544
141200,0.0023756299318189863
141201,0.000622253672193629
141202,0.004693769855044527
141203,0.0006454326456007204
141204,0.006114753281681665
141205,0.0004969269915712699
141206,0.011790632862908606
141207,0.9922045540233385
141208,0.9962339292164972
141209,0.004194461495607652
141210,0.0032220369431206477
141211,0.001107379483425621
141212,0.011856666321704842
141213,0.0005502717920061855
141214,0.000819600785053634
141215,0.00040454065873822364
141216,0.0017751748651435553
141217,0.0004720751712901856
141218,0.001757853082556918
141219,0.0004660829715860469
141220,0.005379846528098516
141221,0.0006271457089770228
141222,0.0005518475839366841
141223,0.003636466230195092
141224,0.0044623248646372335
141225,0.9953172738361997
141226,0.0008328293476231691
141227,0.00222025847251712
141228,0.0006866816730381983
141229,0.0005717795235653654
141230,0.0009720886672936863
141231,0.0009358302023879433
141232,0.0005076286426522413
141233,0.0007446478395364744
141234,0.0007135431702942042
141235,0.0032673492748550156
141236,0.0012920379189400885
141237,0.0008978166392574165
141238,0.0008472423915642869
141239,0.002703780038098096
141240,0.0008110200336665282
141241,0.0007649842302568539
141242,0.0005522322084991646
141243,0.0006583681502580123
141244,0.0005635301359015718
141245,0.0004356670184404952
141246,0.017145281294662383
141247,0.0006227669747398282
141248,0.000574999336276443
141249,0.0007459663651512661
141250,0.0009247952211106681
141251,0.001955984984827521
141252,0.00113627222634407
141253,0.0008407216658898206
141254,0.0026077773304919007
141255,0.0009511834906940625
141256,0.000692189363356211
141257,0.0010478344582321407
141258,0.0013564678103317957
141259,0.0006369809313911838
141260,0.0004945992635495381
141261,0.0005182769040893686
141262,0.0037296162182073045
141263,0.0008468710492329322
141264,0.04068932402438381
141265,0.0005797420342148315
141266,0.0007624770555059752
141267,0.0016272185963134489
141268,0.0007943865736547995
141269,0.0007326567971261382
141270,0.017348089337135393
141271,0.0024294747538809343
141272,0.0036799450927897624
141273,0.0010822429864881548
141274,0.0016250437823458104
141275,0.008121473876658403
141276,0.0008649465477619377
141277,0.0005980904096646544
141278,0.006405240512574059
141279,0.002515296586719638
141280,0.0005346234983914745
141281,0.005132331253298833
141282,0.0004889544953517464
141283,0.00614215862486606
141284,0.0007793125124155331
141285,0.0009690763991921745
141286,0.00817643479076596
141287,0.0031462903065644435
141288,0.0008819714204131496
141289,0.0030393292753439147
141290,0.0009112962541288198
141291,0.0007567901180949893
141292,0.0016888931844322402
141293,0.0005883909354635682
141294,0.0005559004121850517
141295,0.020127664405019535
141296,0.0005386374267365372
141297,0.0016876696209674334
141298,0.005191023228136428
141299,0.0009859594608221155
141300,0.004339457330138584
141301,0.0017151909808239105
141302,0.0004497194762777941
141303,0.005622843574058077
141304,0.0006642205876858665
141305,0.0006550069016576178
141306,0.0006814544366768475
141307,0.002653553523320459
141308,0.0008807158672137442
141309,0.0011305312155363708
141310,0.002628708513187806
141311,0.0013501517299463884
141312,0.0029567061913339018
141313,0.0042310728552072754
141314,0.0007304391771617907
141315,0.0005250931315450895
141316,0.0014155720320946728
141317,0.0008940241863335905
141318,0.0010158847327171412
141319,0.0007114335887003595
141320,0.007994224819809142
141321,0.0016726354262768428
141322,0.003274842546078312
141323,0.002804970386630857
141324,0.0008574741106829323
141325,0.006268624502479088
141326,0.0005776783884218568
141327,0.0019563158894020053
141328,0.0040202994630302545
141329,0.0010254987458190564
141330,0.0008531238087275451
141331,0.0008934199060747219
141332,0.0020553786090098886
141333,0.004116510885604096
141334,0.002343535963410956
141335,0.0005006964816258344
141336,0.0004770189761039096
141337,0.04190995991280205
141338,0.0005526531534940601
141339,0.0025555760003820958
141340,0.0009917568540050556
141341,0.00048773444445662106
141342,0.016468703549977124
141343,0.000610508910661456
141344,0.0012873007973772338
141345,0.0025675549371784127
141346,0.010666774801510445
141347,0.0008444074208650117
141348,0.0006852147092666469
141349,0.0014402534240191092
141350,0.000666832720789728
141351,0.0006324947356729743
141352,0.000627467105618221
141353,0.0008945974647257262
141354,0.0010651403981501413
141355,0.0006280124306153211
141356,0.002053212847699288
141357,0.0005811217934510481
141358,0.0009750931909786151
141359,0.0005880213821389684
141360,0.0012109108880263306
141361,0.003099243454828217
141362,0.0015536917603801465
141363,0.0025197410837465507
141364,0.0004927120660434236
141365,0.0004549038462882931
141366,0.0006661707431767243
141367,0.0009096531789096879
141368,0.002976659924965319
141369,0.0017105714554281916
141370,0.0020850230891411815
141371,0.004789725334207943
141372,0.0032833648272071712
141373,0.000615214320218282
141374,0.004599173173372368
141375,0.0031276433052463094
141376,0.0006358443786749909
141377,0.000595016992356958
141378,0.0018473008232046185
141379,0.0020243185517536755
141380,0.0011695631986423326
141381,0.009141303843084708
141382,0.0005297867445869424
141383,0.0004342610491071501
141384,0.0005707884231418068
141385,0.0007164238554995883
141386,0.0004721939321945157
141387,0.0023423244633467353
141388,0.000749575115069834
141389,0.0008781597764490316
141390,0.0010935825270027722
141391,0.0021283902153029707
141392,0.0017903004098646757
141393,0.0003788509752022984
141394,0.0003775832414306119
141395,0.0005453719118871951
141396,0.0008109513370365886
141397,0.001553614360699732
141398,0.002371306882453256
141399,0.0008505255039844816
141400,0.003024194429262445
141401,0.005346064542142908
141402,0.00042185267112867457
141403,0.009034941021071845
141404,0.0010472907818824188
141405,0.0005294592802164715
141406,0.00074466422072702
141407,0.0006711588902124805
141408,0.0021750609781637483
141409,0.002053802691645723
141410,0.00157211364508492
141411,0.005680170691720327
141412,0.021656528873845986
141413,0.00574878478938454
141414,0.000862576487452409
141415,0.001062307080695998
141416,0.0007851713362150702
141417,0.0023476960220481483
141418,0.0009342773458436162
141419,0.0037042666128121555
141420,0.0018626115012565737
141421,0.0005064616168520455
141422,0.000355780050934132
141423,0.0007059044284945838
141424,0.0009066537154466044
141425,0.0007599030609666233
141426,0.002010393317640466
141427,0.0007089661234507385
141428,0.0007490862884378619
141429,0.003298604491950981
141430,0.00043744300582691125
141431,0.0007020028137450664
141432,0.0007200546818861983
141433,0.0013861379017020253
141434,0.0015677275981201603
141435,0.0006027272871816319
141436,0.003561451619027209
141437,0.0005988979195086597
141438,0.0007536705068075289
141439,0.0016002196229758226
141440,0.0007525233383223616
141441,0.0014082250694768491
141442,0.0061444008191832
141443,0.016017016723454035
141444,0.0008114051887098627
141445,0.0009155504897003584
141446,0.000654689487075769
141447,0.0028758581636041435
141448,0.0008878585340645025
141449,0.0005926219498679948
141450,0.0008941048706095106
141451,0.0037474418369615988
141452,0.007761009123134463
141453,0.003470514380144555
141454,0.0007521140431814661
141455,0.0032906473254787913
141456,0.0005310574520124071
141457,0.0006193448576271285
141458,0.0005894946021537132
141459,0.00044204579595555414
141460,0.004215784003535796
141461,0.0005555992050237349
141462,0.0004519687666546051
141463,0.002092746319259829
141464,0.0014070418219303557
141465,0.0004435930611069498
141466,0.0014452337121571733
141467,0.0010057247654044065
141468,0.0008750806067786965
141469,0.0007744069558171221
141470,0.0021545418607066998
141471,0.0022787002152525244
141472,0.00397715124243948
141473,0.0007387972514743368
141474,0.0009255049312611025
141475,0.0005446003773894039
141476,0.007874300437375973
141477,0.0007209538684278369
141478,0.0008038703752536206
141479,0.011405597601544866
141480,0.0007938704809092713
141481,0.000706709004857214
141482,0.0005296073824385424
141483,0.002050755159948072
141484,0.0005755685672113673
141485,0.004722567674248538
141486,0.9929952817271451
141487,0.0021051230282186128
141488,0.0011815721000217475
141489,0.0007449773069954348
141490,0.0007787400100987666
141491,0.9966946758596394
141492,0.014580333200566304
141493,0.0008407517891218389
141494,0.013252297677761891
141495,0.0006030675139524763
141496,0.000638692422258681
141497,0.0007040077992902365
141498,0.0011120838354599758
141499,0.000716762584064858
141500,0.0034781518726812437
141501,0.0010877690098226502
141502,0.0018585501905093033
141503,0.0018445023136046987
141504,0.002406194278613397
141505,0.0005901739041652194
141506,0.0005315570996694541
141507,0.0007170958914069939
141508,0.002736650822532724
141509,0.008004347184181757
141510,0.0007590853916939321
141511,0.003557497403616939
141512,0.0005998287941834867
141513,0.0029986109947320928
141514,0.002643929375171302
141515,0.010401631025347566
141516,0.001362789613648744
141517,0.0004961516773418378
141518,0.0015674652507088652
141519,0.0053115924010101595
141520,0.000925210010033283
141521,0.0008782724849923583
141522,0.00039720353498013766
141523,0.001186075043595759
141524,0.0006631416293332571
141525,0.006815668119417069
141526,0.0009527997136368899
141527,0.001048334033573806
141528,0.0009177279934456555
141529,0.002808915123992432
141530,0.0007879027070471513
141531,0.0013448147088733185
141532,0.0006295092557859132
141533,0.0005678753727248089
141534,0.00047705449432961297
141535,0.00044526583228331933
141536,0.0008136520941618766
141537,0.004396207270273306
141538,0.0010058126944427269
141539,0.010819671803000872
141540,0.20055875570787468
141541,0.0006667437464705523
141542,0.005054789266702675
141543,0.0013361402694303526
141544,0.004633357320369302
141545,0.000614039838126122
141546,0.014432822025493239
141547,0.0010251896776229084
141548,0.0009246136904683738
141549,0.0016082526336333959
141550,0.001135318560374768
141551,0.0008408127761028378
141552,0.0016881019358306517
141553,0.005521122150147209
141554,0.0004640949639036439
141555,0.0030534528624324517
141556,0.0007288277036176037
141557,0.0014057280378086605
141558,0.0004275404670194017
141559,0.0011472962837418776
141560,0.004734308173688487
141561,0.0010220541108410097
141562,0.0008799049964223196
141563,0.0026334555782182526
141564,0.007992596440412518
141565,0.001178221483697506
141566,0.0005770975371838698
141567,0.0051746451237141755
141568,0.0006531815193667411
141569,0.004008798282822995
141570,0.015766162981914675
141571,0.0021863687825731818
141572,0.0016753392373772486
141573,0.016765195599193285
141574,0.0005911284568433846
141575,0.0005018977528693137
141576,0.001226755330420172
141577,0.0011602773556925899
141578,0.001862988099407683
141579,0.0007558466064225047
141580,0.0008530978815652541
141581,0.0006567667508419889
141582,0.0025815031602226647
141583,0.003570263900387447
141584,0.0007973874217573212
141585,0.0016847120288320419
141586,0.000712105230349344
141587,0.0006808260542486514
141588,0.000735866361936702
141589,0.0006859826150128163
141590,0.0008717239129702268
141591,0.006595645325550137
141592,0.0004332096393072685
141593,0.0007506252193426904
141594,0.0005896771394191137
141595,0.02000719196346369
141596,0.01970571824980078
141597,0.0009565427800293171
141598,0.0041002810291511016
141599,0.005530085354655395
141600,0.0005128514212845282
141601,0.0009158650854213441
141602,0.003882036193931503
141603,0.001999676686528067
141604,0.029113514949943724
141605,0.0006286681148872778
141606,0.000591019383178306
141607,0.0006975068324101105
141608,0.06687184119928828
141609,0.9926864595707314
141610,0.012496857705651093
141611,0.020529883468147526
141612,0.0006214050696452803
141613,0.002792135246652155
141614,0.000799498492782631
141615,0.0007505859931710749
141616,0.0005491474540627011
141617,0.0007471723400974015
141618,0.000624862138012257
141619,0.001311245200485929
141620,0.0006702230458970849
141621,0.0053668944031461056
141622,0.011502576093076497
141623,0.0008530001379235599
141624,0.0006251803305499308
141625,0.0008525502076052649
141626,0.005614649712790488
141627,0.005938227068926567
141628,0.0007625459933929602
141629,0.0023006258035138173
141630,0.9972473786230305
141631,0.001446110845727753
141632,0.00047618840015829826
141633,0.001672080922258736
141634,0.0006585717722554772
141635,0.0028481812194154797
141636,0.0006257258353408293
141637,0.002812061294663935
141638,0.9909652198490613
141639,0.0005760507197872916
141640,0.004301165512574768
141641,0.0007111190079315309
141642,0.0005593491893855656
141643,0.0006523299570709489
141644,0.0006991046021852015
141645,0.001170542621712502
141646,0.0005228209547058305
141647,0.0006788632108669762
141648,0.0013262300868842679
141649,0.0008908748242109787
141650,0.007686748326257974
141651,0.0009214011102642921
141652,0.0005572063510824308
141653,0.000953660726977668
141654,0.0024720470741193988
141655,0.0004994647712640456
141656,0.0023627643172754276
141657,0.004137341402734579
141658,0.0006182119298143508
141659,0.0005233545919990213
141660,0.0025940031849545258
141661,0.0028458208335643016
141662,0.0028329325015228695
141663,0.0033661447621704367
141664,0.00048079471119646727
141665,0.0006283013848101489
141666,0.0006576441569651954
141667,0.0011981264055001136
141668,0.0037219623000627026
141669,0.0011801600499722
141670,0.0005633796955411144
141671,0.0007391499510779248
141672,0.0007023458216652836
141673,0.0007012300648918098
141674,0.0005835922949078797
141675,0.0006969125457438136
141676,0.0017021657085922572
141677,0.008200751736487032
141678,0.0006041597730396744
141679,0.0005224621668651184
141680,0.0035092346518341803
141681,0.0007014472954597873
141682,0.0023165599830743174
141683,0.014837072398600794
141684,0.005698829788245142
141685,0.011263482850635366
141686,0.9982612067656751
141687,0.0006567531507413608
141688,0.0006211932336659591
141689,0.0006049626594751972
141690,0.0005063033291854841
141691,0.0033065753283776393
141692,0.0009623385969653399
141693,0.0008542531511666561
141694,0.0006308516498681842
141695,0.005634994247866681
141696,0.0005319541296169921
141697,0.0017353931966901056
141698,0.0022447112790757056
141699,0.0007379610773157782
141700,0.0005090567316774823
141701,0.0004604571995744009
141702,0.0006997299023266474
141703,0.0016607860032556996
141704,0.004304661228600834
141705,0.0028010075754273337
141706,0.00412727133409486
141707,0.000541510781954861
141708,0.0009829151036422985
141709,0.0020575385841280045
141710,0.0007850865885694687
141711,0.0005317040791046269
141712,0.0007402275508293578
141713,0.012845059578656604
141714,0.09024809952492506
141715,0.0024688883886127156
141716,0.0008624998806645946
141717,0.0006452103908223981
141718,0.0028499703737625654
141719,0.0036798532664328336
141720,0.0030953165987227787
141721,0.0037795519191371947
141722,0.0013897675544721469
141723,0.0019548689268844626
141724,0.0004658169798467547
141725,0.00213030083151237
141726,0.0014809100734353435
141727,0.004197427463571087
141728,0.002347084737927027
141729,0.0007205060195385412
141730,0.002239865547263694
141731,0.003593468940737914
141732,0.007284012044597029
141733,0.001508198663188319
141734,0.0036155669230979815
141735,0.003125802779354817
141736,0.006099278979168126
141737,0.0012886845874041423
141738,0.001759467613503857
141739,0.011512488040537831
141740,0.0006521367485881198
141741,0.0006261526806596457
141742,0.0011732438668104017
141743,0.0006512736269316666
141744,0.0006730299650281038
141745,0.004714121147513812
141746,0.0025474791361467537
141747,0.0020364363765876916
141748,0.0012608353808281699
141749,0.0008424231336852989
141750,0.008004121036792185
141751,0.0007111023447393706
141752,0.000620922343980395
141753,0.002866650086198342
141754,0.0004428913303252386
141755,0.0005945550870915426
141756,0.010517518123957377
141757,0.0036844007408834657
141758,0.0020219118057522986
141759,0.9828342888347144
141760,0.0007253397680917649
141761,0.009526253118461907
141762,0.0008959011209450178
141763,0.003677024905310267
141764,0.18144348020088885
141765,0.0015860505602629676
141766,0.0005522099795635864
141767,0.005800852052809202
141768,0.000616039722213458
141769,0.00060652272022815
141770,0.0026334380021039525
141771,0.0009182087015168034
141772,0.0038227600498933045
141773,0.0005757363713879576
141774,0.004668082975104695
141775,0.0007172302140612818
141776,0.000624028420575732
141777,0.019777895406483524
141778,0.0003990318196862749
141779,0.0006070325652437318
141780,0.0004535319095431955
141781,0.0007664407474097637
141782,0.0015344954895454073
141783,0.0029162339489444745
141784,0.0004065203318930807
141785,0.0006273385671553343
141786,0.001683453651698896
141787,0.0009306709005333699
141788,0.00039725204435221625
141789,0.000742511964473736
141790,0.00209719023838514
141791,0.0006253133968782672
141792,0.0009182721771787786
141793,0.005535802125265622
141794,0.0005661970032267326
141795,0.0007791887213351224
141796,0.0006708573355061507
141797,0.0008636383408005335
141798,0.0008752822163220948
141799,0.0032550025609948754
141800,0.0025460477014794224
141801,0.0008137153035589547
141802,0.002233951436226223
141803,0.0005428694878232559
141804,0.0021242018467063405
141805,0.00041378299967349645
141806,0.0023091091402434264
141807,0.002006273376825029
141808,0.0023378587107780475
141809,0.0005425881833430401
141810,0.0054893587538298125
141811,0.0006462881827278554
141812,0.0007630691624457195
141813,0.001048594869884401
141814,0.002700833466800729
141815,0.0008767551557786212
141816,0.005179772615055598
141817,0.0013500766661557876
141818,0.00048262347123204194
141819,0.0007654390292705179
141820,0.0008171773970629742
141821,0.0006806267032220989
141822,0.0016567082122874318
141823,0.0009852431439059618
141824,0.0036005628804907323
141825,0.0007680808138391202
141826,0.0007337220119964143
141827,0.0006461793099064545
141828,0.0005175318251966293
141829,0.0012713711273732884
141830,0.2020069376506588
141831,0.0015371366085684482
141832,0.004423860961922904
141833,0.0013458427127846007
141834,0.0009183019182412964
141835,0.001621345515952235
141836,0.002264711871491629
141837,0.0007500891170638689
141838,0.005170213476199265
141839,0.008110153298900354
141840,0.0008061589752552579
141841,0.006837130489208351
141842,0.002901167240470575
141843,0.0016700435860303427
141844,0.019515734500575074
141845,0.009051789869533592
141846,0.002661849287709546
141847,0.003435399477350904
141848,0.004048415753466334
141849,0.0005881676748731439
141850,0.0012342267901559976
141851,0.001077404656021882
141852,0.000619931571129415
141853,0.0010352306722724064
141854,0.0014517517783007
141855,0.013027067449311716
141856,0.0026435439527621694
141857,0.002318814727373582
141858,0.0026180643000055723
141859,0.0006081090788450778
141860,0.0007025036236234563
141861,0.0014289491694921604
141862,0.0016747406060694343
141863,0.004085009179546583
141864,0.005312217382861813
141865,0.001297003306210435
141866,0.0009025190291862904
141867,0.0008642101097442811
141868,0.0014586591894831763
141869,0.001204926225220098
141870,0.0005540546147079159
141871,0.0018619452267649903
141872,0.0008282667238338447
141873,0.0008221818300302194
141874,0.004876071329953519
141875,0.003388587554766758
141876,0.0009841881616893759
141877,0.0009842604635613087
141878,0.0005451647791527912
141879,0.0006223445672975562
141880,0.00844558850321397
141881,0.0004945578574613549
141882,0.0006859826150128163
141883,0.0004221828602158711
141884,0.9834775996554648
141885,0.0005544438203496717
141886,0.0024611838197019635
141887,0.005275260297661623
141888,0.0007937181590634808
141889,0.0007776351639324851
141890,0.0007676676756897744
141891,0.0025162751730477204
141892,0.0009112692514435866
141893,0.0006815578037198137
141894,0.001100208148135212
141895,0.010506003546942543
141896,0.0011949477054692906
141897,0.001124830298761527
141898,0.0016771633696245547
141899,0.0006902512584331894
141900,0.0008787673667710671
141901,0.01671799708296124
141902,0.002072903079819244
141903,0.005265357026927619
141904,0.004885370854354109
141905,0.006839477917492581
141906,0.000570899803082911
141907,0.004494544933783989
141908,0.0012316850479747008
141909,0.004846199872778262
141910,0.0008229990573505081
141911,0.017703581051899255
141912,0.0010244829595952726
141913,0.0008767269714346142
141914,0.00041264984558195565
141915,0.008487418466770778
141916,0.042288089537983874
141917,0.0011745711222463113
141918,0.005184738999255462
141919,0.002895258858206874
141920,0.0007167351174780696
141921,0.0012185903243745926
141922,0.0005860123832407617
141923,0.0013124681288310066
141924,0.0004962231175694297
141925,0.0005876705761539562
141926,0.002202940692226571
141927,0.0004969448235716949
141928,0.0005912744194000232
141929,0.0008216345404043707
141930,0.0005666223218513789
141931,0.0009039477830553981
141932,0.0008087326112269925
141933,0.0015319459328477511
141934,0.000994730304107158
141935,0.00934397389213831
141936,0.0006456119452725353
141937,0.0011188976166608368
141938,0.0009394590216880406
141939,0.0014830802403995062
141940,0.0020874365054769205
141941,0.0005755247342301031
141942,0.0006390801032339485
141943,0.005956684985760528
141944,0.0005616699481325763
141945,0.000642526971801513
141946,0.0006555313136091204
141947,0.0009026286823845472
141948,0.000692918130244893
141949,0.0032924363549794444
141950,0.01954430559300456
141951,0.0007045063181614829
141952,0.0027757108586653387
141953,0.005356068583534272
141954,0.0005121829424133892
141955,0.00287436532473312
141956,0.1472186399142092
141957,0.0006929039769886943
141958,0.00037248348824826035
141959,0.0005229322474698925
141960,0.0005989738647543193
141961,0.00399308203964263
141962,0.0010827782502092298
141963,0.0011401284695673804
141964,0.007362501575529191
141965,0.0006990647877062503
141966,0.0008455932418527923
141967,0.0007334683793413612
141968,0.006826049400736616
141969,0.004367770136024226
141970,0.003368845695824555
141971,0.0005936562454389656
141972,0.0005146207925289109
141973,0.0004630486944192545
141974,0.0033760026615387738
141975,0.0008289181251268259
141976,0.0005918011713946623
141977,0.0018032498160895597
141978,0.00151545006756282
141979,0.0015269316386050478
141980,0.02390275496866566
141981,0.010748154760168046
141982,0.0006489890822451107
141983,0.005950538139907466
141984,0.0006587259259850611
141985,0.0028079974939145954
141986,0.0006871629722064806
141987,0.0009374215516555793
141988,0.0011329122342817071
141989,0.01948979757274016
141990,0.001204644946479259
141991,0.0011379748086987906
141992,0.0004905492754131538
141993,0.0022091672717830047
141994,0.9963591325833032
141995,0.055896548625540936
141996,0.001183065175187968
141997,0.0011282094850999032
141998,0.0006916728432575789
141999,0.0006239678437728155
142000,0.00043309841335012933
142001,0.0011906543840862413
142002,0.0017262687858870343
142003,0.007557404463485736
142004,0.0006598392304387468
142005,0.0157546304567468
142006,0.006603432391637695
142007,0.0010629462085987062
142008,0.0018590848849167247
142009,0.0007564926885330421
142010,0.0010559639720473801
142011,0.021710687646344515
142012,0.001062620542722444
142013,0.002629033590713166
142014,0.0005917724873204324
142015,0.0018890072548146198
142016,0.0007413308166428285
142017,0.003374969323031691
142018,0.0005198223617449884
142019,0.029365421025571138
142020,0.00038200979959677475
142021,0.001041580352199693
142022,0.001879704651518496
142023,0.0007516082386461412
142024,0.001812127526401007
142025,0.0008584145529864199
142026,0.0015371122353007012
142027,0.0005381217985428878
142028,0.003997014316909458
142029,0.0012453170647978126
142030,0.0034923422022016225
142031,0.0008239972577307882
142032,0.0007875650689151247
142033,0.0007508922679113688
142034,0.0006835470023016626
142035,0.0005712505849355475
142036,0.00116100914852545
142037,0.0008964399888559564
142038,0.0003188572425424894
142039,0.000559783207434055
142040,0.0008192762402656805
142041,0.0038506062933989717
142042,0.0010781194698226554
142043,0.0010052404232184556
142044,0.10250560499559477
142045,0.003146774829054751
142046,0.0008445855638261871
142047,0.000617968597879237
142048,0.0006334123421187427
142049,0.00040256413123702147
142050,0.0008491674836615952
142051,0.0010017645613517863
142052,0.0005471276354809126
142053,0.0007744901937189984
142054,0.9928989744422975
142055,0.008845299412149763
142056,0.000573096296674884
142057,0.003362313870490407
142058,0.000914685723550954
142059,0.0036454927260804373
142060,0.000499001743639987
142061,0.000997564595744733
142062,0.0005961382926146504
142063,0.0018062353950090869
142064,0.0016701498719059247
142065,0.00152321884686043
142066,0.998437151246715
142067,0.0012082778743766928
142068,0.001741088880608426
142069,0.0005026508483776797
142070,0.0026396994439357737
142071,0.0005520247586898147
142072,0.0009046903420327885
142073,0.001218766709194944
142074,0.0006591796246616266
142075,0.0006820850854674339
142076,0.0005629387211484548
142077,0.0010252933425206796
142078,0.0006749133629251425
142079,0.0025240261113841336
142080,0.0015915789407314532
142081,0.0004247556677293904
142082,0.0007166562250368865
142083,0.0020217265026710118
142084,0.0009727990315766208
142085,0.013950859161936325
142086,0.0006875741527091895
142087,0.001684512679905199
142088,0.000497368355202576
142089,0.009304763956474362
142090,0.002075423224905201
142091,0.012012148224716272
142092,0.0007393034084123284
142093,0.0006880373090431191
142094,0.0006332725591427396
142095,0.012150684706417392
142096,0.0005739360460440484
142097,0.003037871205482769
142098,0.0027858660074859807
142099,0.0006986364077592703
142100,0.0036494104475677594
142101,0.0006644481771665262
142102,0.0011090524629291578
142103,0.000586985015606024
142104,0.0003919027779952933
142105,0.0010177211628387061
142106,0.0004976354663196365
142107,0.0035260191835441933
142108,0.002741859298419645
142109,0.0014779527045542602
142110,0.0010505009450081323
142111,0.00040924072356156305
142112,0.0013801805118066161
142113,0.0005932767298248395
142114,0.12518649605199805
142115,0.0011913708295709113
142116,0.0010238279526452337
142117,0.0004609672913886521
142118,0.0014933469175443734
142119,0.0027169857801409383
142120,0.0004757117159116339
142121,0.0007167822485288419
142122,0.0006234940892737297
142123,0.0006931737894234578
142124,0.0007103893360706484
142125,0.031520339540037204
142126,0.021197001030553136
142127,0.0004298258251237964
142128,0.0007984480216240175
142129,0.003848286163901634
142130,0.0006586185282862527
142131,0.0007564750202832707
142132,0.002612910542879872
142133,0.0005490747714959775
142134,0.0004828480878431901
142135,0.0007048697459590533
142136,0.0014725340621677724
142137,0.000541974727305322
142138,0.0016422592710907521
142139,0.023282089057161448
142140,0.0020642487834331077
142141,0.0010419917097259192
142142,0.035841814179341076
142143,0.0011347013099970613
142144,0.0011777724124986395
142145,0.00255158990276105
142146,0.0004841006417844089
142147,0.0019806339511878384
142148,0.0006031188713372174
142149,0.0010240338240724914
142150,0.0009059565520528186
142151,0.000513434704998575
142152,0.002866495562561481
142153,0.0014742456156006502
142154,0.0005401529996543411
142155,0.00096496712791089
142156,0.00046291249484180897
142157,0.0037498218742734925
142158,0.005764182025020058
142159,0.0005509937777715898
142160,0.002197294073335006
142161,0.0004196911800217089
142162,0.0015452871608216956
142163,0.0010209496987768516
142164,0.0010307795868619374
142165,0.0024937455053349418
142166,0.0006260399399697069
142167,0.0020191896847601113
142168,0.0005541886831890554
142169,0.0017251432731764762
142170,0.01375094147946121
142171,0.0015788520601290974
142172,0.022790032105809807
142173,0.0011697064238714036
142174,0.0008224804023311515
142175,0.006285294487989045
142176,0.001554940194408596
142177,0.001318290603527316
142178,0.0015451798028071006
142179,0.0009678045189697041
142180,0.0005915494103838874
142181,0.000760965082520349
142182,0.0009557060372053031
142183,0.00039207104824050514
142184,0.0020820151888503
142185,0.004149297894410389
142186,0.0004927956894287418
142187,0.0015359482463304752
142188,0.0011241709287732864
142189,0.0014530248013809597
142190,0.0009102397179876368
142191,0.0014030699745577588
142192,0.0008559265947116674
142193,0.006193423984430949
142194,0.0008487958380509745
142195,0.004098970424551611
142196,0.00065161921354401
142197,0.011065474563859872
142198,0.0007056228570199217
142199,0.0004453792520174977
142200,0.0005288925411159739
142201,0.0008692987316038399
142202,0.0007661576536497287
142203,0.0005190567982040443
142204,0.000512788039715141
142205,0.0008383862965337782
142206,0.0012821733406739749
142207,0.0007414658051732015
142208,0.0008529015459805569
142209,0.0005819318444574399
142210,0.0008176775840577473
142211,0.0011104273941085641
142212,0.0017576805130710845
142213,0.0019494297107740637
142214,0.9954018523002114
142215,0.003776515059090704
142216,0.034644755340107816
142217,0.014523735449292138
142218,0.0011393613048336316
142219,0.00156617158427818
142220,0.0032023938807924177
142221,0.0008088546762026518
142222,0.0005933289217933556
142223,0.0017205456997626207
142224,0.021101553190716313
142225,0.006907240209450086
142226,0.0006443246295403421
142227,0.8559063058912375
142228,0.0018551076169065887
142229,0.0007197182618901134
142230,0.002945479349731508
142231,0.0005449361325743299
142232,0.0018899279719393315
142233,0.0012794461812154654
142234,0.0011933007587241742
142235,0.0017545020860691078
142236,0.0006837331569494538
142237,0.00060893514350086
142238,0.9929504041795463
142239,0.0007042291065451635
142240,0.0010773971187895423
142241,0.0009061736901837434
142242,0.0010537601877049921
142243,0.0006314626709860851
142244,0.0011367514102511914
142245,0.0006407220702913363
142246,0.0006605247236667693
142247,0.0044129942487575145
142248,0.0008609147284380738
142249,0.0007744620262766641
142250,0.0005697619523226224
142251,0.0011146746131762576
142252,0.003346617210932854
142253,0.0008522471011852399
142254,0.0005548333902466154
142255,0.0007929382190167669
142256,0.0011134021459282856
142257,0.0014461662360182354
142258,0.0026310797848159307
142259,0.0016663375454083655
142260,0.0005536674083395933
142261,0.0008034562835478561
142262,0.0010757640773779384
142263,0.001261140420627106
142264,0.001478067175557689
142265,0.000489302689119659
142266,0.0020435579032361565
142267,0.0006838873199467997
142268,0.0006498081873530085
142269,0.00051433279297158
142270,0.0009582498573384909
142271,0.0008985604986374461
142272,0.009410929334587407
142273,0.0038631326108225592
142274,0.014802487616183971
142275,0.0006921436129662782
142276,0.000825845312769612
142277,0.002580181084175278
142278,0.003669939128500818
142279,0.014200655326855872
142280,0.9976487885977432
142281,0.0006016391782620865
142282,0.0008970306786088989
142283,0.003379820558183283
142284,0.000976337438326024
142285,0.006706058134815297
142286,0.0007719346205577935
142287,0.007588305716995845
142288,0.0005459232299387423
142289,0.00040713500384742226
142290,0.000675375594345775
142291,0.0007902919488793472
142292,0.001199694499969769
142293,0.004431698880688654
142294,0.0005501293312841746
142295,0.004530061165009106
142296,0.0009965805315924584
142297,0.0007728314024652822
142298,0.0009779345064549229
142299,0.044732340658762325
142300,0.0017885796936710557
142301,0.0006169678368723191
142302,0.0021708039157305563
142303,0.0018732067656073992
142304,0.0012893336507162757
142305,0.0013089266455741416
142306,0.0007803409170855228
142307,0.0007496251235405054
142308,0.0011450476030457697
142309,0.0006919371165252748
142310,0.00047345537855485403
142311,0.0010711774918066093
142312,0.0011624011935460732
142313,0.0011458299572631976
142314,0.0008402052005692547
142315,0.0007960568296522638
142316,0.0021491553453329227
142317,0.0011396333805018376
142318,0.014330362615424148
142319,0.0006162907476909892
142320,0.004958011498667054
142321,0.0004994052408192677
142322,0.0017888338281378748
142323,0.004701114853148089
142324,0.001691014102478481
142325,0.006607664405214814
142326,0.0005835515379251707
142327,0.006699235397101361
142328,0.0008575798287928992
142329,0.0004244633433577803
142330,0.0012005437518795078
142331,0.0007652450753007052
142332,0.0005926590941772057
142333,0.0014338730074128173
142334,0.9904055382057868
142335,0.0007265762933381099
142336,0.005651174147589184
142337,0.00041557234212732106
142338,0.006939319655396839
142339,0.0007666277541157345
142340,0.0006222084810229726
142341,0.0014480900530558947
142342,0.0003599545504022324
142343,0.0017250392308368785
142344,0.0007987525521012301
142345,0.0030248133789630596
142346,0.0008224540156218768
142347,0.000531009178590321
142348,0.0004296017690979131
142349,0.003485653697124097
142350,0.0006401888442752516
142351,0.013311465868049002
142352,0.0007008634671105173
142353,0.0005260896010605851
142354,0.0006995064918291751
142355,0.0024242147298971493
142356,0.0008757699122486737
142357,0.022265098588178128
142358,0.0011853002458728271
142359,0.0004640091330642017
142360,0.0015847321597171008
142361,0.0007325752020554467
142362,0.002394123983781997
142363,0.004674087293080871
142364,0.0022166381057884465
142365,0.0006368415471309767
142366,0.0006797795319692466
142367,0.0005181140148302562
142368,0.0003896583342496003
142369,0.0021103120975723482
142370,0.0008046813662399002
142371,0.0006741819631384
142372,0.001148401725436567
142373,0.0005976954107062197
142374,0.0006797807517313786
142375,0.0006308740234388058
142376,0.0018125626371374463
142377,0.0004914109729980394
142378,0.0015162498958019813
142379,0.374410310141145
142380,0.004981078360369484
142381,0.00127538704960383
142382,0.0006200243847848859
142383,0.0008873942398376129
142384,0.000636589201547507
142385,0.0029560973053943088
142386,0.0039757697707278085
142387,0.0008023303603576766
142388,0.0006870079022009643
142389,0.01227041763518785
142390,0.0006815582429455155
142391,0.0007728580944784728
142392,0.0005402431723385422
142393,0.0023712702373013383
142394,0.020290601982564
142395,0.05805010699441508
142396,0.0006398192825894217
142397,0.0012488920575708328
142398,0.0007626498248197968
142399,0.005875225225555178
142400,0.0014597483308963727
142401,0.001864798460122401
142402,0.0006168217048983671
142403,0.005186567117278655
142404,0.0008901990642403803
142405,0.0029620942779739817
142406,0.004201736994876429
142407,0.0006632951451538973
142408,0.0007300908187256393
142409,0.0006680784344473472
142410,0.0010818534912618615
142411,0.0011387777322807767
142412,0.0012519158026952474
142413,0.0009394027335407266
142414,0.0015159511686690832
142415,0.003795376996086711
142416,0.0011650117244782158
142417,0.004048558818044511
142418,0.002036097984135302
142419,0.0010508100734198471
142420,0.0008337860024850937
142421,0.0008197602291467238
142422,0.004983159092896837
142423,0.0005405972871939533
142424,0.0010980754071510525
142425,0.006506758357791104
142426,0.0030475669026698957
142427,0.0014128027394075676
142428,0.0008280945399819431
142429,0.0008144749304640386
142430,0.0007452949901986773
142431,0.0010872838789423096
142432,0.0021422532273189477
142433,0.0005961025683406121
142434,0.0002753960512993743
142435,0.004849802498108328
142436,0.0006390769592107034
142437,0.004397159126390047
142438,0.011063536750926233
142439,0.0007496466588377316
142440,0.0005078699807196581
142441,0.0007936615739059277
142442,0.001268050431966253
142443,0.0006987173292806551
142444,0.002347417141209356
142445,0.04984794329784687
142446,0.006963681957181329
142447,0.9487228514812622
142448,0.0004458278338658783
142449,0.012824391739351928
142450,0.0016045042699702671
142451,0.000535008115635921
142452,0.0005598850894915734
142453,0.0010231200180327096
142454,0.01008443146137853
142455,0.0031484571111534913
142456,0.00045040797739766204
142457,0.0019368669241878723
142458,0.000560133741303953
142459,0.0011611127870377567
142460,0.0010318526880938805
142461,0.0011446739714725364
142462,0.0006450234821088818
142463,0.0009600618668057033
142464,0.005031028871805042
142465,0.0007770306656377836
142466,0.0010087772769215432
142467,0.0006161320598031584
142468,0.005083891861264199
142469,0.0007250506957450523
142470,0.0005908784293759534
142471,0.0007146037334357573
142472,0.1499510967522827
142473,0.005848709774367802
142474,0.0018347558455663565
142475,0.0012918376639792285
142476,0.0008287747738027424
142477,0.0006582009467450316
142478,0.0028883367500212066
142479,0.0005985969353652456
142480,0.0007752103693437845
142481,0.0011927750978044706
142482,0.002769058261332864
142483,0.0015875721425386558
142484,0.0010642477780422256
142485,0.0008428678377305356
142486,0.00032435100555739055
142487,0.0017560166744450402
142488,0.0011558342579157757
142489,0.0030715715527366463
142490,0.0005409916810798823
142491,0.00043565151881022385
142492,0.0005931494985681698
142493,0.0012226256638952385
142494,0.0008246187305106914
142495,0.0006561659331040608
142496,0.0006679180283745951
142497,0.0005492822508364577
142498,0.0006748338077861227
142499,0.003219825091943089
142500,0.003364104084747883
142501,0.01021696502773633
142502,0.9970134410584957
142503,0.005627119100311179
142504,0.0026322686080466327
142505,0.001704745051104242
142506,0.0025887962103256362
142507,0.0007698451601108013
142508,0.008094615072161842
142509,0.012833644952604877
142510,0.0006717578611151379
142511,0.002339453770946338
142512,0.0016530657946621052
142513,0.0030604172482276114
142514,0.0005027611492317624
142515,0.000612887883469292
142516,0.012780986981401263
142517,0.0005774717445784937
142518,0.0007704480797725739
142519,0.0023626194010898972
142520,0.0005913815440673556
142521,0.0006361087394884651
142522,0.013524419721063602
142523,0.0011385934561256163
142524,0.005683784563811907
142525,0.0005999566160337458
142526,0.007556094734911572
142527,0.0008666577339255578
142528,0.0005929133840590468
142529,0.0013667557573408102
142530,0.00047098651778611754
142531,0.0005516032012262307
142532,0.0015667574013052067
142533,0.0019838688522349317
142534,0.0032379682426174816
142535,0.0008536202498176846
142536,0.0023405133469106727
142537,0.0005867841221373166
142538,0.0008999354671719329
142539,0.010029214098486304
142540,0.0012480306124604656
142541,0.0007853438145781634
142542,0.0008978344892758578
142543,0.0005864238576209949
142544,0.0012180195124319518
142545,0.0007695450923422191
142546,0.00044152004963989917
142547,0.0004886844490163619
142548,0.0011492156059882304
142549,0.0009158964839495961
142550,0.0034287596836507124
142551,0.016002303000016305
142552,0.0017594933352420004
142553,0.0006116566916124287
142554,0.002268577185259383
142555,0.0009262440514577156
142556,0.0008577244162514795
142557,0.0025286260455825585
142558,0.0008172891643795214
142559,0.0008580695405855748
142560,0.0009671326170655557
142561,0.012966037230907446
142562,0.013625257306885599
142563,0.0006879564910614803
142564,0.0007604929105117693
142565,0.001099721863191748
142566,0.9989446688915046
142567,0.0005770447542615822
142568,0.0012285314763294715
142569,0.0017457475882167487
142570,0.0019334548353149516
142571,0.0004995269275250338
142572,0.0017629971862468848
142573,0.0006607959661393152
142574,0.0009861340566550607
142575,0.0005819684300175372
142576,0.00044095020651485086
142577,0.0005648176080869221
142578,0.007469177951392647
142579,0.001054821551926665
142580,0.9479402425690828
142581,0.0006250634485236423
142582,0.0010588020251643406
142583,0.0009022872290699208
142584,0.000881699516569508
142585,0.006026103789184887
142586,0.0006499593887951969
142587,0.005048599218352545
142588,0.0007400627594537552
142589,0.0004389876166986413
142590,0.000647015156488444
142591,0.009745426618584623
142592,0.0008274551865504698
142593,0.0005406266963784295
142594,0.0038247666597711625
142595,0.0008251195268914844
142596,0.046948548603793036
142597,0.0007459113035960753
142598,0.0005968799211679079
142599,0.0005338507090064889
142600,0.0008047015873181604
142601,0.005313469660974518
142602,0.0008763014238093371
142603,0.001426083658696687
142604,0.0006050107228730089
142605,0.00047607751696392153
142606,0.026778270711388212
142607,0.000665985829599188
142608,0.0012074494635525908
142609,0.0008103672868746993
142610,0.0007989748496837575
142611,0.009810593411650892
142612,0.000282493717138271
142613,0.0010219483201053437
142614,0.0011437379880784291
142615,0.0006788373964162744
142616,0.0028608411134496614
142617,0.0028228949194743984
142618,0.004689179160740679
142619,0.0008630571900312114
142620,0.0019801306628622426
142621,0.001409871133805494
142622,0.0048654379120353745
142623,0.0009719933274215912
142624,0.0011463998212782789
142625,0.0006979074973685005
142626,0.4679643496309677
142627,0.0036479663644143523
142628,0.0008684075061144978
142629,0.005277859055694877
142630,0.0005578697732264264
142631,0.0095567898855087
142632,0.0018403542710619144
142633,0.0005378422568895462
142634,0.0006838880423594515
142635,0.0006827284380167278
142636,0.0006062403184311953
142637,0.0009001436710029285
142638,0.0009012653692762737
142639,0.001079245429671763
142640,0.01181474026660561
142641,0.0007737059463224221
142642,0.9841474672843578
142643,0.0037989089969759395
142644,0.008150457377189871
142645,0.0007248343492790888
142646,0.0009108309693161053
142647,0.0006278910934125761
142648,0.0006096168398938987
142649,0.001229735297102397
142650,0.0008405817993171704
142651,0.0032397546024542367
142652,0.0006038826834018698
142653,0.01352534634588607
142654,0.034412120101140385
142655,0.0005660898154974284
142656,0.004493903080025036
142657,0.0004537116772326119
142658,0.0005535433412660159
142659,0.0008828133372655346
142660,0.001140111529015267
142661,0.0007997914875802584
142662,0.0020918584584374593
142663,0.00234119360574053
142664,0.001446268565917659
142665,0.0007624834540441832
142666,0.0012134215651030435
142667,0.0006407821904661275
142668,0.0010533671682215614
142669,0.006568935607227453
142670,0.03237079773793861
142671,0.0023673605144244247
142672,0.0008684660230844069
142673,0.0012662218952562408
142674,0.0014144445993865516
142675,0.0007745719275369542
142676,0.024902518294350046
142677,0.007777554588539097
142678,0.0014833446450921825
142679,0.0007492896080609508
142680,0.9960790320961191
142681,0.0005126588308755722
142682,0.011299255551085368
142683,0.0007238850508262337
142684,0.0006157381165794838
142685,0.005651738061909556
142686,0.0006810199337332189
142687,0.001038459464535096
142688,0.007534297108444156
142689,0.0007237676488509809
142690,0.0020349704162086974
142691,0.012860463616604183
142692,0.0006876178137177492
142693,0.0017679296844179812
142694,0.9974955713963423
142695,0.001484757589571704
142696,0.0020655688191710394
142697,0.000640527315182034
142698,0.005846634739866184
142699,0.0009635649396669566
142700,0.0008284846291287951
142701,0.002052865360925547
142702,0.0006608066960292425
142703,0.01636445691619118
142704,0.0014991164439918758
142705,0.006325274787859636
142706,0.00059796437523812
142707,0.000875144051770595
142708,0.0015123175159655444
142709,0.010996838273096986
142710,0.010103829341731776
142711,0.0007056420970148981
142712,0.0021930482553652103
142713,0.0005904280632359954
142714,0.009260975680602834
142715,0.0003580238244116422
142716,0.0007459974874249461
142717,0.0018051190296926511
142718,0.0013179668712778553
142719,0.0006780304182724948
142720,0.0020010447647009675
142721,0.008534871953704943
142722,0.0018221414403951767
142723,0.0007992232134480634
142724,0.004343752540646044
142725,0.002006291922652701
142726,0.0010835987064685046
142727,0.000722513143857406
142728,0.00506352060458867
142729,0.0011100508531333366
142730,0.0005649805607746835
142731,0.0005463964391642148
142732,0.0007321976869352567
142733,0.0009015764286479371
142734,0.0016632410557156688
142735,0.001180219158022397
142736,0.0008000662414158332
142737,0.9887328065980786
142738,0.0006348742723422927
142739,0.0012078942996030637
142740,0.0006891202485021076
142741,0.0006704985983965422
142742,0.0007162178316554683
142743,0.0007612670828825068
142744,0.01433603946084434
142745,0.001556850113555501
142746,0.01099610055765206
142747,0.0006545631704290554
142748,0.000516719426370892
142749,0.009894484411987379
142750,0.0005828437525928079
142751,0.0007821105687732617
142752,0.003497752477221169
142753,0.0008332098485200122
142754,0.0009002741116078865
142755,0.0011808224344790346
142756,0.0010898672384910759
142757,0.0007698260733510865
142758,0.01451947106384855
142759,0.0005708709597406693
142760,0.001619450374436488
142761,0.0008521674315424437
142762,0.0005787478814659256
142763,0.0081797355453423
142764,0.0009591084003130907
142765,0.01162559849020274
142766,0.0018817319877741496
142767,0.0011375287421083113
142768,0.0004952685556378713
142769,0.006650390265895496
142770,0.0011444305646977724
142771,0.0005811151888199908
142772,0.0005925400235107446
142773,0.0018913516306684804
142774,0.0009234224020918879
142775,0.0026356391008552473
142776,0.0010685431448142742
142777,0.0015858207735569628
142778,0.0016257260304509717
142779,0.0005722736427345063
142780,0.0006761117818398671
142781,0.001023772514110192
142782,0.002602222700318072
142783,0.0009833741520268884
142784,0.001269383431074079
142785,0.0005064463017538509
142786,0.0011746712175202856
142787,0.0004601968574890528
142788,0.0008338503434302885
142789,0.0027866310827055867
142790,0.0017673089005794435
142791,0.0007482867766789947
142792,0.0033096528521253388
142793,0.021720742474099334
142794,0.0065122759114499395
142795,0.0005844458874890039
142796,0.013474993605135634
142797,0.0006774631917819618
142798,0.013518476697480521
142799,0.0006083444192042057
142800,0.0020190558185342704
142801,0.0005115852493791948
142802,0.008810771351163552
142803,0.0005814520281843226
142804,0.0018387504545017254
142805,0.0009542324496200059
142806,0.00081201873206523
142807,0.0007312136681895139
142808,0.0008375977059328591
142809,0.0006339419952762478
142810,0.001098472116256753
142811,0.006205158778723289
142812,0.006817441425013781
142813,0.0005460352553120176
142814,0.0009791993590172402
142815,0.0006790002116927587
142816,0.002069037954625839
142817,0.0006785096126408101
142818,0.0006345522875372875
142819,0.0010964412749938366
142820,0.0009036077342667937
142821,0.0019510659030940914
142822,0.004170431974714287
142823,0.000804721823657558
142824,0.0013966756017730541
142825,0.0015880578691175478
142826,0.001405534244526575
142827,0.0011694477525033822
142828,0.004138708529419551
142829,0.0011378240496116043
142830,0.0007357439351973129
142831,0.002086477813387691
142832,0.0003914508556000911
142833,0.0005133917173219708
142834,0.002468249674007406
142835,0.0006546050720797987
142836,0.0013166068525429617
142837,0.0005909809971594931
142838,0.006910780146189364
142839,0.0009829865822342534
142840,0.0007741084581988353
142841,0.0005941482256257392
142842,0.008870623521040732
142843,0.0009882281983204261
142844,0.0019915847748017018
142845,0.0007090780304302923
142846,0.0012720848294783906
142847,0.005945117781502297
142848,0.009926791376898534
142849,0.0005994613481134124
142850,0.0022598810257239183
142851,0.0024694325948028902
142852,0.0006298953240001677
142853,0.007343091977296618
142854,0.0019740259332520754
142855,0.0014729888434074755
142856,0.00396478225000116
142857,0.0006914518940071286
142858,0.0029951578636729865
142859,0.0005639625792526041
142860,0.001212540592993952
142861,0.0006589703395143934
142862,0.00398893842547065
142863,0.0005711665457085618
142864,0.0004323771137432954
142865,0.0010116355225920763
142866,0.003051841348169723
142867,0.0009220139314494753
142868,0.0009780259972392098
142869,0.0017350522828902958
142870,0.0008113269279950597
142871,0.0007092172188886998
142872,0.0010445749657337264
142873,0.000837607362297928
142874,0.001907466078412713
142875,0.0008156661512660177
142876,0.004648321328047695
142877,0.0011722244874268705
142878,0.0006654414494007996
142879,0.0011846512253611864
142880,0.001138384742828237
142881,0.0006854712352649516
142882,0.001123631764281637
142883,0.0007395215372155667
142884,0.0010197344998130933
142885,0.0009717622412614745
142886,0.0009358714406307914
142887,0.0020427262634554895
142888,0.0004273863384364801
142889,0.001003261086522991
142890,0.0023082977720657433
142891,0.0005050186242056568
142892,0.00043800797119792907
142893,0.0036425598738791865
142894,0.0017038342568288436
142895,0.0006503042880083513
142896,0.0005444436017710958
142897,0.003363870539597508
142898,0.0009577606058751255
142899,0.00039628116133612134
142900,0.0003928288161708285
142901,0.0005238235701229076
142902,0.0005108973087241229
142903,0.0028264977251268126
142904,0.0006286495023877972
142905,0.000568192046739252
142906,0.0007825473844309924
142907,0.0009776343759975322
142908,0.0008960962183286471
142909,0.003425269660676983
142910,0.005997435100688531
142911,0.0021873264243086454
142912,0.0011525603184101383
142913,0.0005674818567274744
142914,0.0012654336400515194
142915,0.014885315970614725
142916,0.0011944587741211283
142917,0.001626056151505728
142918,0.010443661622793136
142919,0.0008071025418518108
142920,0.000980754802026911
142921,0.000321918199396189
142922,0.001198628564279798
142923,0.0006467016243761586
142924,0.001284709216772295
142925,0.0015533445580523321
142926,0.004211257511710565
142927,0.0010013886869338854
142928,0.0012505542449400165
142929,0.0006496211825703915
142930,0.0006681840711318103
142931,0.000680468964683661
142932,0.0010999079738529946
142933,0.0013238932685215186
142934,0.9910682534803863
142935,0.0008782088132715242
142936,0.004738032841257474
142937,0.0007631174923037951
142938,0.0003981532697889702
142939,0.0018218246615205528
142940,0.0015578017792084418
142941,0.007111068800146831
142942,0.00048459772668505737
142943,0.0006994996440134128
142944,0.0004715973724478848
142945,0.0017618554403859117
142946,0.0007035110021613014
142947,0.0013822139614458918
142948,0.020269046743583513
142949,0.003860026256739624
142950,0.0005977473770892852
142951,0.0031744732833489213
142952,0.0014253618492548917
142953,0.0068196041697518115
142954,0.0009736117525289697
142955,0.0019778873671769974
142956,0.0006244794752843078
142957,0.0005700445601815225
142958,0.00048458476573247117
142959,0.0005924882491239736
142960,0.00829439640522104
142961,0.0006219212341792497
142962,0.0025590634299582854
142963,0.0007524844694262398
142964,0.0007910200556940576
142965,0.0005881475054223271
142966,0.0006507042773915061
142967,0.0010390745755249346
142968,0.0022172036544479802
142969,0.0016824091145174083
142970,0.41880586046561996
142971,0.0005538000025918268
142972,0.0009210797574285849
142973,0.0008399033183737985
142974,0.000517852995385841
142975,0.0019082080856863397
142976,0.0025835197218336096
142977,0.0006001849187812297
142978,0.028028097548679597
142979,0.0005555493064697326
142980,0.00071731737038468
142981,0.9890097526534237
142982,0.0005430227630211046
142983,0.001776224624389045
142984,0.000780622526980452
142985,0.0012101885632736127
142986,0.0018467329824652743
142987,0.00392897957172216
142988,0.003571692039870179
142989,0.0007432179025920242
142990,0.008229953106282696
142991,0.0012625615251460167
142992,0.018190456930671367
142993,0.0027624296760584252
142994,0.0007796227741835361
142995,0.00819017504787817
142996,0.0003653891542547599
142997,0.0006144962823000988
142998,0.0010931590770226788
142999,0.0065128854410000615
143000,0.007179863353518478
143001,0.0011211509922261615
143002,0.0006736372153187322
143003,0.0007159176982477621
143004,0.0011905748257261175
143005,0.0017975501896900043
143006,0.002484840357107179
143007,0.0012779232991785168
143008,0.9956795793496902
143009,0.0005717635139450127
143010,0.0009373360086360228
143011,0.00186171479074926
143012,0.0013848758128813894
143013,0.0006312678919869338
143014,0.0006368925772947801
143015,0.003567507967618715
143016,0.002388667949589173
143017,0.0005300388873877178
143018,0.0020734136484837355
143019,0.00850832462688023
143020,0.0008178982522381885
143021,0.000627414957247878
143022,0.0024553560373445056
143023,0.001185472335827653
143024,0.003469577628062715
143025,0.001041106215969864
143026,0.0005551248782327731
143027,0.004157372547614236
143028,0.0007829280509380747
143029,0.0014957485471600884
143030,0.002371847043956197
143031,0.0006293033350743041
143032,0.0006449250353891314
143033,0.0006380576734540101
143034,0.0040286569505049875
143035,0.0007863678857402015
143036,0.0019372168347055454
143037,0.024909789143169048
143038,0.20051990481874613
143039,0.0004904735512058259
143040,0.0033948662630279244
143041,0.0011770105093681718
143042,0.0004477470335630655
143043,0.0005333867724840121
143044,0.0007675659491412998
143045,0.0020575528875400925
143046,0.0008164364188026556
143047,0.004042509750364795
143048,0.0017736895486167225
143049,0.9971860627552458
143050,0.003861310115626559
143051,0.0005816568511331359
143052,0.0007500466344765127
143053,0.002192292788265982
143054,0.004739992244908817
143055,0.0012460711366983055
143056,0.0029127808028164724
143057,0.0009919171150151165
143058,0.001336204124525074
143059,0.00476702459298738
143060,0.0008417957250937899
143061,0.0016708333861765504
143062,0.0017394203936815444
143063,0.0006256029265621492
143064,0.008505085680303415
143065,0.008273873633619007
143066,0.0006999899278225293
143067,0.0004928961507529827
143068,0.0006559583307125963
143069,0.0005725419880442161
143070,0.0017658602148802056
143071,0.000750904644077104
143072,0.0032319192499177044
143073,0.005231275662812259
143074,0.0008731253547739073
143075,0.0017113761748356253
143076,0.0006085112095047898
143077,0.0008469975515411162
143078,0.0005609979706247766
143079,0.0009381676652997549
143080,0.004378627043542771
143081,0.0013738506585935593
143082,0.0009519434095028126
143083,0.2004225310131217
143084,0.011465659727862483
143085,0.0006160063856830254
143086,0.0007699530008760535
143087,0.007641046652464934
143088,0.0008228382731883129
143089,0.000602056261424248
143090,0.0009431322018965986
143091,0.008487753991256345
143092,0.003855248335527788
143093,0.000699862226874513
143094,0.0004530811507849399
143095,0.0013864869903213208
143096,0.000959302514667933
143097,0.041355672391881204
143098,0.001128092342627897
143099,0.0011484234187689613
143100,0.0005230559372183402
143101,0.0005965257895047813
143102,0.0022514577047721028
143103,0.0017547233505330446
143104,0.000504518680809662
143105,0.00058625391279348
143106,0.0003693370312719365
143107,0.0005418680607362806
143108,0.0005803418336958798
143109,0.0008358402070763154
143110,0.001342117385391662
143111,0.0005759462045341747
143112,0.0010741661403560975
143113,0.0007363981780991672
143114,0.01996238018914197
143115,0.000525268447844877
143116,0.0004858097455973878
143117,0.0034315492245572095
143118,0.0029570538520264393
143119,0.0011808768685729642
143120,0.000648183801183877
143121,0.001528037779396944
143122,0.0005321471498901904
143123,0.0011645058669675508
143124,0.0009261758958874459
143125,0.0006255994939641846
143126,0.01988853119076211
143127,0.0006331138280552132
143128,0.0014976604133486897
143129,0.000683061659994241
143130,0.0004311090207569458
143131,0.0005540824133077552
143132,0.0011253562345763723
143133,0.0006886547632231939
143134,0.0022607012816585875
143135,0.0007729717475008898
143136,0.0011952575463869929
143137,0.001566922309571926
143138,0.003639232748530392
143139,0.000854131006210234
143140,0.000783542925056659
143141,0.005879012270169862
143142,0.007771666304083135
143143,0.0006137583345672067
143144,0.0005781887334907164
143145,0.00048641756629367905
143146,0.0004626233073657748
143147,0.0007724309990305714
143148,0.0005910704987939211
143149,0.0073630415396030175
143150,0.0010111162555174634
143151,0.0005126071888952907
143152,0.0026173077394794023
143153,0.0006786431550180743
143154,0.0006003950943647004
143155,0.0022760823305993084
143156,0.000960632138175618
143157,0.0023237477434104783
143158,0.0006985875016616583
143159,0.008037407718543462
143160,0.0004529602615847699
143161,0.0017225214641825165
143162,0.0035148912400915335
143163,0.0004739732001998899
143164,0.0004600413705796362
143165,0.012346681617055197
143166,0.0010532566640075098
143167,0.0013371857891623022
143168,0.0008424200890230643
143169,0.0018688279234492014
143170,0.0007304109779472088
143171,0.0066394915585987185
143172,0.0005957743769965726
143173,0.0007807768164536711
143174,0.00353806826463386
143175,0.0009295929119457539
143176,0.0016435079526327732
143177,0.0014263180953345788
143178,0.00044403004944550974
143179,0.0007014852286302137
143180,0.001020443247388547
143181,0.0033672153292390893
143182,0.0008750732984753524
143183,0.008937616041146651
143184,0.0010678484802799123
143185,0.0011778127744397605
143186,0.0013145437896091565
143187,0.0008899922953965926
143188,0.0008213081241350554
143189,0.0009269416678727774
143190,0.002125688852001326
143191,0.0087829051564099
143192,0.008319726831661904
143193,0.0004649600463258875
143194,0.0006893065053216994
143195,0.0007436408061997254
143196,0.0005921082174297238
143197,0.0005723123171997638
143198,0.0010052814553643216
143199,0.0007436794147636522
143200,0.0033256135373381734
143201,0.001801873309402
143202,0.0008394506633444039
143203,0.0006006374432921825
143204,0.02667568660779355
143205,0.0005679512017507946
143206,0.001465347555671991
143207,0.0008286132896506229
143208,0.0015109110484490956
143209,0.0009037459908068316
143210,0.000745661660634482
143211,0.0006457432281609472
143212,0.000692386354661803
143213,0.0006709170616075116
143214,0.025933866138316712
143215,0.0006156294425346612
143216,0.0017129033426570303
143217,0.0003883183775986174
143218,0.0009733117309846319
143219,0.0006504736517697688
143220,0.0006228451620004298
143221,0.0005106135776336709
143222,0.0005550900907232048
143223,0.0025119102791473853
143224,0.0008773888898509893
143225,0.0008087507036571119
143226,0.000656968615100719
143227,0.996150693513158
143228,0.0007354693920381429
143229,0.0008734010182312746
143230,0.001261183951462351
143231,0.0005254910472784385
143232,0.001676905984934236
143233,0.0015572422631720617
143234,0.005302632330503229
143235,0.012320948678195939
143236,0.0005507778856739668
143237,0.0019153568713041556
143238,0.006146448992489343
143239,0.023070371534641664
143240,0.0007703486627319549
143241,0.0015621663960982608
143242,0.0005533847387317703
143243,0.005928755827488535
143244,0.000625912840130558
143245,0.0004733746524019137
143246,0.0005332884519686794
143247,0.0007154493041044233
143248,0.013986275640565517
143249,0.0006591767576168915
143250,0.0005917822465861658
143251,0.000615687857802222
143252,0.0012302148780047417
143253,0.0289194530038536
143254,0.0005882391246896425
143255,0.008152131794285884
143256,0.006994403409215047
143257,0.0019023900674353114
143258,0.0004376456567242498
143259,0.0007245319104900581
143260,0.003493966064472778
143261,0.0012635735319973679
143262,0.0004332989795539575
143263,0.0006492307635476284
143264,0.0008361993986440557
143265,0.0005764017490823843
143266,0.0037537033865886354
143267,0.007971551197791051
143268,0.0037379429941567077
143269,0.0006424022921944462
143270,0.0026838635852540283
143271,0.0005395803490429748
143272,0.003394368172028424
143273,0.0015067513149427305
143274,0.0010835125155112678
143275,0.0017198569837328333
143276,0.0010507048011160348
143277,0.0010219316822227893
143278,0.0026930372989028175
143279,0.004719762782462552
143280,0.0007658460083091998
143281,0.001185045432600128
143282,0.003048565876092636
143283,0.006139925406158753
143284,0.0022967487880125232
143285,0.00047836379386320856
143286,0.0005900503528653868
143287,0.003530075731319627
143288,0.001297183723962812
143289,0.022055414986604592
143290,0.0007466019876074786
143291,0.0006836645266055244
143292,0.001218217789081749
143293,0.01792851653914663
143294,0.004411094918442891
143295,0.0014613312894119332
143296,0.0015285706573169543
143297,0.0005296211820361555
143298,0.0013507142240209197
143299,0.0008294705086039588
143300,0.0005711542576546441
143301,0.000604708322302772
143302,0.007923639463556936
143303,0.0015792814710956261
143304,0.0020989892682850937
143305,0.001286041624598906
143306,0.0006105108261112895
143307,0.001052365187645868
143308,0.0007598748542774424
143309,0.0009960368475580839
143310,0.0007977761909417913
143311,0.0033968268685077943
143312,0.0003833009756723238
143313,0.003465751381405366
143314,0.0006056759165367861
143315,0.0010033256515531801
143316,0.003860241361908627
143317,0.0008650961639004326
143318,0.0013776917399484475
143319,0.012972973305215102
143320,0.0021239549107272405
143321,0.0007813671998282013
143322,0.00041194223465143966
143323,0.03381944736516297
143324,0.002263002024325664
143325,0.005641772378124827
143326,0.00047934266999361593
143327,0.00035423691561724133
143328,0.00071868797041529
143329,0.01118304565583228
143330,0.0010103680104375904
143331,0.0006829375978459563
143332,0.0005765737731936348
143333,0.0054676453392740465
143334,0.010879975395498374
143335,0.0015462829057308366
143336,0.0005836544837599757
143337,0.0006521536411452779
143338,0.0012945648671664122
143339,0.0007218254420037825
143340,0.008093877607082281
143341,0.004787188923872016
143342,0.0010412671927718818
143343,0.0015116695415145235
143344,0.0008239187216938877
143345,0.002122831328233479
143346,0.0027896431958379536
143347,0.002588854154669072
143348,0.0011694164990154175
143349,0.0033762241155837255
143350,0.0007176012994936818
143351,0.0006538516311293339
143352,0.0008913283737301496
143353,0.0017321267785053666
143354,0.0005892733741356726
143355,0.0032789254015138025
143356,0.0017471036655560346
143357,0.9923323783693935
143358,0.0009498531194366617
143359,0.0018641419427682378
143360,0.0006581435972562906
143361,0.00863029148900769
143362,0.00792791313232726
143363,0.0016499258450713274
143364,0.0006599870574657316
143365,0.0005358340752328234
143366,0.01703734013730296
143367,0.009126898687131537
143368,0.0005741407244175422
143369,0.0005386623772508755
143370,0.001231012269817853
143371,0.0013397717180776995
143372,0.0007805957375323954
143373,0.0010381318420916697
143374,0.0010116840240691348
143375,0.00048090082954970603
143376,0.0017976370774152194
143377,0.000572262930119843
143378,0.0014653739272537686
143379,0.000585896897177868
143380,0.0007654996142687624
143381,0.0009184134750952278
143382,0.001811922264570053
143383,0.0010017013710878183
143384,0.0013778392620257397
143385,0.0008249616467588749
143386,0.0006375114752372086
143387,0.0006071763587107984
143388,0.0005613743821944906
143389,0.005766673165191203
143390,0.0006051622281114596
143391,0.0028298841819854458
143392,0.0007617710380865591
143393,0.000850197160721853
143394,0.00885571945068871
143395,0.014555925710816285
143396,0.0018090893130859992
143397,0.0011462608592375358
143398,0.9962133984087879
143399,0.01039354705986591
143400,0.0011526943677171878
143401,0.007422031261205503
143402,0.0013162036994550134
143403,0.019402089667061966
143404,0.0006535238957686516
143405,0.004056021472829657
143406,0.0005795694965867386
143407,0.001139690482842163
143408,0.005689798522204477
143409,0.0005327750336024396
143410,0.0011229323843523036
143411,0.007835370015341188
143412,0.001491007013054907
143413,0.001562452815706003
143414,0.0006004135955257138
143415,0.0023352930187397238
143416,0.0031339475308615455
143417,0.0006024117956243884
143418,0.003531917197594464
143419,0.0012189186017725747
143420,0.0014402886679658927
143421,0.0004936877061854631
143422,0.015374669777275198
143423,0.00714549118339806
143424,0.0007630207809389963
143425,0.0006821314250899659
143426,0.0009289560183444878
143427,0.011187004550934633
143428,0.0008686971756827507
143429,0.0061664921826742715
143430,0.0007829652179002298
143431,0.0008449897521156237
143432,0.009084485010065025
143433,0.0006980094118579012
143434,0.0009077780693087501
143435,0.0008488860904115908
143436,0.016464361976785424
143437,0.003805552983398036
143438,0.0009025548975253052
143439,0.008016434874590458
143440,0.0008412557571978913
143441,0.000649255566552666
143442,0.0007697129246002306
143443,0.007636843117717316
143444,0.0022083925307906397
143445,0.0006756081627489798
143446,0.0014049609779979854
143447,0.0024315445336367987
143448,0.0009181112598590881
143449,0.0006479015639165396
143450,0.006406537947855994
143451,0.0016702518403267578
143452,0.0012915772011650225
143453,0.0005902526452757738
143454,0.000836280418545468
143455,0.0008671308997758219
143456,0.000725316403070331
143457,0.0005104000344424578
143458,0.011485955925721315
143459,0.0006875447852834578
143460,0.02984349779982491
143461,0.004586913730661694
143462,0.0012242037307272542
143463,0.00449296655771533
143464,0.0011016729145593433
143465,0.0007504218580932063
143466,0.0005684432673874705
143467,0.20105882004886536
143468,0.0037396361185674794
143469,0.0012041537509804273
143470,0.0005722833027261395
143471,0.0007435443792090011
143472,0.0004976364547881482
143473,0.009065822622196103
143474,0.0016662651992684077
143475,0.0007017715863172236
143476,0.003352634916464322
143477,0.9970078353096701
143478,0.0005287840259358045
143479,0.0011873664207407205
143480,0.0032909478544877525
143481,0.00160774583824717
143482,0.006109387562786667
143483,0.00033726705668057645
143484,0.0015425743708192149
143485,0.0010687383384294885
143486,0.0010382462395083314
143487,0.0019060428695776802
143488,0.004850323174597604
143489,0.0007847059574029966
143490,0.0020763381878290354
143491,0.0007175857084277002
143492,0.0029055467750738395
143493,0.0024453574166818236
143494,0.0007081103090155732
143495,0.0016543003199966705
143496,0.0027340731040803997
143497,0.001035976803383052
143498,0.0008582440310611038
143499,0.0038255399517974917
143500,0.011746446705157633
143501,0.0007460014080941299
143502,0.05199274204167942
143503,0.005074927912713526
143504,0.0013639617668737367
143505,0.0007902045301674291
143506,0.014438666162820132
143507,0.0036665552471088977
143508,0.0006827549613906828
143509,0.00045797400337803894
143510,0.0005255800336702487
143511,0.00093626167720443
143512,0.003622964520288621
143513,0.0005269463023297582
143514,0.0017150399507306795
143515,0.0008782594620618464
143516,0.002032699971631902
143517,0.0007402092910921022
143518,0.007373813362806476
143519,0.006040678357346138
143520,0.0005542387226324981
143521,0.0010867977568829435
143522,0.005145073909577082
143523,0.0022519666610130384
143524,0.0013818728303424078
143525,0.001055754975158353
143526,0.0004951804171498923
143527,0.020316598171942885
143528,0.00044480665270939815
143529,0.0008102358735762409
143530,0.0006961728174817981
143531,0.01581872401682031
143532,0.0004062619727742279
143533,0.009548666505122688
143534,0.00048322014482916155
143535,0.0008351239741776008
143536,0.007734548540306148
143537,0.0006745490273389606
143538,0.004620352238781899
143539,0.007046381581559076
143540,0.0007315881074272676
143541,0.018771030378578635
143542,0.0005320869654706164
143543,0.0010244212252998027
143544,0.0007125374901036039
143545,0.004238168641255922
143546,0.0020615070274084607
143547,0.0008383990360686178
143548,0.0005489027309367459
143549,0.0010388663189307703
143550,0.0005908452592126597
143551,0.0005157006079749516
143552,0.0008530228468391914
143553,0.001523856619135943
143554,0.0011435848721290981
143555,0.0029863436709047088
143556,0.00047386280963026444
143557,0.00802552102353344
143558,0.0011445028035677969
143559,0.0019211674718257461
143560,0.0013514058199951932
143561,0.0025783876512969544
143562,0.000725144413103634
143563,0.0008019147784679747
143564,0.0011730272295797566
143565,0.0064442705284198905
143566,0.0014462761261750596
143567,0.011503800221885158
143568,0.0005724098663141852
143569,0.0008938662397430582
143570,0.0017172658043490255
143571,0.0007755473118705754
143572,0.0005574673575585022
143573,0.012937457173592896
143574,0.0023156952522073062
143575,0.011544384952715956
143576,0.0005943632639167077
143577,0.0010221375174206092
143578,0.0009105862422807815
143579,0.08904970614784755
143580,0.0055906448882490755
143581,0.0008171627338608677
143582,0.0017024002142753299
143583,0.0008214830403099034
143584,0.0016041067262921253
143585,0.001221164541831683
143586,0.0018251034795332601
143587,0.0013669175138893543
143588,0.01534266621213472
143589,0.0008139484336284397
143590,0.000878256798662262
143591,0.0008509166667140936
143592,0.0009285037012212277
143593,0.005932035029987873
143594,0.0009218821674487905
143595,0.0007536052084923944
143596,0.0004962962859440338
143597,0.0004816512628420738
143598,0.0005263546881288919
143599,0.00118776638307817
143600,0.003965808620529383
143601,0.0005907431009160391
143602,0.2010950493484359
143603,0.004342972159934399
143604,0.0019388598599467672
143605,0.008870635790227009
143606,0.0007872757182406929
143607,0.0005850875128979612
143608,0.0004410918623200664
143609,0.0032159280504321782
143610,0.0008924303154063993
143611,0.0005528749593848282
143612,0.0006179734123113609
143613,0.0017774157499180455
143614,0.002127662173252276
143615,0.0004779197870173244
143616,0.0012175960781315065
143617,0.0008292904699188725
143618,0.9956159695011811
143619,0.00100214703007211
143620,0.0007849541160731525
143621,0.0020620810599653143
143622,0.0015189670164741632
143623,0.0005665218540736665
143624,0.007028068729387412
143625,0.02754998085026483
143626,0.0013060554032810747
143627,0.0008439167141385562
143628,0.0006056516358032945
143629,0.0017821127461345467
143630,0.0005468434114929837
143631,0.0006035494271279457
143632,0.0018519942041793458
143633,0.0010615015805253468
143634,0.0019938450953728613
143635,0.0008002161696617689
143636,0.0008140980481425582
143637,0.002664131787306143
143638,0.000496294949171896
143639,0.0005034315293743618
143640,0.0008103234510093813
143641,0.0008280922910390085
143642,0.002787309230545581
143643,0.0007437076422140627
143644,0.0004955024566315959
143645,0.00711338345392793
143646,0.006046125370232112
143647,0.001480399128580914
143648,0.007204139511526366
143649,0.0006849356421382487
143650,0.0008810501628206382
143651,0.0006126470110959793
143652,0.0046226416450792646
143653,0.0006615999746928905
143654,0.997301764384565
143655,0.0005277084228896847
143656,0.00824594196676156
143657,0.0009272172725622674
143658,0.0041841413274802414
143659,0.0006411636064914428
143660,0.0005896337180255797
143661,0.0006595281349779914
143662,0.001375630131758493
143663,0.0007154961765639926
143664,0.001638343297772754
143665,0.0006862406958265862
143666,0.0004525870651258427
143667,0.000625334696343748
143668,0.0006062281096627303
143669,0.0007008954910553862
143670,0.001003229044083144
143671,0.0006407060824673014
143672,0.00048240410604986407
143673,0.0005139007974393363
143674,0.0005423413520548407
143675,0.0012918340102385868
143676,0.0004750027836127825
143677,0.0007004905819509811
143678,0.0012061928735438718
143679,0.0005726761921048392
143680,0.0016629162784436728
143681,0.000531549247438007
143682,0.0008261031429089336
143683,0.0005276531695909809
143684,0.002587802663489843
143685,0.20845072950704283
143686,0.0006655116871707347
143687,0.0012981077315765953
143688,0.004595528849509203
143689,0.002606407656736961
143690,0.0007941027571099512
143691,0.0036807198389608438
143692,0.0010919065385765294
143693,0.0006311558246498707
143694,0.0007637132714672739
143695,0.0004988141851855526
143696,0.00734684404829954
143697,0.0006487563477443857
143698,0.003301386527998486
143699,0.001573240536764295
143700,0.0017887210183164816
143701,0.0010918646830947046
143702,0.0006239510336165399
143703,0.0010960654172473352
143704,0.0007922042458583839
143705,0.000709445116794204
143706,0.0008304304819545761
143707,0.0012336639709966779
143708,0.9971618361189555
143709,0.0015094957017021081
143710,0.003753763814566552
143711,0.0005684781301726696
143712,0.008741660603024531
143713,0.0005019289680045376
143714,0.0009394399596345714
143715,0.0009838885635908843
143716,0.0005699638238036716
143717,0.0015670775101545673
143718,0.004386273018425891
143719,0.0007459996704952286
143720,0.010142157026142731
143721,0.0007375439708821017
143722,0.010519852351368722
143723,0.9850539925957272
143724,0.0009443936228555566
143725,0.0010268761879881196
143726,0.0006798858195724137
143727,0.005896992596331569
143728,0.005914550906562881
143729,0.0013434505926769584
143730,0.0005076525415376327
143731,0.5866847109649513
143732,0.0006534939465589892
143733,0.0023424683984434066
143734,0.0005721561860826969
143735,0.0015713728425929235
143736,0.0028679904848559045
143737,0.0005548981634685329
143738,0.000633371332096551
143739,0.0007766943130778545
143740,0.01249640639646008
143741,0.0004351910450520944
143742,0.002476698472480449
143743,0.000713908020877792
143744,0.0006377697404752956
143745,0.003308967447014529
143746,0.0007708048297126588
143747,0.0005157170922940792
143748,0.006200487901135613
143749,0.0006840315422776278
143750,0.00123479259575434
143751,0.003593547533773336
143752,0.0007361192074379283
143753,0.0006266013363422957
143754,0.0006613745235509788
143755,0.0018247948182531682
143756,0.0006583026229378354
143757,0.007328305903603699
143758,0.007840140481130867
143759,0.002256473291755677
143760,0.0006608728084555112
143761,0.0004308734330868163
143762,0.0014059029636945726
143763,0.005276893461400796
143764,0.0007178806702040691
143765,0.9983173027176094
143766,0.0011019246866812047
143767,0.0012337211949692852
143768,0.0035404778902449587
143769,0.12033344085218778
143770,0.004965896924564953
143771,0.0012307427095642348
143772,0.000537601065951252
143773,0.0007156944164689941
143774,0.0007466843079640543
143775,0.0005320778089408254
143776,0.000594578992523744
143777,0.0007553146081200051
143778,0.0012970498118838468
143779,0.0007087454303452433
143780,0.021945349531146068
143781,0.011676293035843343
143782,0.0008485753577546133
143783,0.0008257977709665064
143784,0.002214334064090999
143785,0.0012968892025676051
143786,0.00048680681834695525
143787,0.00046519412232280113
143788,0.00046766787409066124
143789,0.0009245480168699636
143790,0.0010578786831959481
143791,0.0012537029838518066
143792,0.0004430257623616673
143793,0.0005279175363944156
143794,0.0006257324194134727
143795,0.0005849512055695348
143796,0.0008690689631945186
143797,0.0006529974044654292
143798,0.0004321893691086564
143799,0.0015395020253158329
143800,0.0005465248152677054
143801,0.007115868412235406
143802,0.0022171837515492236
143803,0.0013436314806403163
143804,0.0037641106695512363
143805,0.00044035328503587976
143806,0.000498245601997313
143807,0.000876501198396433
143808,0.0010191695991574093
143809,0.0011073851724599315
143810,0.026967863336813322
143811,0.0008474274467809464
143812,0.00245158934701634
143813,0.0005865678297650198
143814,0.0005590554625187998
143815,0.002058106883660651
143816,0.0004991683721064248
143817,0.0076520375343709975
143818,0.022178830728199952
143819,0.0008510697294628984
143820,0.007366488672106135
143821,0.00041096954203060255
143822,0.0007446849201138548
143823,0.0011076500255419834
143824,0.0007703152942927855
143825,0.0007985301668098474
143826,0.000740265819974182
143827,0.003153834744407168
143828,0.000951503218633722
143829,0.0005381687034423089
143830,0.0009453396466253991
143831,0.0006637438170966035
143832,0.0015782717014781028
143833,0.005088401018322024
143834,0.0006540835539160254
143835,0.0007096113400603063
143836,0.002195372103718442
143837,0.0006103630801366966
143838,0.0010729286151388595
143839,0.0008313001923120966
143840,0.002671531001405293
143841,0.0007830713900079738
143842,0.007658767608663861
143843,0.0006287968091411321
143844,0.0007951437768030816
143845,0.0007450998491849914
143846,0.00040340903200465915
143847,0.0020536089492134988
143848,0.0006016266264868424
143849,0.004808819282033841
143850,0.0022748662159350515
143851,0.0008842550370158615
143852,0.20092052370725108
143853,0.017840859690052842
143854,0.0038469668120523553
143855,0.00048684145416794626
143856,0.0011907193324025333
143857,0.0007747305988722937
143858,0.0009162490194973947
143859,0.00050528061830229
143860,0.005843779734436777
143861,0.004697466888054162
143862,0.0017910706144466696
143863,0.0005874367909057144
143864,0.0009509356023684127
143865,0.003260911689767685
143866,0.0010594459752056816
143867,0.0006403063649045984
143868,0.0012085540014561873
143869,0.0015990509247092704
143870,0.004611863429392248
143871,0.0009494250208129769
143872,0.0008688760380900082
143873,0.0009846834636881656
143874,0.0009120855187993836
143875,0.0006254140295640332
143876,0.0010696273973256243
143877,0.0008293294595787615
143878,0.0008274139372651732
143879,0.0016448770316331478
143880,0.0007945622643861169
143881,0.001018367538952627
143882,0.019965664005023292
143883,0.0005179875949584508
143884,0.004822872851842151
143885,0.0006015461923042212
143886,0.0008453447729046019
143887,0.0005654624233740514
143888,0.002913952190849942
143889,0.00043946363147734813
143890,0.0008467469053534574
143891,0.002634429967380995
143892,0.0022744519644573202
143893,0.000518562220926303
143894,0.0011934991178887255
143895,0.0005465037873530439
143896,0.9963179709545978
143897,0.014050624360776254
143898,0.011375108662761636
143899,0.0006184615725003404
143900,0.0005828809911101465
143901,0.000681637986793089
143902,0.0006563234037975864
143903,0.000727698085337361
143904,0.0008316613198205992
143905,0.0014758394308643492
143906,0.00125064796740261
143907,0.0006638005781396071
143908,0.003667952879866444
143909,0.0009574587303066944
143910,0.0035716075407763856
143911,0.0007236040019092498
143912,0.0023955345344852355
143913,0.0008892212850380799
143914,0.0006792366627434011
143915,0.0005949636540336763
143916,0.0016831984086416616
143917,0.0014634174918454297
143918,0.0035225553027975996
143919,0.0006506887210483369
143920,0.003781514803775086
143921,0.0006657105923484498
143922,0.002717063027991129
143923,0.0009525208195739716
143924,0.0076768962040288475
143925,0.0005037008213772558
143926,0.0033444997065487803
143927,0.00045732063163887797
143928,0.0011781486712496823
143929,0.001985321472856517
143930,0.21033700399647925
143931,0.0006182003770140421
143932,0.001316711530595005
143933,0.0014449130720179683
143934,0.004224515036057851
143935,0.0007807918062553475
143936,0.000606925348485052
143937,0.0003554423383077052
143938,0.0005364741370114029
143939,0.00040276582093315655
143940,0.0019072529486748205
143941,0.0007978312305572832
143942,0.0007856628236049339
143943,0.0007547544050707058
143944,0.003980544969255887
143945,0.0006296333200169314
143946,0.0006050732829504206
143947,0.0007539407935664916
143948,0.0011411039658623086
143949,0.0011443022546345316
143950,0.0005436900112062628
143951,0.0008193189679390374
143952,0.001171071931955932
143953,0.005573573106660563
143954,0.0007825659418152231
143955,0.0004175138710552645
143956,0.0010583029258728434
143957,0.013153172533948133
143958,0.000663670089501697
143959,0.0006711861907110594
143960,0.001700004609509006
143961,0.009281181321655844
143962,0.01127791697575702
143963,0.0007233603596620624
143964,0.0013213267502812293
143965,0.006351368712643996
143966,0.003235195180484956
143967,0.0011906499707081443
143968,0.0008407692715694827
143969,0.0007243902436129947
143970,0.0007970667002270789
143971,0.008496107758675365
143972,0.0006289950933930772
143973,0.00259662645622581
143974,0.0006482843305124054
143975,0.0035397776953968742
143976,0.0037749721798958193
143977,0.0028777186917895675
143978,0.0016442517486089058
143979,0.0014234781573738693
143980,0.0006796137955912046
143981,0.0014001751498025118
143982,0.001068125556266815
143983,0.0006970033760767252
143984,0.0003593874511883219
143985,0.0007876191611703004
143986,0.0026289850991486766
143987,0.0011756114493221266
143988,0.0007982052716754807
143989,0.0014935558073380663
143990,0.0005507752944934616
143991,0.0019266681278105571
143992,0.0009541605812358658
143993,0.0006518640691573022
143994,0.001141574824056477
143995,0.0006435070306518665
143996,0.0010351065638623013
143997,0.001303583094296802
143998,0.002518054490209637
143999,0.0008065104108447758
144000,0.0016464080751770098
144001,0.0004983010965270246
144002,0.001266768674239163
144003,0.0008544465080831099
144004,0.0007739377206269459
144005,0.0005565215084017237
144006,0.0009142160786255393
144007,0.0018863611272348863
144008,0.0030297184505071253
144009,0.0008637148426528256
144010,0.0010964801022235347
144011,0.0006083372207059763
144012,0.0005918312828893874
144013,0.0012338657448699125
144014,0.003337656848807391
144015,0.003249438736939403
144016,0.0007448558125622225
144017,0.0010344353175059545
144018,0.001087842668987149
144019,0.00095332905312889
144020,0.0008602560759946537
144021,0.0058063358428935355
144022,0.0006198903271322198
144023,0.007568685054654384
144024,0.007548336163345034
144025,0.001762170340381683
144026,0.9728984388016266
144027,0.0007444962849654322
144028,0.0022432950326384572
144029,0.0005521678270758106
144030,0.003080012577610189
144031,0.000639025719765834
144032,0.0006438511580677542
144033,0.0012011263270731943
144034,0.0007396412124414398
144035,0.0022393201379484057
144036,0.0014879628295019407
144037,0.0036759957815140657
144038,0.001042402965062885
144039,0.0005591078391145182
144040,0.0007609600913551055
144041,0.0007083920270533241
144042,0.0013065471513971905
144043,0.0007962510934473148
144044,0.0017552763874547745
144045,0.008749193586674234
144046,0.0005738381388574987
144047,0.0035040272870726866
144048,0.0008687551051252903
144049,0.0007695992979127771
144050,0.002240222397026749
144051,0.0053932348313361295
144052,0.005894877186837824
144053,0.0018845604326902564
144054,0.0007694857589755724
144055,0.004045643382186887
144056,0.0019131646666381021
144057,0.0008300414753766918
144058,0.0012114647782898414
144059,0.01596806479454841
144060,0.0009779424551277088
144061,0.0009296568768980599
144062,0.002558302376434723
144063,0.0034542957656757464
144064,0.0007391002285687992
144065,0.0020302314326647174
144066,0.0016991129034864205
144067,0.0017492820270279038
144068,0.005047749094097535
144069,0.0004257068565105133
144070,0.003949528319382577
144071,0.0006463049116983613
144072,0.0017683249718325345
144073,0.0006852307394283495
144074,0.0006830916557077928
144075,0.0007446435638890888
144076,0.0011812954763417607
144077,0.0006126905424218308
144078,0.0005680490464857204
144079,0.0008439566948786633
144080,0.0009614925959892265
144081,0.009764169039224136
144082,0.0011662498811022127
144083,0.0006482286807325786
144084,0.0015255552492371809
144085,0.0006758908415596841
144086,0.0006420806493239638
144087,0.0004697032051862976
144088,0.08652885152926243
144089,0.0010050244155621157
144090,0.0010376435050084621
144091,0.0008008615365137947
144092,0.0005991232260046844
144093,0.0009324875713738224
144094,0.0036888699176415647
144095,0.0004376329996307577
144096,0.0005368042042276212
144097,0.0008860443374608489
144098,0.000534551870294121
144099,0.000625195078407521
144100,0.0003893521604086814
144101,0.014342776109887082
144102,0.007869915452734359
144103,0.0006682219732645265
144104,0.024736353818398473
144105,0.0009818602782109779
144106,0.0010277351990138804
144107,0.0022163056046254513
144108,0.0018360367403980424
144109,0.0012856716386738282
144110,0.0006164117335494657
144111,0.0008807495128103273
144112,0.0008004377796047128
144113,0.0008732627577136892
144114,0.0004876309678223839
144115,0.000626412743651572
144116,0.0010956420100509817
144117,0.0039056807859420926
144118,0.0007475317768667344
144119,0.0008172349720684685
144120,0.0008250346426625305
144121,0.0030221099071914177
144122,0.0008313399336165744
144123,0.00071173485886701
144124,0.0006324608012297218
144125,0.01749847938369735
144126,0.000555642923321841
144127,0.000507443348265151
144128,0.00069075861708017
144129,0.000848149373798693
144130,0.0007785460662335204
144131,0.000748566443504935
144132,0.014908397864234495
144133,0.00045638610950002854
144134,0.0033436043892339394
144135,0.000681714463481771
144136,0.0016127999655635421
144137,0.003522365671417266
144138,0.9972751880687095
144139,0.0004829517698323512
144140,0.0014617193073309226
144141,0.041375856663409774
144142,0.0006145431061676024
144143,0.0005567339032577071
144144,0.0007551684804026125
144145,0.0006480055214025715
144146,0.0017127693072239937
144147,0.001050123797491085
144148,0.0007313425449723017
144149,0.0009745071222437987
144150,0.0019391920117955003
144151,0.0008267329533533284
144152,0.0032339542795164914
144153,0.0006488152442633084
144154,0.0007689749553555366
144155,0.0008007423673474861
144156,0.0006785206642573051
144157,0.0005849391334905629
144158,0.0021653685019480708
144159,0.0015085189037285394
144160,0.0006690379857837944
144161,0.0004167765681104892
144162,0.008235432524578194
144163,0.0008783415669993621
144164,0.0005032460311355407
144165,0.0006542314684473512
144166,0.0007413142872009895
144167,0.001464060116487885
144168,0.0008670726827339559
144169,0.0024467257408911773
144170,0.0007484963223942334
144171,0.9956877152823986
144172,0.0015107070076379125
144173,0.0020584556767351556
144174,0.0008448771800942077
144175,0.00099985165263761
144176,0.0015362568864238954
144177,0.003969029578814984
144178,0.0009146088328232528
144179,0.002883177021488597
144180,0.0007118197923855311
144181,0.0007449397850472297
144182,0.0010043263842978442
144183,0.0014444205676262638
144184,0.0009401440952538636
144185,0.0009972590588097163
144186,0.0007108516182164056
144187,0.0005693715227069963
144188,0.0023115740140431844
144189,0.0013326189025213721
144190,0.0007558257363943835
144191,0.001216139566218822
144192,0.0006996804525640147
144193,0.0014190164382267563
144194,0.0023233592334444345
144195,0.001217225224479548
144196,0.0007826296866166749
144197,0.007041264180244575
144198,0.0007184143530784634
144199,0.0038252048892830955
144200,0.0015569045784988682
144201,0.0005698985837065939
144202,0.0010056965384941416
144203,0.00047994430002152905
144204,0.0019270824630878308
144205,0.0008000437742683763
144206,0.0006987752749462176
144207,0.004112100024226993
144208,0.002215493662269603
144209,0.0006766289372650909
144210,0.001032627133393398
144211,0.037004951317056986
144212,0.0006615262246789837
144213,0.001930615101868646
144214,0.005853824963423553
144215,0.0036287230794255273
144216,0.0019906176969193452
144217,0.0010126532298272881
144218,0.0005402013710824557
144219,0.0008717418798294369
144220,0.0009577215400537829
144221,0.0019769264799482326
144222,0.0006316247141817807
144223,0.0007519956046506315
144224,0.002104556712558561
144225,0.000535741076125669
144226,0.0003673389216236108
144227,0.004082205463575753
144228,0.0007356647035783754
144229,0.0028413599415903126
144230,0.0006123532219811201
144231,0.0006972056067310944
144232,0.0014050525658652027
144233,0.005961446821784775
144234,0.9840470735673974
144235,0.004174594079458072
144236,0.0009099002224355298
144237,0.00048654771978569767
144238,0.0006800281226362732
144239,0.02077688172329691
144240,0.00042496955206337313
144241,0.0021474187182524557
144242,0.0006569284536586044
144243,0.0022382190890374055
144244,0.0018274158654845152
144245,0.0009159793438677053
144246,0.0004475564362470046
144247,0.0009286650310439475
144248,0.0008401422908251193
144249,0.0007395916133214613
144250,0.0006189884341694535
144251,0.001287297816397731
144252,0.0011491214751588354
144253,0.014464145840830367
144254,0.00037507332854172623
144255,0.0006884418204782831
144256,0.0005481834239208983
144257,0.0005164525622667522
144258,0.01855628839972541
144259,0.0021703175547050455
144260,0.000978767919899385
144261,0.0014384019819743414
144262,0.0007495362994227853
144263,0.0008860209614141303
144264,0.0005037637357110201
144265,0.0011460794612755103
144266,0.0010306539358911518
144267,0.007110497897097928
144268,0.009615270834615053
144269,0.0005381075813865331
144270,0.012757218322553335
144271,0.0011050026804538052
144272,0.0009376354007065378
144273,0.0023483712673486035
144274,0.0011770656182285588
144275,0.0009182207902507103
144276,0.0018194850856698083
144277,0.0014756073397910706
144278,0.0006587558366561513
144279,0.0005681197749675872
144280,0.0008188062225356781
144281,0.0005548414500459627
144282,0.000759450451563676
144283,0.0004901159486417341
144284,0.003020426517010502
144285,0.02451120958608076
144286,0.0015012275734733443
144287,0.0008300064598304634
144288,0.004473235050984322
144289,0.005415437633630865
144290,0.0006665369796827441
144291,0.0008523343297900725
144292,0.014342474103562436
144293,0.0008196966635572417
144294,0.0003868341632860576
144295,0.0011754425522209624
144296,0.002174595647700277
144297,0.000733197156076136
144298,0.0006823851330790865
144299,0.00940302451954255
144300,0.0007255809859635282
144301,0.0006713369632937104
144302,0.0006526708843849482
144303,0.02485937232333905
144304,0.00035821691368558993
144305,0.0018097514777333419
144306,0.0005612036186177724
144307,0.0004968222396538435
144308,0.009214655030592366
144309,0.004711561077592907
144310,0.17716995493679621
144311,0.0008893273268958175
144312,0.000636122693055314
144313,0.006012528682441152
144314,0.010395865902977064
144315,0.001892998615755664
144316,0.0008400673556002137
144317,0.0007784393735237912
144318,0.0012447836568534015
144319,0.0011234498330223361
144320,0.002721345534519452
144321,0.0026570367719013182
144322,0.05052801562644361
144323,0.0006076561746514012
144324,0.0016530183392288549
144325,0.0010324280574710916
144326,0.0005148860290025028
144327,0.0007720373371210489
144328,0.0004021579141975548
144329,0.0005077672832430499
144330,0.0017556234581275366
144331,0.0011292662973501845
144332,0.0009335009272929047
144333,0.0007739596027176609
144334,0.0008296077430087348
144335,0.0038746601145024273
144336,0.00044719665395210467
144337,0.0047384527182220415
144338,0.0006061527690557384
144339,0.005751079130273852
144340,0.001346379190115772
144341,0.0005174518203493277
144342,0.0012338202327226327
144343,0.003781416071193939
144344,0.05115675333772242
144345,0.0023081237848869437
144346,0.0006620984521892969
144347,0.0037650033367772036
144348,0.008520888072568601
144349,0.0007378169927001343
144350,0.0006124304578436445
144351,0.0005479907866128696
144352,0.0008042679053987371
144353,0.0008029510604712585
144354,0.0017381564409200722
144355,0.000892920094733548
144356,0.0007242280375140001
144357,0.0005676894650336354
144358,0.0005255579679715492
144359,0.00063278057147801
144360,0.0005783300031658948
144361,0.00436353071288118
144362,0.0008042053954441415
144363,0.0010231189958684324
144364,0.0008015907484935263
144365,0.00512065654013746
144366,0.9970562968566137
144367,0.0007860496615560703
144368,0.006710635993392323
144369,0.00030982649954595275
144370,0.0004509231860266833
144371,0.000513221640316739
144372,0.0050060603057729604
144373,0.0004913285748006048
144374,0.0005696503887341316
144375,0.004937687888969963
144376,0.0008755716136532245
144377,0.0007932762833118656
144378,0.0005920906690182266
144379,0.0006756648895569395
144380,0.0008499317907685059
144381,0.0004321450189545366
144382,0.0028907095340565134
144383,0.0009232846853420582
144384,0.0015479048785357716
144385,0.00048677461273170526
144386,0.003253642555324892
144387,0.0007370137497157178
144388,0.000595983636890135
144389,0.004801562719567041
144390,0.0010731184779590162
144391,0.9989093888965397
144392,0.0020705220747208267
144393,0.0012041982712355493
144394,0.00241704906727043
144395,0.004680952286661998
144396,0.0031735743029362795
144397,0.0013472650945426847
144398,0.0009848969908104073
144399,0.010611113359155811
144400,0.03843617335269946
144401,0.0006992948706496848
144402,0.0019915195428310568
144403,0.025703922485894634
144404,0.0004478350938226378
144405,0.0005646015484858938
144406,0.0031613273879706775
144407,0.000666012295371277
144408,0.0018467072128137865
144409,0.01799159088948941
144410,0.0419467256053881
144411,0.015110365552171165
144412,0.0005174354068948283
144413,0.0007949048006072666
144414,0.9936207310708023
144415,0.000830687904050107
144416,0.0006368733403438847
144417,0.002400751732040263
144418,0.0021224714939983118
144419,0.007635000189113912
144420,0.0005335408175372798
144421,0.0015125384948249552
144422,0.004710436632386291
144423,0.0007187897156761666
144424,0.00240564348356792
144425,0.001179376196582841
144426,0.003868633461294139
144427,0.001634813388814865
144428,0.0006092876470466317
144429,0.000785758096911019
144430,0.004361301682550575
144431,0.0005036230025095259
144432,0.0006674448991966605
144433,0.000785011335593313
144434,0.0037455699990092293
144435,0.0018221147366987854
144436,0.0013378154388633233
144437,0.007476240493895652
144438,0.005117354288535611
144439,0.002492990055560804
144440,0.003028438321775076
144441,0.0034480198051446464
144442,0.0014583513519529857
144443,0.0006788356971553526
144444,0.000561499380893677
144445,0.001011599820146674
144446,0.000912330567204299
144447,0.005742582842370499
144448,0.002776622836530996
144449,0.0005152842410010084
144450,0.0020798095187110847
144451,0.00046423732802807627
144452,0.0003525739890843594
144453,0.005095212910561946
144454,0.002481571024025648
144455,0.004398239427133103
144456,0.0006454356306660528
144457,0.0005636436535093195
144458,0.001139113752690188
144459,0.0011616677103725953
144460,0.01028968296589219
144461,0.00048208740786322813
144462,0.0018543851329648365
144463,0.0005510858345651645
144464,0.0007863535765701857
144465,0.001571766723705897
144466,0.992358390068283
144467,0.0019806025131030294
144468,0.0006777829608460653
144469,0.001139935203561925
144470,0.0025651240634000875
144471,0.000444693697856429
144472,0.0017047660745646977
144473,0.0008071873661520226
144474,0.000544105600674475
144475,0.0035408149649748593
144476,0.005241258602879854
144477,0.0010265379919500986
144478,0.000531180045179212
144479,0.008240729537685655
144480,0.0009006879519058058
144481,0.0008524593660905938
144482,0.0022887505301226493
144483,0.0006155909540459357
144484,0.0017854016486571424
144485,0.007467570295865213
144486,0.0007334869533333491
144487,0.0012735606222835064
144488,0.0006137585488709973
144489,0.001075737559498048
144490,0.0005253244292899135
144491,0.003072177930062231
144492,0.0006884648762012281
144493,0.0013431245948694846
144494,0.0030894136497121314
144495,0.0017258585523987897
144496,0.0006349765379455392
144497,0.0006288048761604863
144498,0.000678658005151989
144499,0.000957236415848225
144500,0.0006543985623871097
144501,0.0006613649106266626
144502,0.0008885894278863259
144503,0.0008370131695562206
144504,0.0005103098250269099
144505,0.9958421066397671
144506,0.20113123570239436
144507,0.0005941449747774784
144508,0.0005055951617501532
144509,0.0021980429461909293
144510,0.0020781293680473445
144511,0.0014966517583792256
144512,0.001014200495877516
144513,0.0014319427138365626
144514,0.0004384035111481579
144515,0.000900467121139744
144516,0.01955660037660402
144517,0.00047646518339169715
144518,0.0030978924146996913
144519,0.0005126957091744368
144520,0.0006011828264960363
144521,0.0021329674832748875
144522,0.0019392952421279823
144523,0.0032525011415204114
144524,0.0010745614235356522
144525,0.0007488891140872284
144526,0.00044619000211666053
144527,0.003538934138873534
144528,0.0009951962127979152
144529,0.00358200201450955
144530,0.0011846354138464856
144531,0.0008653829954574275
144532,0.0014000365774057997
144533,0.0012388546138231344
144534,0.0016189235615110971
144535,0.0106089755747688
144536,0.001033798394812363
144537,0.0017210516755141315
144538,0.0012406031928632053
144539,0.003944236167662884
144540,0.0007123768560533436
144541,0.0006713847434426875
144542,0.05626254642999053
144543,0.0012658630402566555
144544,0.0005036524471907518
144545,0.0007972034853590468
144546,0.0004903425644479736
144547,0.005329646206612205
144548,0.0005731785187579106
144549,0.00048315650356548607
144550,0.0005106095571890427
144551,0.006029158496864355
144552,0.0006910682748280355
144553,0.0020927736121074203
144554,0.0018245290956272135
144555,0.0010168225526124373
144556,0.0014015680070570392
144557,0.00038927452932531557
144558,0.020597832737384095
144559,0.0005239982479967273
144560,0.001914968346366053
144561,0.003919983119122282
144562,0.0012662364603674464
144563,0.023620762038070037
144564,0.001352589277427645
144565,0.0005623671508107099
144566,0.000740999622749503
144567,0.00136701299667594
144568,0.0006606556492881575
144569,0.0004923094696364668
144570,0.00888873590925029
144571,0.002932780134940333
144572,0.0008559107350258154
144573,0.004373510292131502
144574,0.0005460380975731175
144575,0.0016428043101756303
144576,0.9907978921937609
144577,0.0004413247184517298
144578,0.003920978649125625
144579,0.005550963391928622
144580,0.0011596537006411502
144581,0.0023636039074498615
144582,0.0004885971136214726
144583,0.0017706752505368363
144584,0.0005105799796819601
144585,0.0006971160035701657
144586,0.002066198702962073
144587,0.0011384549572903482
144588,0.0018655287611221807
144589,0.0019134272137302179
144590,0.0023064962898639994
144591,0.001113214550787541
144592,0.02367271782151886
144593,0.11931092904063106
144594,0.0009432824479127511
144595,0.0007188991997469307
144596,0.0006148128006619591
144597,0.003090539645363253
144598,0.0007699268072750283
144599,0.0005287499414702284
144600,0.005100769613374372
144601,0.0006277699550585416
144602,0.0005663271937289526
144603,0.00047511831654424434
144604,0.0004966952968324399
144605,0.0066222136050213065
144606,0.003982486988989575
144607,0.00224517650446396
144608,0.0005181482979787831
144609,0.0005657152809670922
144610,0.002822325589894427
144611,0.0009404440668144796
144612,0.0012798547787689447
144613,0.0004935751993531774
144614,0.0005634380688395172
144615,0.0008328621575820593
144616,0.0009289268651766793
144617,0.00090868658733962
144618,0.0009194108559095124
144619,0.0009902187162795328
144620,0.000882979079784543
144621,0.007015095859355903
144622,0.0176092498572806
144623,0.0010580217380078997
144624,0.001543878955565427
144625,0.0005662535215672536
144626,0.001366136375993692
144627,0.0005920356242358812
144628,0.001674050535229602
144629,0.0014649501867101278
144630,0.0008200475200650298
144631,0.001128861217298126
144632,0.0009090536920936245
144633,0.0008774917410235689
144634,0.0014232853294182505
144635,0.002025863988765557
144636,0.0007732647993854148
144637,0.0007122175042340151
144638,0.0009099082305955136
144639,0.0006775829243253952
144640,0.0004700860201036433
144641,0.02866492546899342
144642,0.0005506779334590893
144643,0.0007604343210669086
144644,0.002556808618458168
144645,0.0005643248572004958
144646,0.0010549487080816385
144647,0.08501950009872983
144648,0.004603010201690684
144649,0.0036274973888710165
144650,0.004527521506232289
144651,0.0052004608685937105
144652,0.007355727769691921
144653,0.0006284015445099835
144654,0.001398266000158845
144655,0.002500251189082361
144656,0.0008282737777684743
144657,0.004965002329555267
144658,0.0007831698110663632
144659,0.007267292512329125
144660,0.0007372674510671506
144661,0.0031303203135739947
144662,0.0009683448813114592
144663,0.004425465170614469
144664,0.0008246125477282516
144665,0.001565035721864047
144666,0.0012708271949054208
144667,0.0005397649277575516
144668,0.0032662729121640567
144669,0.000575635193952283
144670,0.001665850342734369
144671,0.001102894351937995
144672,0.0006261614531660414
144673,0.9953660012767904
144674,0.0005697627615487127
144675,0.00042673690550124955
144676,0.00621955150058577
144677,0.0018904597772304024
144678,0.0004329653166281412
144679,0.006271124686751421
144680,0.0009539279659666366
144681,0.05609966257334629
144682,0.0023098213105674933
144683,0.0005722029896501938
144684,0.0006404160180113736
144685,0.0004831692785079587
144686,0.0004677769690013748
144687,0.0010421817611858243
144688,0.0005367417724354763
144689,0.0006001758743013026
144690,0.0008753979195935909
144691,0.0023918871407589866
144692,0.0010276896862704283
144693,0.0006255400829038348
144694,0.0009399451882466684
144695,0.0014239555940066596
144696,0.9960620639030338
144697,0.0009942230359488652
144698,0.0008138496152066291
144699,0.0008324098476700488
144700,0.0534653266047436
144701,0.0007959046174207006
144702,0.003951259167776271
144703,0.0006737115830810437
144704,0.0006853538939911037
144705,0.00408465995595779
144706,0.0016611423561448135
144707,0.0013207331005555764
144708,0.0005722920981075597
144709,0.0012460523919413644
144710,0.0009437408899398085
144711,0.002226624331043737
144712,0.09548567443618493
144713,0.006081992008929681
144714,0.0005741294044368644
144715,0.0005692133321502355
144716,0.0011179198962345308
144717,0.0006140603800594271
144718,0.002440561523216864
144719,0.0016692911752444741
144720,0.0008190538217831896
144721,0.0016078146926701046
144722,0.0005673179718304684
144723,0.0006599225547254197
144724,0.0007241390789164067
144725,0.0016172175699625882
144726,0.001001609576773681
144727,0.0017529038129169804
144728,0.0005768139162480501
144729,0.0007934305369773
144730,0.010171077326328683
144731,0.0005092674655100865
144732,0.0009418186265533457
144733,0.0008586691260708405
144734,0.007224920424660177
144735,0.0016782478290733288
144736,0.0008646536248709362
144737,0.0005065683536527344
144738,0.0008816875376574781
144739,0.004600561329365224
144740,0.0008034228103082549
144741,0.001013821174670456
144742,0.0009202663708754854
144743,0.0005361238506522198
144744,0.002277269384080298
144745,0.00045823799989759247
144746,0.00045124333226034607
144747,0.0019370373236545163
144748,0.00154109772852604
144749,0.0008149588978306993
144750,0.0007197864430385971
144751,0.0006937038000956525
144752,0.0005596674099066343
144753,0.0009540589735191228
144754,0.0014768284970581034
144755,0.00107712730517063
144756,0.0006303239021596018
144757,0.0004746947813600693
144758,0.001246390432629863
144759,0.0008379415730318925
144760,0.0037499993378311974
144761,0.001608784329661339
144762,0.001033182065656449
144763,0.0034205862134395514
144764,0.0006778650412228837
144765,0.0006084980308645519
144766,0.001952874757618213
144767,0.0007578771031474741
144768,0.005390443196084368
144769,0.0025283583074272695
144770,0.0011299724484205502
144771,0.0010950807786744912
144772,0.000846212396485708
144773,0.0007000249811932272
144774,0.0004917257868454994
144775,0.0008099683188794067
144776,0.002127258469699682
144777,0.0004851531231332933
144778,0.0025927196149697876
144779,0.000826764295425916
144780,0.23297303605619704
144781,0.004161533689743721
144782,0.001172785156795714
144783,0.0007298801114735529
144784,0.0016673579199491147
144785,0.000459776374295925
144786,0.0008457040823983287
144787,0.0057079637696631005
144788,0.003089865176219337
144789,0.0006911989410195746
144790,0.0018081175853293945
144791,0.0011392891307919141
144792,0.0005454269016214651
144793,0.0006499342012846062
144794,0.0011378262955013272
144795,0.0005307838619721468
144796,0.0009505961248313024
144797,0.01801855815578237
144798,0.0027569325952561323
144799,0.0007709568196895806
144800,0.0006115624302522281
144801,0.000467298277739318
144802,0.0005986819275030659
144803,0.0015096518736486407
144804,0.000844492345098012
144805,0.0010551739032820342
144806,0.004043085378522545
144807,0.005762254907515035
144808,0.0025419389660786508
144809,0.0012258626848552813
144810,0.0007917672961398469
144811,0.0010311574075950476
144812,0.01398161672545075
144813,0.00040180715111619704
144814,0.0011548843771449924
144815,0.0005851887869271051
144816,0.0006015242129716839
144817,0.00048785277059758687
144818,0.000546746408550216
144819,0.0005576330960404998
144820,0.0014924024976102894
144821,0.0024858587718955597
144822,0.0015492187354423064
144823,0.0004937280165090914
144824,0.0056901946168103085
144825,0.03520680183783008
144826,0.0007657146404355519
144827,0.004717494686785599
144828,0.0027153811816233208
144829,0.0005758096866613045
144830,0.003003175491918151
144831,0.0006592038013562598
144832,0.0006210730222647275
144833,0.0005134570975348959
144834,0.0011490009908010552
144835,0.0008165336981781398
144836,0.0008562080779888968
144837,0.0034375311014982744
144838,0.0007422068523385873
144839,0.002326574114891511
144840,0.0019402171863086518
144841,0.0005023933443173266
144842,0.0008964228497898102
144843,0.0006425613516492795
144844,0.001333291346510474
144845,0.0014244539217259048
144846,0.0004362778026975924
144847,0.002313561272263333
144848,0.00075906296028883
144849,0.0006766704793572879
144850,0.0025964256325508054
144851,0.0007672836132876016
144852,0.0004608933012879319
144853,0.0009379627361639181
144854,0.0012667441927955445
144855,0.0008092997595222694
144856,0.004607330682297802
144857,0.0013031141316709426
144858,0.0021067549830435326
144859,0.0047609820561450075
144860,0.0014644717307912183
144861,0.003136192138518879
144862,0.9954598859752061
144863,0.0009200497785555773
144864,0.00177965126009085
144865,0.011808025694782181
144866,0.004085936828956469
144867,0.0006423356152023283
144868,0.0007686401084925448
144869,0.0004165199746758608
144870,0.0010604467543560733
144871,0.0033023298641962733
144872,0.00398188251562179
144873,0.011261830250061179
144874,0.0010074904478684248
144875,0.000814554253881961
144876,0.01772327458578447
144877,0.001059975597597068
144878,0.0009467217454893435
144879,0.0016157593960721178
144880,0.000576597853908948
144881,0.002614651774775295
144882,0.0035154030596883145
144883,0.0009159213171966683
144884,0.0008362388004434149
144885,0.0006131217986602099
144886,0.002867964902284553
144887,0.0005750259624007391
144888,0.0009921513782860905
144889,0.0007042057613965515
144890,0.0006838208541307157
144891,0.0016543113731952673
144892,0.0006520475330267048
144893,0.012014750356506051
144894,0.0010801511657587176
144895,0.001044792288089081
144896,0.0009110517674898971
144897,0.0006468332014373538
144898,0.0005287474010073238
144899,0.002245405398375899
144900,0.0014997203790090288
144901,0.0012490169335769145
144902,0.000705866074501735
144903,0.0010182375629567118
144904,0.0009176191540339249
144905,0.0035659157040098003
144906,0.0006869005743810846
144907,0.0019467583620172482
144908,0.00261535410768037
144909,0.000436001678894113
144910,0.000825886991864911
144911,0.0007269138660105868
144912,0.0015062522074102387
144913,0.0004469762800795778
144914,0.0005355416782204798
144915,0.01686750911327736
144916,0.0018427435920669144
144917,0.0005771105460588609
144918,0.0006288522827394581
144919,0.00045323492048324806
144920,0.0006519689182000568
144921,0.0007913939559099879
144922,0.0011351807199829003
144923,0.010537160703297
144924,0.020445925777866136
144925,0.0009119751672223197
144926,0.0006543021803514839
144927,0.0005054799817123715
144928,0.006739530601172671
144929,0.004117182712113611
144930,0.0014000730629935125
144931,0.0039574288633662585
144932,0.0009602603540237108
144933,0.003613509208874097
144934,0.0009960812087176191
144935,0.0006555959241142348
144936,0.0007416225394874776
144937,0.0006602035983123524
144938,0.0007958729247474526
144939,0.0008921853226801361
144940,0.0005996415053053298
144941,0.000681473222120442
144942,0.000761293792514661
144943,0.0008206788661042042
144944,0.0005117678728742126
144945,0.0012309125126095627
144946,0.0005859723684397296
144947,0.0005680398962868503
144948,0.001035634104142327
144949,0.0006109218283798884
144950,0.0008192042274017596
144951,0.0005653421491356016
144952,0.00036428393869770005
144953,0.011779921079284751
144954,0.0017359562365155492
144955,0.0012968604729203133
144956,0.001240790068593679
144957,0.0009698173376828419
144958,0.0004375447533944267
144959,0.0007422616928043008
144960,0.001348810630239347
144961,0.0008054690768007078
144962,0.00176359215618692
144963,0.004818077246697912
144964,0.11379493342461301
144965,0.002092691893766939
144966,0.007591136000595982
144967,0.0012461707086202979
144968,0.0012715531485444317
144969,0.0006782532783134633
144970,0.0009586441156572457
144971,0.0008011257992310325
144972,0.00043543371055994437
144973,0.005345617380012143
144974,0.0005760587696750142
144975,0.0052856927645972
144976,0.0006979189566501118
144977,0.0018131651432337934
144978,0.001073496758617768
144979,0.0007977076557135975
144980,0.0007972561407921555
144981,0.00046710605744841767
144982,0.0009025179021316429
144983,0.008056046531530008
144984,0.0025214780362663746
144985,0.0008247442754083546
144986,0.9985159444326221
144987,0.012236883637619045
144988,0.0006533998469232969
144989,0.001341167553155591
144990,0.00044311365481528736
144991,0.0011786350693215656
144992,0.0010755461144258231
144993,0.001680006744904889
144994,0.0009175744574325173
144995,0.0007327767475439986
144996,0.001360824108740962
144997,0.0024463606706965
144998,0.0007415545064543816
144999,0.001323605443690521
145000,0.0007001249062629671
145001,0.0009289871298854952
145002,0.0006332861256248838
145003,0.020749528148461576
145004,0.0010982484746927081
145005,0.0007551035923747436
145006,0.0008117709127014646
145007,0.003250427689853041
145008,0.0026522394711128343
145009,0.0087234142954785
145010,0.00047956842348996536
145011,0.0052360199535626244
145012,0.0009688155261152838
145013,0.0007473101212206306
145014,0.003994446598868517
145015,0.0017296896638466777
145016,0.007079008160948981
145017,0.0006756501208924904
145018,0.013052515164843794
145019,0.0009012873729208623
145020,0.0008645754280241474
145021,0.005301053899969616
145022,0.0035767661724137485
145023,0.0017380056423193695
145024,0.0005002159067672354
145025,0.02066971994813266
145026,0.0005541920687016427
145027,0.0020943379471754686
145028,0.0007720361278621599
145029,0.0006884969293055163
145030,0.003883026178193378
145031,0.0008051835738589381
145032,0.006008487681141504
145033,0.000669971640263318
145034,0.01742688557293421
145035,0.0018216343710138398
145036,0.0007353487858063017
145037,0.0005352240976978556
145038,0.0009834998063195672
145039,0.0006138881043173941
145040,0.0006213357436910968
145041,0.0029135994712726036
145042,0.0009147230499504235
145043,0.0027900734306883276
145044,0.0006686418125176477
145045,0.0006897574026581677
145046,0.0006050376107334774
145047,0.0010026848480188999
145048,0.0007045142588227196
145049,0.0006476399148632062
145050,0.0012705311853408367
145051,0.000541789593027877
145052,0.0006616760786354197
145053,0.0008521852282988293
145054,0.001514903237854013
145055,0.0006946126764882418
145056,0.010126169179443721
145057,0.0018995708360625284
145058,0.9956965076450464
145059,0.0005310142097561333
145060,0.0016796311742555497
145061,0.0006658167175627149
145062,0.0043069260962849375
145063,0.0026327150498630355
145064,0.0007344400892323996
145065,0.005706612469126904
145066,0.000529362227404031
145067,0.9882564322521482
145068,0.0019509599621995596
145069,0.004502917363898556
145070,0.0006265460693481713
145071,0.0005700743352989581
145072,0.0005526735836424168
145073,0.0013497594636664707
145074,0.0008905025562056905
145075,0.9959463726699915
145076,0.0022495852679130196
145077,0.0008724246607845966
145078,0.005277770211067495
145079,0.003170064989340079
145080,0.0010035372393982958
145081,0.0017930653000663636
145082,0.002013400951211502
145083,0.0010465816157720752
145084,0.008893741306225653
145085,0.0008350398702691841
145086,0.0011392300167407873
145087,0.0006749938775384635
145088,0.0025019180019292464
145089,0.0014672268591630782
145090,0.0013505167937269637
145091,0.007538661787091765
145092,0.000507906180678721
145093,0.0019306869987846865
145094,0.0005739423947118985
145095,0.0010991477154852019
145096,0.0042165023834548
145097,0.00048838706836513
145098,0.000696792481245589
145099,0.0015792847060813638
145100,0.0018682237105772876
145101,0.019078659030470003
145102,0.0032657581833976015
145103,0.000808429293558646
145104,0.0010875662104025967
145105,0.0008471697978307699
145106,0.0008324391359276881
145107,0.0005646038670182701
145108,0.0005784833699121254
145109,0.0005448875415149422
145110,0.0005775586583350277
145111,0.0023930007148488066
145112,0.005213564904818798
145113,0.0016066937067529743
145114,0.0009166552176325183
145115,0.0005378928795512134
145116,0.0007161348871713583
145117,0.0007911288946595952
145118,0.0011615779150260588
145119,0.0007084060175562876
145120,0.0017409859006753316
145121,0.0014166645786815998
145122,0.0006824101671113222
145123,0.0005881786749288957
145124,0.0005200298903412447
145125,0.001178283549749986
145126,0.9976488619318805
145127,0.004097075987847422
145128,0.0007089051212520964
145129,0.0015245380649632312
145130,0.004672042463946747
145131,0.0006200330210334808
145132,0.0007293738660042509
145133,0.000883547573393612
145134,0.01160646054085087
145135,0.0013993509574121124
145136,0.0005290974385907782
145137,0.03864491520002594
145138,0.000633556967190726
145139,0.0013494791620508586
145140,0.0009209178110324476
145141,0.002246596630675952
145142,0.0020734712533014158
145143,0.0008735499246909779
145144,0.00047186684426092114
145145,0.0007547301271204368
145146,0.0005396667697556695
145147,0.0005269548918968142
145148,0.003130123227497931
145149,0.001291289867077028
145150,0.006313688723338065
145151,0.0010843694765681792
145152,0.0007011966848590166
145153,0.0007670095813995274
145154,0.013362922764696188
145155,0.0010850211357361374
145156,0.001119000309637225
145157,0.0009529347530224813
145158,0.0012564356535520417
145159,0.004405412387571751
145160,0.002135115391139563
145161,0.0007909166352765254
145162,0.0006228660009401147
145163,0.010141589449508425
145164,0.000969601534066242
145165,0.0006627997784576192
145166,0.0007764085255807799
145167,0.009028878413205892
145168,0.0008555672606675058
145169,0.0006337854907900885
145170,0.004153856181002425
145171,0.0009273408672985123
145172,0.0007649398319492263
145173,0.006704499731741332
145174,0.003247128023249582
145175,0.0012885182094321975
145176,0.0015028427436448455
145177,0.0005358886377495753
145178,0.0008743858254419608
145179,0.0006503471814806449
145180,0.005549859611913909
145181,0.0005026497700730059
145182,0.0019927252013084923
145183,0.00037565202566182984
145184,0.3136116555914287
145185,0.0008110378182674972
145186,0.0030548087324051695
145187,0.0014653744360604833
145188,0.0008512589444627644
145189,0.003808000550386757
145190,0.006247744152370279
145191,0.001448999792385827
145192,0.00490644827341499
145193,0.0005339174164240967
145194,0.002962681768509979
145195,0.0017141750903426315
145196,0.0009049530395088479
145197,0.006866957637426943
145198,0.016794105996377012
145199,0.0009609970361091139
145200,0.0008086108983594272
145201,0.0008365768500313053
145202,0.8425661675561724
145203,0.000690132823526271
145204,0.0009748814943222837
145205,0.0006736829915918708
145206,0.0004921984617969843
145207,0.017436579252384128
145208,0.0009022378937036341
145209,0.00048023888690296634
145210,0.007954702848320994
145211,0.0006934882827694745
145212,0.0014607537560399038
145213,0.0024203790207287194
145214,0.0005723961967908631
145215,0.0017578480230105529
145216,0.0007571392870710728
145217,0.008281938092412974
145218,0.0006197109346160834
145219,0.0006021794450661434
145220,0.000691911694991652
145221,0.0011287657142448303
145222,0.9974635955276021
145223,0.002396604094775501
145224,0.002106529904768659
145225,0.0004227389118806305
145226,0.0008015992662108076
145227,0.002654868279891101
145228,0.0014182077862238125
145229,0.0005395144419060908
145230,0.0005548348035682104
145231,0.0005045620315528798
145232,0.0020891666572793576
145233,0.0050825209690088195
145234,0.0007145354029032397
145235,0.0009660737856693287
145236,0.0007517557892386566
145237,0.000474464243761293
145238,0.0005936921681920798
145239,0.000938688135298352
145240,0.0005233482195923235
145241,0.0022774280076046415
145242,0.0035246106491018175
145243,0.0009453827889197726
145244,0.0008261892865014971
145245,0.04726319159694464
145246,0.0017506925843902871
145247,0.0006865617893988599
145248,0.0022145265887857264
145249,0.0008611174850071933
145250,0.0023288934822792546
145251,0.001882617244402294
145252,0.0007260362985303814
145253,0.0008606735163864439
145254,0.0011363431348013035
145255,0.0006671854064486971
145256,0.0012133149112380445
145257,0.0005748637884720644
145258,0.0006166271892208643
145259,0.0008331599034052951
145260,0.0005226389276936758
145261,0.005809099443364606
145262,0.00038566139057065224
145263,0.002608057249161844
145264,0.0034242688098918618
145265,0.00845479358111497
145266,0.0007720473334826387
145267,0.0005902628277527114
145268,0.013517365010041922
145269,0.0006559312677724141
145270,0.0008828607559458505
145271,0.04057514932108625
145272,0.00265066442538405
145273,0.002578901105827161
145274,0.011873420124793737
145275,0.0021419881607554125
145276,0.0007402848878661462
145277,0.0016560996344928873
145278,0.0034551771776981316
145279,0.03143788406083252
145280,0.0005879417302007623
145281,0.0012664427295760927
145282,0.0012640429458907337
145283,0.0005875718166368523
145284,0.0011094705526243525
145285,0.0023427028940070592
145286,0.003194846232736973
145287,0.0007197403704189553
145288,0.006792940847554268
145289,0.0023770647000727904
145290,0.0008830720072463058
145291,0.0010197215682371898
145292,0.9962729109069534
145293,0.0006088045252260446
145294,0.013230183528500031
145295,0.0016468396183627941
145296,0.004405830598791719
145297,0.0015399496131454282
145298,0.009149897060454135
145299,0.0015078078892727881
145300,0.00043639029502977995
145301,0.0008874141981656266
145302,0.0036016195499430923
145303,0.0004111394047873362
145304,0.0005935259212757242
145305,0.0006824721447185829
145306,0.0007237192055129743
145307,0.0018295177261444472
145308,0.0018585588081273144
145309,0.006584906633135917
145310,0.0006516396740178993
145311,0.007523238342926723
145312,0.002772347153546629
145313,0.002538679984344357
145314,0.0008393370699877423
145315,0.0005014968683265737
145316,0.0009015164817236041
145317,0.0011052696968171351
145318,0.0005913196238978961
145319,0.002746173084693881
145320,0.0035481890841787475
145321,0.001298710169674055
145322,0.0008426824556329463
145323,0.004365032797333586
145324,0.0009609756825649204
145325,0.001982626334603285
145326,0.0005059943835736484
145327,0.0012110214563876948
145328,0.007936959565197299
145329,0.0006293116675696805
145330,0.0005199043432056261
145331,0.0013981862491738422
145332,0.0007845253758355328
145333,0.0013997461370033855
145334,0.01635416888551107
145335,0.0012466176587107374
145336,0.0008873876902320847
145337,0.0007165921569423765
145338,0.0006032594115095941
145339,0.0010094282717500666
145340,0.001954658723691473
145341,0.003686951474048415
145342,0.009088369793432102
145343,0.0006188414128955095
145344,0.0034605317273221164
145345,0.0027170094929441137
145346,0.002168816575357996
145347,0.0008239390544429927
145348,0.003152348732485275
145349,0.0015111932596725047
145350,0.0090357170873771
145351,0.009328372137515301
145352,0.0004248957065931157
145353,0.0024684931305203463
145354,0.0009397151740271217
145355,0.0005947547639263229
145356,0.0009117744793374842
145357,0.001448490492874704
145358,0.0006643205771347129
145359,0.011146516921353884
145360,0.0016660327783380156
145361,0.01557987364636677
145362,0.0009223113403205598
145363,0.0009622766289347415
145364,0.002213429634110412
145365,0.000635654086128137
145366,0.0006610305214417083
145367,0.0010320143950662392
145368,0.000981525743870934
145369,0.0006425096604309005
145370,0.00429096387862186
145371,0.004430246653932886
145372,0.002290220117468738
145373,0.0007662749013078159
145374,0.0024767500842331424
145375,0.0007414459399877461
145376,0.0005726515082276006
145377,0.0010218325932340989
145378,0.0004447645441261953
145379,0.0006394766808955469
145380,0.0007470472074585883
145381,0.0008154765411395155
145382,0.00217119572954054
145383,0.0008792058152448184
145384,0.0012037638582738071
145385,0.0015790785551658896
145386,0.00059624322682877
145387,0.0012429771702013946
145388,0.0008814381542285403
145389,0.0006416722709846306
145390,0.005299667282768851
145391,0.0005452081049711202
145392,0.002191715921802973
145393,0.0017759150597908677
145394,0.0007813510698942044
145395,0.0007927031985324046
145396,0.0035092800800528394
145397,0.0004552454619774208
145398,0.0013288279418518705
145399,0.0006294150582485732
145400,0.000527449364869941
145401,0.0005943398644254689
145402,0.0005439816983079379
145403,0.0007146063818950267
145404,0.9918191794533557
145405,0.003198882941985607
145406,0.0007675274544156109
145407,0.0018299679364011546
145408,0.001008326947047723
145409,0.00046804454323938927
145410,0.001024807754526319
145411,0.0020518414802503326
145412,0.020117058564252617
145413,0.002282916693484663
145414,0.000504067217616919
145415,0.0006032386089573137
145416,0.0005593649530264916
145417,0.012683872825791153
145418,0.0007194033084864321
145419,0.0010232317171934796
145420,0.0009953934627670291
145421,0.0010271409740683622
145422,0.0061940495985545845
145423,0.0006735129064937768
145424,0.0016078476423881391
145425,0.00044295006074569776
145426,0.0006457033189932319
145427,0.0008450990472039015
145428,0.0010077153158110238
145429,0.00046862780563905395
145430,0.012732551980278055
145431,0.0016786926791867165
145432,0.0008591122882940514
145433,0.0007311912435183085
145434,0.0004843384235004279
145435,0.000619230686833085
145436,0.0006310862616450412
145437,0.0007054440668578018
145438,0.0005349420938628965
145439,0.0007791254019703692
145440,0.0005199542297252588
145441,0.001826747585675535
145442,0.0006200173193749293
145443,0.0007668454704808324
145444,0.0006261937822789218
145445,0.0007013703398705093
145446,0.011851031959148061
145447,0.0024769421828208936
145448,0.0011738963501316296
145449,0.0035328346045604185
145450,0.0008772891447881004
145451,0.001542569663757412
145452,0.005182709041696485
145453,0.0007973753716141859
145454,0.0006411136779387579
145455,0.0007379403166086294
145456,0.001875715897836713
145457,0.0004952854894978693
145458,0.0006949082213162319
145459,0.0006501848902709258
145460,0.0007638295571979863
145461,0.0014567553879448686
145462,0.014373469765003262
145463,0.0006391394055058969
145464,0.0011391848613885802
145465,0.001379104232903913
145466,0.00048667527507252335
145467,0.0008033756519991453
145468,0.0026924357605401204
145469,0.0006317812554768311
145470,0.014741809103236032
145471,0.008280979800925346
145472,0.000644671539007761
145473,0.0008356922187369598
145474,0.0004444099827528433
145475,0.0031850590024390065
145476,0.0005649624958858086
145477,0.0018413328506941232
145478,0.0051037771662208724
145479,0.00047990330197629234
145480,0.0012226373459285267
145481,0.0005785613857796166
145482,0.0010841897684378539
145483,0.0009237259995967388
145484,0.004482949777251111
145485,0.0007784824984896716
145486,0.005759556050576532
145487,0.004933269554859557
145488,0.004875793185359758
145489,0.0012598824774581229
145490,0.0007603393123506025
145491,0.0006439590231168387
145492,0.0008796679409862225
145493,0.004394106714648217
145494,0.0034519282932087302
145495,0.011132064689309598
145496,0.006632523522862821
145497,0.0028010518352975765
145498,0.00038887991760932534
145499,0.0005593851554130825
145500,0.0006116268519148352
145501,0.003171280411890158
145502,0.00289907568038106
145503,0.005180575128684099
145504,0.0007413361638540161
145505,0.018918336047302205
145506,0.0007464030078287042
145507,0.003529174502157632
145508,0.0017148065657152565
145509,0.016429229789914717
145510,0.0006271055765167887
145511,0.000537168385621653
145512,0.0010651051253800713
145513,0.010947412867289851
145514,0.0037344395327242276
145515,0.002028372256898685
145516,0.0005308648921006655
145517,0.003691116367879383
145518,0.002294793626467879
145519,0.001123788557278951
145520,0.0017915693933796138
145521,0.00048557042398174663
145522,0.001728261428320926
145523,0.0006101748660742391
145524,0.002143421946445408
145525,0.001186927926267513
145526,0.01237744033130965
145527,0.004890686347941083
145528,0.000637040474993602
145529,0.0017061011764485188
145530,0.0006262721238153949
145531,0.0026571688893754115
145532,0.0018657024290329523
145533,0.0020387840655409877
145534,0.002198697272621657
145535,0.0004492478356877882
145536,0.000510950308139111
145537,0.0010879872713364025
145538,0.0005697180873829179
145539,0.0008227484319348113
145540,0.0007649920703462262
145541,0.0006647123836984496
145542,0.0005642011405104823
145543,0.005063447505318166
145544,0.0017048302837692907
145545,0.99573379376128
145546,0.0008705424852029439
145547,0.9968527532931327
145548,0.003575275589922724
145549,0.0009515154142516372
145550,0.0007400826007510962
145551,0.00051790292072472
145552,0.0005095580477576338
145553,0.0012118031238774311
145554,0.0018035553649739635
145555,0.002482782851609076
145556,0.0026652413774522835
145557,0.0006409922086799101
145558,0.0021414804862265667
145559,0.0005142446890015623
145560,0.0006310269221960409
145561,0.000582826091698887
145562,0.002088010577862916
145563,0.0016474072841598313
145564,0.0004964089295593078
145565,0.0005111717479772081
145566,0.0026754867625683387
145567,0.0018470001418977302
145568,0.006486557009170261
145569,0.0006815377341492178
145570,0.0017059869673167875
145571,0.0007424490414218039
145572,0.0021951070020407516
145573,0.0007618752797908452
145574,0.012515835938201632
145575,0.0005774676686164596
145576,0.0007295270707186247
145577,0.0006094469339267556
145578,0.0009560609386688901
145579,0.0009373384089374093
145580,0.0013329607855968924
145581,0.0006631883216661864
145582,0.000707358808713627
145583,0.00074252721419139
145584,0.0010260507756293363
145585,0.0008727962004995942
145586,0.003542072529556479
145587,0.0012885375988740482
145588,0.0006979714387430561
145589,0.0037215902997043675
145590,0.0014794820954088473
145591,0.0007538225395202129
145592,0.0025257557214699196
145593,0.000680467617807495
145594,0.0006467077842343351
145595,0.0007543171628213905
145596,0.0036522910645738348
145597,0.009197716767005088
145598,0.0007116691348883126
145599,0.00617065065573337
145600,0.9971231635742709
145601,0.003790188787688901
145602,0.007877539203670235
145603,0.0027756430986651376
145604,0.0010119164456657676
145605,0.0011162733826242137
145606,0.0022166817789556585
145607,0.006225439513543934
145608,0.001295711598892031
145609,0.0029653450073555904
145610,0.0006525509713179297
145611,0.0023099160934959163
145612,0.0044880567194855525
145613,0.01407797895086664
145614,0.0020552113604692776
145615,0.0008452637865295448
145616,0.008355078685161632
145617,0.000809489809360891
145618,0.000714515400496733
145619,0.0006856558792824413
145620,0.0052272076368016064
145621,0.0008701418805612627
145622,0.0009101720306899752
145623,0.0003465384192360444
145624,0.000655985063337805
145625,0.0013444295570535362
145626,0.001225993387624817
145627,0.012706029936168178
145628,0.00143253088496966
145629,0.0005013941949590513
145630,0.0010047590722029411
145631,0.026618710106360865
145632,0.0030155242791906622
145633,0.0006103046862034466
145634,0.004659544033354149
145635,0.002515128313430508
145636,0.0008575025070878732
145637,0.0008642474620836894
145638,0.0008656907961612694
145639,0.000368090587133382
145640,0.0006700897301022666
145641,0.0008020894551558741
145642,0.0007077173203613462
145643,0.0005344358435759875
145644,0.0008885580924526588
145645,0.0009514317789822036
145646,0.0007988847370328286
145647,0.0005473840485423936
145648,0.00115520133410584
145649,0.022722478217331754
145650,0.008167028778392402
145651,0.0022219160834288944
145652,0.009858380007614315
145653,0.0004747552447030426
145654,0.0007658919306643564
145655,0.0008502944697191498
145656,0.0008072688092815375
145657,0.002280217197574927
145658,0.0007950238066941145
145659,0.0005939222633541164
145660,0.001852234059508729
145661,0.0032539671149767833
145662,0.0010746766238305286
145663,0.0006671549348577733
145664,0.00031122956067626697
145665,0.000886739951389952
145666,0.0005413119314574307
145667,0.0033969044690338977
145668,0.022701413698297625
145669,0.0035471262232005894
145670,0.0037421622167465207
145671,0.000603290402537689
145672,0.0006699739370102249
145673,0.0017483658621308376
145674,0.0038797261774153554
145675,0.0015741298949204217
145676,0.0014986290889105643
145677,0.002745970015260199
145678,0.0007120900979045066
145679,0.0008472960933346091
145680,0.004477294320721163
145681,0.00045517900511113883
145682,0.015923836139705935
145683,0.00796635083159367
145684,0.020839481960648318
145685,0.0005579255082368706
145686,0.0008238029102171495
145687,0.0007198917504654174
145688,0.0008815770293441963
145689,0.0011107942157694765
145690,0.00053502742221962
145691,0.0006375281320318599
145692,0.001597694376333282
145693,0.0015822212158449118
145694,0.0004517446759538773
145695,0.0006261096766573619
145696,0.0018099065095064947
145697,0.0013848980651451931
145698,0.000577690216215222
145699,0.000340946096205083
145700,0.0016044525816833607
145701,0.0026357310200400027
145702,0.0015234642684877364
145703,0.0005093523430557294
145704,0.0008695193046298147
145705,0.00984586321160573
145706,0.0005172982376286566
145707,0.003433545453413564
145708,0.0009038327262787501
145709,0.0018878177634344218
145710,0.000610937204632253
145711,0.002250389861134441
145712,0.005646156732604866
145713,0.0005095558967545985
145714,0.0008735458017545032
145715,0.0017817201898780283
145716,0.0006132919381991458
145717,0.00044716797749810454
145718,0.0006525158345407056
145719,0.0006354197270364582
145720,0.0005613832791022387
145721,0.0013439104866718914
145722,0.011505333115031907
145723,0.0004979300526428389
145724,0.0018891769585437268
145725,0.0008887219314865833
145726,0.0005698184330837325
145727,0.0007601120005117129
145728,0.007655724004959973
145729,0.00050523509632851
145730,0.0012669838758158916
145731,0.0005649768003940442
145732,0.0007916038517830652
145733,0.0019375243072520562
145734,0.0007369279978572743
145735,0.0005902126708120509
145736,0.0005985977237349293
145737,0.002090331795824167
145738,0.0030211781059126825
145739,0.0006720268348650203
145740,0.0013795352668114235
145741,0.00186934095029171
145742,0.004041938556176959
145743,0.0009202713902351067
145744,0.006564085275245206
145745,0.0005488130335217817
145746,0.0007712087195302964
145747,0.0004499523885623029
145748,0.00791046598523333
145749,0.0078080256971011465
145750,0.0013145437896091565
145751,0.0010363825893731837
145752,0.003372051870668532
145753,0.0012842598607244672
145754,0.0005811417207764002
145755,0.0005786354391699985
145756,0.9936934043395707
145757,0.0017544394535504897
145758,0.0007593865902564489
145759,0.0009877987947754716
145760,0.0006766207708618452
145761,0.0009610628808849114
145762,0.0006082979712513051
145763,0.007417915511925563
145764,0.0021974919652690463
145765,0.002400149931642813
145766,0.002208540757072652
145767,0.20161767979038817
145768,0.004879423786430229
145769,0.0013898394414644255
145770,0.0012403818591506686
145771,0.0007162435835304281
145772,0.0040954000450841264
145773,0.0033898239388848337
145774,0.0018072521551614697
145775,0.0007640308769545262
145776,0.0008746003119399084
145777,0.0007256591211627214
145778,0.007124760961859681
145779,0.000665934776881598
145780,0.0007658469830985787
145781,0.008734970881077855
145782,0.0018564960504190882
145783,0.001605596222064262
145784,0.001634235033114989
145785,0.0005987421122140857
145786,0.007181806748202649
145787,0.005668699321001031
145788,0.0007470928544315921
145789,0.0007443699969060634
145790,0.0007844010015060893
145791,0.0006247336054286879
145792,0.00047060910394869533
145793,0.005016178412502046
145794,0.0007663813391582357
145795,0.000892598558465768
145796,0.00034384055111443424
145797,0.0007294007734036442
145798,0.0024421796822896723
145799,0.000980575887064512
145800,0.0036977484546406704
145801,0.0005603124901876347
145802,0.000653945821597508
145803,0.0009104495965673979
145804,0.0005382703395848784
145805,0.0015356296599221666
145806,0.9978215221304676
145807,0.001843713085433775
145808,0.0009635101194969554
145809,0.00122837290308232
145810,0.005267540125996838
145811,0.002344001336699798
145812,0.0007592886025227009
145813,0.07502934887993493
145814,0.0049725524174288015
145815,0.0006842170845277626
145816,0.0007092606603862196
145817,0.000768652452574699
145818,0.0027320947608391677
145819,0.0018443441095858627
145820,0.0007128061546947193
145821,0.000571484839890474
145822,0.0008587139272894932
145823,0.0007584748395595038
145824,0.002168354319439878
145825,0.0053063095955916875
145826,0.00143691675050591
145827,0.0010782705253529156
145828,0.000798103582114003
145829,0.0018504814360719235
145830,0.0005761298757809171
145831,0.0004790424316880857
145832,0.0006507654254109156
145833,0.0005601114698032793
145834,0.00842919563055445
145835,0.9958448132913256
145836,0.0014511735124418416
145837,0.0019087227890498592
145838,0.03185367063909638
145839,0.0006617758768459987
145840,0.0006802604106086799
145841,0.013729339157994465
145842,0.0006522043798495409
145843,0.0013479269683364392
145844,0.0023676544393947145
145845,0.0005592853335704298
145846,0.0012553005729582104
145847,0.0005348513918567745
145848,0.000466651944552146
145849,0.0005951844714435083
145850,0.00065077315313011
145851,0.0014987604710489369
145852,0.0006752931332463486
145853,0.010565383317462937
145854,0.0013066918318553533
145855,0.0016791853368527021
145856,0.0044176344239509405
145857,0.031591711873137626
145858,0.004483623810449297
145859,0.0007832897399126058
145860,0.0004966095971455536
145861,0.004018457734751082
145862,0.003989918116809475
145863,0.0007499246491125671
145864,0.006964998109132141
145865,0.0005639933858615777
145866,0.0007983513221447821
145867,0.018213262428629067
145868,0.0009128357170147765
145869,0.0015243303955396455
145870,0.0007420887075419516
145871,0.000601854987245742
145872,0.004730546255764417
145873,0.0019322937487599957
145874,0.0015776498936120134
145875,0.0011167958291484702
145876,0.0011175550344458905
145877,0.0010495340058834937
145878,0.001663643369462313
145879,0.002653561343823937
145880,0.0009596792193502206
145881,0.0011686642487867954
145882,0.0014555536709510422
145883,0.00028071221372923073
145884,0.002727894557273426
145885,0.0079807082907737
145886,0.0018588536479352325
145887,0.0011884158722451034
145888,0.001117809598126753
145889,0.0007578557531410439
145890,0.000637125387120231
145891,0.0005151481142903001
145892,0.0010540939790218958
145893,0.0007586073984702619
145894,0.0005137308975474724
145895,0.000828836187329277
145896,0.0015759312860868435
145897,0.001160428135872955
145898,0.0009093840774225619
145899,0.0023367969092572705
145900,0.0019440338613411511
145901,0.023704442095174832
145902,0.0014142097064942447
145903,0.0011807304335164975
145904,0.0005197750855230916
145905,0.0019439439554007501
145906,0.004004889294851663
145907,0.0008355944471754148
145908,0.000982378884159352
145909,0.0006357943736467396
145910,0.007936611293966174
145911,0.0007381449735772122
145912,0.0007634713655422003
145913,0.0010302404458001212
145914,0.0012991389985102671
145915,0.0009041126768220629
145916,0.0038081638430268643
145917,0.0005047549657440884
145918,0.0009771338026676808
145919,0.0004906586880245685
145920,0.0005435164573250129
145921,0.00917272914438195
145922,0.0007764795178884677
145923,0.0007602557482915145
145924,0.0008531517154759896
145925,0.010485162305398156
145926,0.9977649256640384
145927,0.0015099475916683439
145928,0.0008703252274413662
145929,0.03847799211963521
145930,0.000672923987693623
145931,0.0026890242351648563
145932,0.0005882547347752962
145933,0.0019313030587670302
145934,0.0006606710631875221
145935,0.005399646290223622
145936,0.004109393557426993
145937,0.0025744312622807543
145938,0.0013494710662442417
145939,0.004729325735833213
145940,0.0034263678670973284
145941,0.0006531932405963905
145942,0.0024033194240515345
145943,0.00532219206994342
145944,0.0007603048192059117
145945,0.0006282284722453313
145946,0.009706636635351177
145947,0.0007760574379798909
145948,0.0004683963207441033
145949,0.001336879079073928
145950,0.0006440382302600009
145951,0.0016553197757939741
145952,0.003054155868441389
145953,0.0005053625695284677
145954,0.0008079373115197214
145955,0.0012520990330471364
145956,0.0012856455118750135
145957,0.006163468957701775
145958,0.0013154196596153185
145959,0.0018624383620117401
145960,0.000557805596659816
145961,0.0005436684297871492
145962,0.0006035592484455395
145963,0.0009744246657435413
145964,0.0011349263381487912
145965,0.0009198531494066676
145966,0.0006120836706830016
145967,0.0012683030889015048
145968,0.001391697241435696
145969,0.0008163389672587941
145970,0.0021359584863792943
145971,0.0006758061282014042
145972,0.0005363002148498965
145973,0.0019317510259549385
145974,0.0006346021157669418
145975,0.0004986653975355596
145976,0.002640187607667918
145977,0.0008351290921996101
145978,0.0006163163425719572
145979,0.000854250321492084
145980,0.0009080620799356777
145981,0.000409780296122343
145982,0.000691824370571527
145983,0.0011555512457054845
145984,0.0013882525505536278
145985,0.0005745431830666797
145986,0.003522948232647014
145987,0.0016691516454179999
145988,0.0010984821921555753
145989,0.0011589082387837928
145990,0.054681135422612645
145991,0.0006156710185570482
145992,0.0005507685920304823
145993,0.0020697345298928537
145994,0.0004707993115561708
145995,0.0011075033623805007
145996,0.0022533238413053533
145997,0.0006739446322187912
145998,0.0007142421096628009
145999,0.0016573377543551114
146000,0.0004929521120209072
146001,0.0007733193449222934
146002,0.00145818752297193
146003,0.029268367436320296
146004,0.0010565748544576058
146005,0.0005774721679377453
146006,0.0005920017782202009
146007,0.0004055455712889401
146008,0.0011480799873206313
146009,0.0023355963451412052
146010,0.0011228255164545907
146011,0.00047454867715588506
146012,0.9922324855778953
146013,0.009834517691305524
146014,0.018295734322141634
146015,0.0005937091169710886
146016,0.005009819105492985
146017,0.0006771625066708226
146018,0.018086744901665296
146019,0.011759306940257563
146020,0.0004567390609751235
146021,0.0012873065527297274
146022,0.0013055171238726096
146023,0.0012555335322616996
146024,0.000457182523871001
146025,0.001904644468258892
146026,0.002383402653190824
146027,0.0015205456342257178
146028,0.0010829658634804824
146029,0.00586100036664293
146030,0.0005515533958880662
146031,0.0016081376348404926
146032,0.0044505230788406454
146033,0.006883504506821812
146034,0.0013660210930080663
146035,0.0008524612568910003
146036,0.9971605524895406
146037,0.03532190893537645
146038,0.0007693101034906766
146039,0.0024805608576724657
146040,0.000320936425644037
146041,0.0009134618099809895
146042,0.0005790097474676005
146043,0.0014183206913961112
146044,0.0005357779606793649
146045,0.007211784201875512
146046,0.0015615961518694104
146047,0.0011938344461757998
146048,0.003762183000194191
146049,0.0005084736633283104
146050,0.0011727920775732356
146051,0.0019220676523440663
146052,0.0019038952430748043
146053,0.0007817903962004417
146054,0.0006742620334268545
146055,0.0015995440962813477
146056,0.00135581769996072
146057,0.0009905533412145255
146058,0.0026703637243982005
146059,0.001971288673588597
146060,0.0007259884850906302
146061,0.0010117064594902124
146062,0.0006399152223607429
146063,0.0019533051795049806
146064,0.000642252259689177
146065,0.0005334328539862423
146066,0.000454221308962541
146067,0.0006867957404261914
146068,0.0007135141880963087
146069,0.0006451861265694867
146070,0.0019135808585610753
146071,0.006081071905264865
146072,0.0007155530303711521
146073,0.001230241876747681
146074,0.0005647790510057892
146075,0.0006332073431474443
146076,0.00041064983848475045
146077,0.0022649406709066454
146078,0.02559506176696671
146079,0.0014499662939138906
146080,0.004429285430613857
146081,0.0014625563974465221
146082,0.0008280786948445804
146083,0.0033067590913403505
146084,0.0004398382776569456
146085,0.0004598982258694828
146086,0.0025841206415756577
146087,0.0011638185915096972
146088,0.0009574259594122917
146089,0.0014117919586531858
146090,0.00062794855024034
146091,0.00040102305759343965
146092,0.0022964403444144426
146093,0.005702134754228233
146094,0.0007742285782404421
146095,0.0014440424543026849
146096,0.002305164316779955
146097,0.0026947984581480473
146098,0.000675214759386624
146099,0.0009016298380084425
146100,0.0013745084624795724
146101,0.0005280065617226833
146102,0.000519504454414448
146103,0.0004095083585281589
146104,0.0007058396712023594
146105,0.0006131906031073595
146106,0.003028169985262474
146107,0.0006516046228928917
146108,0.0007590484197092804
146109,0.0009918821649361376
146110,0.001395239594697278
146111,0.0007402717286737203
146112,0.0005399194273533697
146113,0.0030511731976556305
146114,0.0008508905336667683
146115,0.002663059601353178
146116,0.0010808066828059263
146117,0.0007068790106591501
146118,0.0006646416370306375
146119,0.0014420152460664342
146120,0.001179097813776464
146121,0.21578708225175552
146122,0.004731506717626575
146123,0.00353958719770824
146124,0.0008491795298192794
146125,0.0007170820270550064
146126,0.0009060379577880895
146127,0.0012535253880225513
146128,0.982948959463378
146129,0.006414570837762761
146130,0.0009862773670345519
146131,0.004367282035017096
146132,0.0005079646991373811
146133,0.000680878549531601
146134,0.0008835209561520546
146135,0.0006826411840093734
146136,0.0009693605848286925
146137,0.0007667661509440927
146138,0.0011580196312463906
146139,0.001216700887661776
146140,0.0005713110090894875
146141,0.0005722000422495819
146142,0.0008075791439720091
146143,0.0004032529768402339
146144,0.0005864032545811557
146145,0.0335035813940807
146146,0.0016302881294968674
146147,0.00048464403962467713
146148,0.0007241563504541263
146149,0.0028307478040126267
146150,0.0024236153508444673
146151,0.004589319896457143
146152,0.0010048410809731145
146153,0.013244644177010718
146154,0.0006913691756730058
146155,0.0006440868600194154
146156,0.0016208042342497576
146157,0.0009286695810142704
146158,0.00047470974322672644
146159,0.0006301582824800181
146160,0.0015820570438870752
146161,0.0007486819940349052
146162,0.0007028711708333215
146163,0.000696998368509717
146164,0.0013075390722966772
146165,0.0037412542646986786
146166,0.0008140064111513969
146167,0.0007891056616128132
146168,0.0006878553635641363
146169,0.00983133239722436
146170,0.0017577627486558057
146171,0.01756661196082433
146172,0.0006155482574708998
146173,0.000985547140091206
146174,0.0017734231383057099
146175,0.0011144474464313758
146176,0.0027203056108652196
146177,0.0007682710834395471
146178,0.0009958565547856864
146179,0.01622858492261531
146180,0.0032304064819791978
146181,0.0009596197421797301
146182,0.002790585428099164
146183,0.00046476833138564896
146184,0.004080802351558005
146185,0.0032552532772714034
146186,0.0013743878187435236
146187,0.0012832358370772595
146188,0.0008582631960164188
146189,0.001191151396949455
146190,0.0007946299819648295
146191,0.0014283092880155008
146192,0.0013977698132814393
146193,0.0017549922198003927
146194,0.996412559820087
146195,0.0007386649158666375
146196,0.000892793345816557
146197,0.0014727917347376305
146198,0.008830514859405343
146199,0.0013037712856970242
146200,0.0008279634733061678
146201,0.0005134961962055186
146202,0.0010258184760851758
146203,0.006542209879768487
146204,0.002116027619335631
146205,0.0008196921651717531
146206,0.0006789927333255296
146207,0.005619870413961436
146208,0.0008632598130335652
146209,0.0028022803317432152
146210,0.0023299311137881763
146211,0.0008760931910238147
146212,0.000713067381033151
146213,0.0010003518939861256
146214,0.001315256666246783
146215,0.002479710247698789
146216,0.0017528424508638186
146217,0.0005034042312402666
146218,0.0013676263602785967
146219,0.0006330855505032715
146220,0.0012672356527273442
146221,0.00824039228504946
146222,0.014940133001645409
146223,0.0014513691309804928
146224,0.0009504757004292882
146225,0.0005708040620448038
146226,0.0008026080615661744
146227,0.0010286650284561493
146228,0.002697611489720789
146229,0.0006226928381893543
146230,0.0004810455514836579
146231,0.007885356890864371
146232,0.0016973597043642322
146233,0.0010449143936716535
146234,0.006230306397918439
146235,0.0014396687805137787
146236,0.002423826880240642
146237,0.0010132957966693707
146238,0.0004901181088807767
146239,0.004471434007813133
146240,0.0007883893583445958
146241,0.007668283059796438
146242,0.0006907444430165036
146243,0.0005813636715285431
146244,0.004476204877262637
146245,0.0005253212006955998
146246,0.008565737320805872
146247,0.00072469622235164
146248,0.002297168926507085
146249,0.0008349934622539101
146250,0.0006556326792994561
146251,0.0009066177499676021
146252,0.001310084989329394
146253,0.0009797813713933897
146254,0.0008407800445995828
146255,0.002067355227801029
146256,0.0005028943949838775
146257,0.0007634409585158136
146258,0.0016353575955514396
146259,0.0003311327960200513
146260,0.0005908905856551048
146261,0.0006667427050234646
146262,0.004482967858194747
146263,0.008582783493534508
146264,0.0005766955736308129
146265,0.0011558778215349159
146266,0.0014358425072829389
146267,0.000679416820749919
146268,0.0037896303624880253
146269,0.003341467092448993
146270,0.004243663125125169
146271,0.000747498387850126
146272,0.012852604320182311
146273,0.0006017164656367251
146274,0.0005822338667193901
146275,0.010939224648077691
146276,0.0005061323311994777
146277,0.008395302719652395
146278,0.006940536166745252
146279,0.0010590833370937454
146280,0.0010639896899269153
146281,0.002511755612648018
146282,0.006594656371063766
146283,0.0017045150754556545
146284,0.0008788602349425984
146285,0.00046220718130638046
146286,0.00627832478931765
146287,0.0007986861214665081
146288,0.00046246854284842285
146289,0.0006622434338420006
146290,0.01109601763675086
146291,0.0013212168907236962
146292,0.0004828496432618456
146293,0.0007454204464506716
146294,0.0018678164873409682
146295,0.0003954544274284397
146296,0.0010208091841941809
146297,0.0010134072390252033
146298,0.035533137967151115
146299,0.003308103422758584
146300,0.0012636674694446249
146301,0.0005115615262204611
146302,0.002648563334958252
146303,0.0005795373207256264
146304,0.0010025680245204763
146305,0.0014742726140995165
146306,0.013887893929413114
146307,0.0021169660055286228
146308,0.0006723415708874916
146309,0.0017314449589637972
146310,0.0017701719825481545
146311,0.0007579895675034847
146312,0.00039124479596768934
146313,0.0004898746527520809
146314,0.006154065265830351
146315,0.0008898578857225989
146316,0.0005283848079651265
146317,0.0006420342167203935
146318,0.000937465426121992
146319,0.0029055359399997685
146320,0.0009395690255573459
146321,0.0004194415064704295
146322,0.0022882419273348967
146323,0.0014343031671447256
146324,0.0005658559484618622
146325,0.00214679037042101
146326,0.0006126899108880074
146327,0.002826930112180887
146328,0.00802354054074523
146329,0.0012139109573686318
146330,0.0011216004190181266
146331,0.0018213854795348227
146332,0.0020364701475041303
146333,0.001140253128214074
146334,0.0007527932287953007
146335,0.0006436890158989305
146336,0.008787513571207689
146337,0.0021482549384049254
146338,0.0014922935066853116
146339,0.20251025292872935
146340,0.0006776820913994116
146341,0.0023273983887471686
146342,0.0006575823523784016
146343,0.004289934156232328
146344,0.0016809924105425276
146345,0.0014665493404647457
146346,0.0010840423505281776
146347,0.0011485985121031186
146348,0.0009150526925021485
146349,0.0007464022985941823
146350,0.00047134718713902243
146351,0.0012737294976528956
146352,0.0007695402152395967
146353,0.0007206904898561883
146354,0.0014128027394075676
146355,0.004568890137584911
146356,0.0005405657133424623
146357,0.03880111512144098
146358,0.0018320668874652682
146359,0.0004993953113964127
146360,0.0005454792244994023
146361,0.00249514988100675
146362,0.0009275921733597967
146363,0.004435195323183802
146364,0.0006031373607145769
146365,0.0005630584319102276
146366,0.0013015647396989825
146367,0.012641141844863504
146368,0.000385683046721451
146369,0.0006034907635145792
146370,0.0006745935970519054
146371,0.0012001730307919407
146372,0.0006981470999500093
146373,0.0006293108388563545
146374,0.00046951512465084633
146375,0.0006690623122705412
146376,0.000515709672260689
146377,0.0018083593897523626
146378,0.0009042591574652278
146379,0.004395258782702947
146380,0.000579938902736669
146381,0.0016980187688317933
146382,0.025473301250582555
146383,0.002038198289817845
146384,0.001129552588999229
146385,0.0010216174059051854
146386,0.0035809896355378794
146387,0.002040127669582911
146388,0.00028809864882641374
146389,0.0005511309021753278
146390,0.00077149772071439
146391,0.0005175746833032179
146392,0.0008001542378337004
146393,0.001802719105052383
146394,0.0007902757889811237
146395,0.001150277207994812
146396,0.0007619064608178686
146397,0.0052276593722644605
146398,0.001242533608000009
146399,0.00046306041563374823
146400,0.0004915498402451132
146401,0.014123917379327174
146402,0.0013958273425363362
146403,0.001050108895849403
146404,0.009423089801522212
146405,0.0013583156498961075
146406,0.000846018106051631
146407,0.0005588654541630675
146408,0.0016690900068924448
146409,0.0009610735987392251
146410,0.0005868484713096305
146411,0.00649313823436467
146412,0.009017888072571277
146413,0.9991364714093378
146414,0.0007812925625977029
146415,0.00039622968441339727
146416,0.0005867430720993268
146417,0.0006039456185584396
146418,0.0026966443937496364
146419,0.0004945812264114878
146420,0.0008558454678772963
146421,0.0024280520220611784
146422,0.0007365651541561626
146423,0.0006841893138669729
146424,0.0011313337672649525
146425,0.0009797800089305728
146426,0.0021618862286016532
146427,0.0009437579675118074
146428,0.0007978100036013833
146429,0.0006111359063670774
146430,0.00042958748123993293
146431,0.001941297836503405
146432,0.0012154302583338192
146433,0.0010331465150593077
146434,0.0007506990111691631
146435,0.0009505363703001687
146436,0.000635770282725598
146437,0.0013562222315220136
146438,0.00046477697657764836
146439,0.0011480356602397808
146440,0.0007110696971176053
146441,0.0008694179680254224
146442,0.005769351910996429
146443,0.0018491360092726629
146444,0.005368886328534803
146445,0.0020889738307918564
146446,0.0063036718242261884
146447,0.0003126668324983575
146448,0.0011961231865701828
146449,0.0005414342590015415
146450,0.0006636393609463383
146451,0.0008153204822779804
146452,0.20110513907485725
146453,0.00045861711972751125
146454,0.0005549744524155527
146455,0.00913463341893587
146456,0.0006384891309586239
146457,0.0005382347513183992
146458,0.006992465549081634
146459,0.0035706209306159585
146460,0.0007816350943474482
146461,0.0009922719154074908
146462,0.007751779354609946
146463,0.000382581969454474
146464,0.001166457840662395
146465,0.0011291314034911105
146466,0.0006181724301987781
146467,0.0006848885874519081
146468,0.002453290415494169
146469,0.9936371178803913
146470,0.0015556414055982876
146471,0.0006223405443433459
146472,0.0010414066999674
146473,0.0011657901867546832
146474,0.0023577698411739166
146475,0.009708080719496269
146476,0.004322179449641172
146477,0.0036437358102044083
146478,0.000718913080986996
146479,0.0005272264448021553
146480,0.0008623775889579032
146481,0.007717408657804559
146482,0.005208762055736543
146483,0.0032354327090049232
146484,0.0008055600114292952
146485,0.008945016329723346
146486,0.0010599098893485297
146487,0.0024958748994372277
146488,0.0005371937528315129
146489,0.0006248726798691651
146490,0.00984131354812037
146491,0.0005133394280770114
146492,0.0006366739507732797
146493,0.002866419464086483
146494,0.0028580168733605004
146495,0.0014224100756817072
146496,0.0008137004378951797
146497,0.0008860613758708842
146498,0.001413682891455967
146499,0.012566881291017469
146500,0.0017973698246819454
146501,0.00041583043349372644
146502,0.002494717901920517
146503,0.0012381109248466907
146504,0.2011484909249396
146505,0.0004520286656613405
146506,0.001758220579430773
146507,0.004023859279726637
146508,0.0008809216070034401
146509,0.20104330433622192
146510,0.0008109306538430371
146511,0.0008314762472661446
146512,0.0019520006180672792
146513,0.0008829264491240327
146514,0.004302181130032891
146515,0.0006486196535900953
146516,0.0009298254914762073
146517,0.01605395589567276
146518,0.0030153852126378468
146519,0.0008622975471365305
146520,0.0008425554816200939
146521,0.0009226013649268772
146522,0.003710641542184751
146523,0.0009265780518786066
146524,0.002115303244388889
146525,0.0008420924479139026
146526,0.0005138349863434762
146527,0.0017385158360679388
146528,0.04217703526044771
146529,0.00878456515901226
146530,0.000881353085643558
146531,0.000798170143184632
146532,0.0009574745564879162
146533,0.004283819122056408
146534,0.005323559603061762
146535,0.009367210579912508
146536,0.009405079793869044
146537,0.0007053223962390517
146538,0.0007368480938417842
146539,0.00044775612946169484
146540,0.00358366621433512
146541,0.0008203439327228096
146542,0.0014310778922385025
146543,0.0032079819031007656
146544,0.0024287722749347642
146545,0.0011518752111781905
146546,0.0021693252476075713
146547,0.0009412109333280009
146548,0.000556318593079625
146549,0.0010776098244654735
146550,0.0023519943028860735
146551,0.0008805549664770485
146552,0.0023215942734779844
146553,0.00552403661835635
146554,0.007183058912143046
146555,0.0013119147942116276
146556,0.0007047831140950639
146557,0.0013055139079657658
146558,0.0008549913479534394
146559,0.0013895993854875477
146560,0.0011369180515279818
146561,0.0007765805759183262
146562,0.0003961670079365206
146563,0.0011152725830194216
146564,0.0013002460516031334
146565,0.0009105429750350494
146566,0.012345163287999061
146567,0.016820590051601556
146568,0.010188058054991733
146569,0.003135277555904488
146570,0.001632413714362263
146571,0.001381029035913424
146572,0.0010255335458086673
146573,0.001379770987420859
146574,0.006344711568888465
146575,0.05437849586364696
146576,0.001400224537426535
146577,0.0007044092008546088
146578,0.000554183318194776
146579,0.0004302750528320107
146580,0.0006373921983325878
146581,0.0035116085121500214
146582,0.001508031788639725
146583,0.0013338535808651638
146584,0.0014390699991543784
146585,0.0006423220351972826
146586,0.0009626531127601181
146587,0.0006810748679273353
146588,0.0004734611423147737
146589,0.00038744468395187194
146590,0.024253892075782692
146591,0.01656352235540761
146592,0.008540185904624539
146593,0.001137909190580148
146594,0.0008894799387466803
146595,0.001984635662200861
146596,0.0004601808629816085
146597,0.0010689634855781355
146598,0.0006050909806879508
146599,0.00428217751173863
146600,0.0008831960291974586
146601,0.007596175330457251
146602,0.00236080578890871
146603,0.01725823760388327
146604,0.001030591499756601
146605,0.0007313628094017333
146606,0.002002468900068777
146607,0.0007085835341555126
146608,0.0011414972247525321
146609,0.000907048687620403
146610,0.0007087446089823729
146611,0.0014661916041417609
146612,0.0005935711727092723
146613,0.0007409950974546242
146614,0.0005940074781614187
146615,0.0029532489492287905
146616,0.007041381957507382
146617,0.0011183160306672312
146618,0.010913554939873695
146619,0.000559190938720113
146620,0.00215669715916067
146621,0.005065902816465178
146622,0.0023596425127060316
146623,0.0005573352383426059
146624,0.0010236559793355216
146625,0.005153449713627944
146626,0.0007701243368677756
146627,0.00047398428023569
146628,0.0006292524340542734
146629,0.0012871049451589948
146630,0.0017047728830318091
146631,0.0019773048106851033
146632,0.20242514813030027
146633,0.0005282091253384533
146634,0.00028783545480355035
146635,0.0008658925418752682
146636,0.0007080410824795059
146637,0.004787815093220956
146638,0.0007985676458839068
146639,0.0003628642601191408
146640,0.0004246456432437799
146641,0.0012722776334766939
146642,0.00035786359930668873
146643,0.07068883102549366
146644,0.001400412798534297
146645,0.0028804921130944133
146646,0.015991238044615788
146647,0.9934157743332863
146648,0.0006495136862601628
146649,0.001696728311742903
146650,0.0008122580376731141
146651,0.010337179319959684
146652,0.0007073172761105664
146653,0.0006837572923199572
146654,0.001104546039303109
146655,0.001341328522158229
146656,0.0033042288806440483
146657,0.002526647388323649
146658,0.0009768108990026217
146659,0.0006787184933664941
146660,0.024849737040606112
146661,0.0006733082191035902
146662,0.0006085703840300707
146663,0.0006999767488647735
146664,0.004498094292815851
146665,0.002134254715760956
146666,0.0020568286373773515
146667,0.0013340931943112133
146668,0.010565615321944048
146669,0.0006310002286199104
146670,0.0008926366656512554
146671,0.009023679260855252
146672,0.0006634454380380709
146673,0.00319522863925413
146674,0.00113398228158171
146675,0.0008957655196801262
146676,0.0006060015804194698
146677,0.0006331123776170527
146678,0.0005960711249555735
146679,0.9801856482291168
146680,0.0005203612471302079
146681,0.000738850269505067
146682,0.003755819874154948
146683,0.028050884794892386
146684,0.0005588257569932686
146685,0.0006143075356028904
146686,0.0009126621540212138
146687,0.0005927903178954614
146688,0.0009122409868745338
146689,0.0021910235675494834
146690,0.0006363405167074095
146691,0.0014547580860773518
146692,0.0008037805304084736
146693,0.002303705011332098
146694,0.0004763192876793874
146695,0.0012079280917771228
146696,0.0008047663546705284
146697,0.0014349287958204178
146698,0.6127953457810941
146699,0.0019099141420249842
146700,0.00045257291337949307
146701,0.0008175161887311518
146702,0.0026960691269921717
146703,0.0008056805671358574
146704,0.0008154955492202672
146705,0.00062766489444392
146706,0.0028309101983457403
146707,0.0017086468080500573
146708,0.001002731139546465
146709,0.0008184548766552748
146710,0.0005502667467095299
146711,0.0025435412423884607
146712,0.0007126167631839427
146713,0.0005729413366045576
146714,0.0113080611980167
146715,0.0008034132945974481
146716,0.0015038680926694919
146717,0.00044598456228845627
146718,0.0010387846256482737
146719,0.0011782002638564461
146720,0.004280353827740289
146721,0.0007907691222457501
146722,0.00841104176379475
146723,0.66384902229787
146724,0.0006531152924922777
146725,0.0007070720070163068
146726,0.0006176207125922231
146727,0.0005899356955794188
146728,0.0007447914827449321
146729,0.007115276578950126
146730,0.002867854294568255
146731,0.006968887160324424
146732,0.0005155174937215359
146733,0.0020320906802264037
146734,0.0005771204880681013
146735,0.0005826400923379814
146736,0.0007019409617166007
146737,0.0005528193987306335
146738,0.014416033705982116
146739,0.004647070687178151
146740,0.001185947343123995
146741,0.000502838184604634
146742,0.0006143325318100913
146743,0.0005456074672420874
146744,0.00043843644804892647
146745,0.0005931823755220472
146746,0.0010830073803447411
146747,0.0006467121010272704
146748,0.0005821909508508763
146749,0.0008917603989082063
146750,0.0011530939007799315
146751,0.06424435751018708
146752,0.0007747725756922709
146753,0.000495207063849203
146754,0.0006738007460720235
146755,0.0005588080789912479
146756,0.014171714877622237
146757,0.0009034308150808906
146758,0.000532705767932108
146759,0.0005837963208488222
146760,0.005938565119682477
146761,0.0009080953468673253
146762,0.0006333762029247254
146763,0.0006795558339042129
146764,0.005024304958452899
146765,0.0006418407218309458
146766,0.0007715665171084845
146767,0.0006389932153861245
146768,0.0007447275145618583
146769,0.009882018488881449
146770,0.0005982885012974988
146771,0.028398356062676454
146772,0.0165849094550425
146773,0.0004503799105558053
146774,0.0005857336573177302
146775,0.06788425659419568
146776,0.0008470790754761951
146777,0.005172846885580589
146778,0.006687421135585684
146779,0.00031912899937122977
146780,0.0014554999218895552
146781,0.0046700818871118115
146782,0.0035379088500598283
146783,0.014145589014262484
146784,0.0006483763123386748
146785,0.00033114655991447
146786,0.0015188600307677674
146787,0.0024550243685571575
146788,0.0007625705785089777
146789,0.0005996375603007044
146790,0.005735901712743163
146791,0.0007619240576241021
146792,0.000671194606045719
146793,0.0005226457750635717
146794,0.0006080650432762559
146795,0.0006360443110173504
146796,0.004370823725781673
146797,0.0017120284071452882
146798,0.0006424565896826729
146799,0.000738988101930081
146800,0.0007163310819788279
146801,0.0010157029978894439
146802,0.0007530493553749189
146803,0.0008153146707129663
146804,0.0009304711913018985
146805,0.0015006989286308462
146806,0.0007188387506863354
146807,0.000626189994261821
146808,0.0005494795754527431
146809,0.017907831198287382
146810,0.0011498870881968188
146811,0.0007174299163776937
146812,0.00217635946365303
146813,0.45120880674032504
146814,0.003783720573462911
146815,0.0011937192231724193
146816,0.0004618161174390395
146817,0.016421123785517584
146818,0.000706650806895864
146819,0.0015523070220866096
146820,0.0007180778540180912
146821,0.00500802260802986
146822,0.0006800301059960788
146823,0.0008229134655747223
146824,0.0020249412320049163
146825,0.0025089144751016448
146826,0.019765209940943426
146827,0.0009326463482095411
146828,0.0005866104276251829
146829,0.0005764918005361704
146830,0.0008667767252759081
146831,0.0010711940324144881
146832,0.0005595292699043872
146833,0.0006029982212887262
146834,0.002722406802415516
146835,0.0007853623984781513
146836,0.0021246659688948506
146837,0.000387550110920497
146838,0.0027863016908652406
146839,0.005198801029762125
146840,0.0005749232794719985
146841,0.006495980388565829
146842,0.0010908344014526998
146843,0.0011614526610948849
146844,0.0005530139353700312
146845,0.0005279516559358147
146846,0.0011259313451597462
146847,0.0012460917674694725
146848,0.000632910981100025
146849,0.003943587216790959
146850,0.0006035287160798031
146851,0.0008332736771552661
146852,0.0004669901682086558
146853,0.0006135450708861438
146854,0.0006560083357271315
146855,0.0006460141545086878
146856,0.008249028363833141
146857,0.0006999086303907756
146858,0.0010448417584175888
146859,0.016937664387808436
146860,0.0007926396000946689
146861,0.0008966570770806676
146862,0.003234357987608974
146863,0.012403197485256595
146864,0.0015608880260786313
146865,0.20073008688480323
146866,0.0004537707058764447
146867,0.0007780567583051672
146868,0.0005102196591888655
146869,0.0017615698572578456
146870,0.000780214349586525
146871,0.0006209437099847816
146872,0.0009397865136018867
146873,0.0006299083990332348
146874,0.0006266143647902559
146875,0.0019225964616779718
146876,0.0007783519821085515
146877,0.0005756158874276117
146878,0.0010792193441677704
146879,0.00101287002642398
146880,0.0005512068012305884
146881,0.0006127506351410277
146882,0.00048630899101747763
146883,0.000823803751247526
146884,0.006486889289300529
146885,0.00044865974141269444
146886,0.0005772706837783739
146887,0.0006330200390165656
146888,0.0005868674293923343
146889,0.0012036533145333142
146890,0.022473403217860007
146891,0.001364267997776877
146892,0.00776546929455588
146893,0.0042005041981974505
146894,0.0007666026332610314
146895,0.001070409423939426
146896,0.0007180850960574535
146897,0.001329268228252979
146898,0.0005638625574897033
146899,0.0025005633782098817
146900,0.0004072699282175114
146901,0.0006165484709417621
146902,0.0010235064553266345
146903,0.009278265477285273
146904,0.0007524728898172591
146905,0.0009690087939068382
146906,0.0007555127968078466
146907,0.003734097585859756
146908,0.0013107706286843385
146909,0.015099116545675563
146910,0.0058351901065725595
146911,0.0007342946814488221
146912,0.0006835904142284602
146913,0.0006626559163437416
146914,0.0006401190192981394
146915,0.0004845542216441113
146916,0.0007702322854199546
146917,0.0005144958626610215
146918,0.0009694190774509978
146919,0.0004761973366023472
146920,0.0005678513557487721
146921,0.009432668506752659
146922,0.0005107531738000956
146923,0.0026457183326208454
146924,0.0009614293818227596
146925,0.012517411436813078
146926,0.0007086083305739623
146927,0.0005461389208271164
146928,0.0030131016180059604
146929,0.000794557007198131
146930,0.7432139779573765
146931,0.0007869112868094811
146932,0.00567030816453993
146933,0.0005122657734458081
146934,0.000495774207484449
146935,0.0005362617157036875
146936,0.0046261370597624535
146937,0.0004809902246459577
146938,0.0022815354904475852
146939,0.0006611803414021281
146940,0.003650656710473939
146941,0.0005984362245774287
146942,0.0010292542548925457
146943,0.0045384708247163345
146944,0.000857152568776054
146945,0.0007081037005994587
146946,0.0006103731685131832
146947,0.002219100478497834
146948,0.0004465615132981729
146949,0.0006807669273822111
146950,0.0010156410470570818
146951,0.006530162460462271
146952,0.0020119699037271055
146953,0.005019100972877765
146954,0.0019997232908842105
146955,0.000942842876689283
146956,0.011396226210769154
146957,0.014448679104852216
146958,0.0009201236246527517
146959,0.0030949205582391005
146960,0.0009814186997906807
146961,0.0011314152698262768
146962,0.0004219245245587529
146963,0.0031846774480057552
146964,0.0007660127805435467
146965,0.0006665758259299704
146966,0.0008534722237706898
146967,0.0008743252621946425
146968,0.0034579770792283254
146969,0.0005356683674817551
146970,0.0009180838418572819
146971,0.0009548727600986388
146972,0.003369131005910495
146973,0.0006302126127811294
146974,0.0008383722702406795
146975,0.0010945992067588396
146976,0.00048727465690746923
146977,0.003367399657849164
146978,0.0010162224693315383
146979,0.00048314068927644436
146980,0.0005385793511989268
146981,0.0005213813708171164
146982,0.0009179492995767943
146983,0.003332564591743114
146984,0.002998373884130244
146985,0.0011812241531837806
146986,0.0005854552775620343
146987,0.020931696846704893
146988,0.0006800625068342584
146989,0.0006195700843552913
146990,0.00046367485525492
146991,0.0006785857422046484
146992,0.003431760948310798
146993,0.003539312330630255
146994,0.0008479893791593416
146995,0.0012060364341674786
146996,0.00045430999502645193
146997,0.020637064908572374
146998,0.0006713555231113509
146999,0.0011982769833499486
147000,0.001437035213026996
147001,0.0006166098568050165
147002,0.0006651597143372309
147003,0.026884269930173284
147004,0.006591314909905475
147005,0.0006032269908300457
147006,0.0009530644866801354
147007,0.0007740885720017279
147008,0.00030896736675215794
147009,0.004560650804925768
147010,0.0047480483513704045
147011,0.0014945168111993724
147012,0.0023443761894850587
147013,0.01315461740870412
147014,0.0006231265180062611
147015,0.0015007559244319063
147016,0.002907771631447811
147017,0.0006274391079097666
147018,0.0006957122073025396
147019,0.001786255329927797
147020,0.019066815801401175
147021,0.0018778323940790347
147022,0.0010328411564181888
147023,0.0005222362112800316
147024,0.001150331148209055
147025,0.007772953134664064
147026,0.006520355092169818
147027,0.0007028472882054909
147028,0.0025160488683079085
147029,0.0005329713831479486
147030,0.0030802130057524853
147031,0.004436117068720093
147032,0.0007861388328223314
147033,0.0014515209538560588
147034,0.000703472383213823
147035,0.0006061176644327235
147036,0.0004659633548871709
147037,0.0255881500339143
147038,0.0021352349894302844
147039,0.0006771966989017966
147040,0.0023617523332614796
147041,0.00047623810476320866
147042,0.0011742635419135822
147043,0.0016659081953437809
147044,0.0005779656780359264
147045,0.021109356778355244
147046,0.0007257438999890757
147047,0.0005348940426703258
147048,0.004105395585506247
147049,0.0010762731942870803
147050,0.004707551340869618
147051,0.006182288005821938
147052,0.017356486827080977
147053,0.013117123577275742
147054,0.0005706163889484062
147055,0.0020880067592328293
147056,0.014183791479010496
147057,0.0010508041580439744
147058,0.0005874658048075799
147059,0.0005935353984315515
147060,0.019921743602086803
147061,0.005538176862524962
147062,0.0008739531486086278
147063,0.0009272675810638317
147064,0.0016426409996785649
147065,0.0019374410945192065
147066,0.0005582857802913409
147067,0.0005448531960366106
147068,0.012383267853555882
147069,0.0017435045767980346
147070,0.0008161580999335302
147071,0.023964945127135904
147072,0.0007314130814123897
147073,0.009239766850578455
147074,0.0008717600501745217
147075,0.0010773945450785704
147076,0.000710752252088738
147077,0.0034120321477465283
147078,0.0008029065501724984
147079,0.0006383093935885302
147080,0.0006960839750852546
147081,0.0007167246808742432
147082,0.9674699105046465
147083,0.0006983762285839468
147084,0.0007116757828059914
147085,0.0006017860753045521
147086,0.0009722468009370738
147087,0.0022183369630026932
147088,0.004484606462728928
147089,0.0010440517175854802
147090,0.0018808976828036763
147091,0.0004873694216318989
147092,0.0022540756341745205
147093,0.0052426100256707355
147094,0.0005272972174043718
147095,0.0015758978069633784
147096,0.0004902316521345195
147097,0.0007258011839601137
147098,0.0009435610260036216
147099,0.0045410972333501465
147100,0.004424360279078115
147101,0.0016050831624430492
147102,0.0052069131532728906
147103,0.0014574334341361825
147104,0.000741011559785747
147105,0.000822135475905166
147106,0.0010772325821640186
147107,0.0011569427984608237
147108,0.002302140364844932
147109,0.0005956036729727658
147110,0.0018435248030284756
147111,0.0005241420706482217
147112,0.001115043406735124
147113,0.0025002296099646054
147114,0.017894250473924005
147115,0.0007326542483853453
147116,0.0007291040320173265
147117,0.000672675537725671
147118,0.0014353206311277368
147119,0.0005417788045317236
147120,0.0010696841372516753
147121,0.0018564475183776275
147122,0.0006170024292214292
147123,0.0007673290208427778
147124,0.0014487850528767641
147125,0.0006263373531302309
147126,0.005443001853585698
147127,0.005956618116068804
147128,0.03525818912224538
147129,0.0012626914476132783
147130,0.0007935865864816084
147131,0.0007546046922798642
147132,0.0010666553064651145
147133,0.0009198258760540956
147134,0.010283713928941417
147135,0.0008354874581768759
147136,0.0008269818607029606
147137,0.0015752278660136035
147138,0.0006936976002493735
147139,0.0011323086247171205
147140,0.00784525758416938
147141,0.0009615778525056823
147142,0.0037879998357291593
147143,0.0005807550335877065
147144,0.000663959765274354
147145,0.0010508620908283536
147146,0.0009018779408104176
147147,0.0005373982760318643
147148,0.001625556285328945
147149,0.0003170410615434954
147150,0.0006212743696611164
147151,0.008909065170362378
147152,0.0015822849439069125
147153,0.0012674257889521774
147154,0.0006408729022977568
147155,0.02037565758834638
147156,0.0012184132485203165
147157,0.002007194747093305
147158,0.0009970543993440676
147159,0.008044819987249546
147160,0.004629494896728411
147161,0.0005250382386259879
147162,0.0010778865612028682
147163,0.0009575017954552515
147164,0.031034080909457036
147165,0.0062702412871799285
147166,0.0005807222750437324
147167,0.0022240009856568555
147168,0.0163079600341209
147169,0.0007862979548862747
147170,0.005603896740850693
147171,0.015423797967699781
147172,0.0011427398635859554
147173,0.001822636896035752
147174,0.0024125991165945986
147175,0.0007434093551195319
147176,0.0009359062204665842
147177,0.0007410596729211153
147178,0.0011580832733747934
147179,0.0013392995071115305
147180,0.0008299348012827724
147181,0.001480142758104622
147182,0.005844326472954951
147183,0.0006844252206556282
147184,0.0008803794487729293
147185,0.0011565667151850344
147186,0.028185426837504506
147187,0.07746427140042492
147188,0.0015844225763489948
147189,0.0007398168675128991
147190,0.0016473053813279028
147191,0.0005837413556661719
147192,0.0007031256362221476
147193,0.000586670350351329
147194,0.0006337154465481149
147195,0.0027033755000232724
147196,0.0011788154679703378
147197,0.0006158504048400075
147198,0.012007420740498344
147199,0.004622943237019413
147200,0.0025763143776977374
147201,0.0005624718797966002
147202,0.003371875759100228
147203,0.000918383295071783
147204,0.0009120517172827874
147205,0.001094767088006082
147206,0.003979863426601339
147207,0.0007049241181004065
147208,0.0003866684664071207
147209,0.0058739836826119125
147210,0.0004493063541200269
147211,0.0010704544271903163
147212,0.0012117993425633498
147213,0.0016279689461505037
147214,0.0006465924529311345
147215,0.003457092791409894
147216,0.015524599915085695
147217,0.0008288831470199037
147218,0.00047057268777425106
147219,0.0293661640194331
147220,0.0011545358454461436
147221,0.000662428294316182
147222,0.004619543861735683
147223,0.0006490050017977999
147224,0.0009852109948708192
147225,0.0014920328267068227
147226,0.0005540432027943026
147227,0.004653693346428635
147228,0.0007543697078918536
147229,0.0006998703529075888
147230,0.004890645508387997
147231,0.005132483680265875
147232,0.0009732711383968317
147233,0.0006326817669372719
147234,0.0011517684553495277
147235,0.0006331335141828649
147236,0.006739315110428854
147237,0.00032668046437136627
147238,0.0076482670683320295
147239,0.0007217110106767582
147240,0.0005115225632529737
147241,0.0006084826287851492
147242,0.001447631166919575
147243,0.0014549852278143245
147244,0.002106949689539902
147245,0.0013319852948895157
147246,0.0005173416421034238
147247,0.0007520721544595893
147248,0.0006521781889702532
147249,0.0014629295812536678
147250,0.0008655924537092773
147251,0.0017060885348097205
147252,0.0013348063183259047
147253,0.0005304967835861653
147254,0.0008757186891888294
147255,0.0006812058154289087
147256,0.003665211970571601
147257,0.004246175808175745
147258,0.030611924262169795
147259,0.000714803008321445
147260,0.0015065040691449778
147261,0.0007597324848042893
147262,0.0013053687630634522
147263,0.0017599848191302994
147264,0.0009014259344210188
147265,0.0011688991440623373
147266,0.001075387489246635
147267,0.0013039827778934098
147268,0.0009688735318460822
147269,0.0009102895887766142
147270,0.0006119716724732702
147271,0.0009595690052110462
147272,0.009542164500511978
147273,0.0012819346189414068
147274,0.002388938809388981
147275,0.002732674064799789
147276,0.002273729897066836
147277,0.0006187386229028456
147278,0.0010223687965608902
147279,0.0044401751830973005
147280,0.0005181997977922397
147281,0.005969769326757764
147282,0.0011494161024282242
147283,0.0030228520541142993
147284,0.0006947290815599377
147285,0.004377893986314556
147286,0.0021215196382718595
147287,0.0005486004607175195
147288,0.000612044554156672
147289,0.007664996999400241
147290,0.006285804565475166
147291,0.0009156541957428819
147292,0.0032824788554383314
147293,0.0006727682756930298
147294,0.0007268058874346986
147295,0.0005424099262620322
147296,0.0006366115982984093
147297,0.001004605142250645
147298,0.00050669822851599
147299,0.006679263643965167
147300,0.0007596994959589048
147301,0.0009046137706404756
147302,0.0009110842064594693
147303,0.0007070427312842077
147304,0.002575254654862992
147305,0.0016434561605746657
147306,0.9990740909817037
147307,0.001190018548351663
147308,0.0036841427004202223
147309,0.011759503465297704
147310,0.0009568612525401928
147311,0.00592732935825282
147312,0.0006220417591344665
147313,0.0006277188004135793
147314,0.001217489356218452
147315,0.00048528613671431037
147316,0.9964575500326687
147317,0.0024374554261022145
147318,0.00041266628876032995
147319,0.0006519215985300478
147320,0.00044160167046626336
147321,0.001015671222428882
147322,0.000442478927721751
147323,0.0014539325301197255
147324,0.0007278781161028136
147325,0.0007984665821173004
147326,0.0032180920281695805
147327,0.0008395954539140684
147328,0.0056292361587150005
147329,0.0005950749824910398
147330,0.002019822715187256
147331,0.01889012068353327
147332,0.0013252192748377462
147333,0.0051796703620392015
147334,0.003158327899065652
147335,0.0007241739138154704
147336,0.0006070171171632951
147337,0.0012740105971111113
147338,0.0006943595063036164
147339,0.008435039611324208
147340,0.0008055367532224154
147341,0.00803761511634427
147342,0.0006033575676120713
147343,0.0004429777717912902
147344,0.0004599482549909617
147345,0.004118030338176995
147346,0.0014219537517812496
147347,0.006797589582190995
147348,0.00037119306998674293
147349,0.002022262540571156
147350,0.006059753165415653
147351,0.0025706368897273867
147352,0.0005546071515199365
147353,0.0012669079873882162
147354,0.000833982084580201
147355,0.000721279418184605
147356,0.0005746487115522625
147357,0.0033630103677748623
147358,0.00275033822507579
147359,0.000650393567004454
147360,0.0045096782303665406
147361,0.0007143073772708636
147362,0.0006444888170644955
147363,0.0007753943856373239
147364,0.01099982925898117
147365,0.0009283788090892102
147366,0.0017330495995892627
147367,0.01867622675777357
147368,0.0006960451668787495
147369,0.0006484567931782825
147370,0.0007798697590685469
147371,0.0043607342533426696
147372,0.0010333973106321586
147373,0.0007840420564643276
147374,0.000693888496255968
147375,0.007672555649021121
147376,0.0007040314302351544
147377,0.004643808075936395
147378,0.02343084696270318
147379,0.000710614587285218
147380,0.001491046031075579
147381,0.00048296237885416253
147382,0.001396003787325028
147383,0.0009385721995022549
147384,0.0011762721050738675
147385,0.0008914152860527745
147386,0.002307071514773302
147387,0.0018618774283373826
147388,0.002472708305159414
147389,0.0023631791489772585
147390,0.0010172917109529654
147391,0.0007135167055729912
147392,0.0016073177374733559
147393,0.006946133763346785
147394,0.0008034384893931938
147395,0.002370768547630724
147396,0.012303646053381367
147397,0.0007990504646982282
147398,0.010963463845086646
147399,0.0015201283154842632
147400,0.002349466913328261
147401,0.004620959566313787
147402,0.0056900864238637544
147403,0.011093133930613161
147404,0.000914537851840999
147405,0.0015047728643758666
147406,0.0034029518973606805
147407,0.0010227751988048062
147408,0.0009451719202977465
147409,0.0006379989956598056
147410,0.0005736273722601387
147411,0.0004874591227753918
147412,0.0006219500560553774
147413,0.0005274510877254258
147414,0.0013525438876326166
147415,0.0024658157867267815
147416,0.005016501550968896
147417,0.0008243414235008164
147418,0.0017771159143315533
147419,0.006896448170605307
147420,0.0005119128974539096
147421,0.0014819309696594463
147422,0.0013501303555244872
147423,0.002837364824255691
147424,0.0016401912319337151
147425,0.0005243773694381175
147426,0.00048137844609332935
147427,0.0005354777969287731
147428,0.000522469771571907
147429,0.0011263697060838792
147430,0.0019055369578676235
147431,0.0009207633070636053
147432,0.0022928746311942864
147433,0.0009700769214727895
147434,0.0007934102065083449
147435,0.0005995776720818732
147436,0.0007927809661472476
147437,0.0012556574235622216
147438,0.0006974026077271744
147439,0.0003751826288030959
147440,0.0006604043833309866
147441,0.0007784114227468764
147442,0.00046462612714044964
147443,0.0004428653946927691
147444,0.0009123835933183859
147445,0.0015488792487325525
147446,0.0007521932487803173
147447,0.0006961733544506826
147448,0.000540855856106036
147449,0.002815056044052049
147450,0.0019434413505611111
147451,0.004333011194859718
147452,0.06604938486813856
147453,0.0005327497006513411
147454,0.002647002051701688
147455,0.001122209377581811
147456,0.0005812007187475226
147457,0.000983374606781156
147458,0.0006148081464712854
147459,0.0005383243652723938
147460,0.0028880923565949832
147461,0.00032888071760514255
147462,0.0009025125616540853
147463,0.0004600994401339009
147464,0.0006045406734741613
147465,0.003009208868216534
147466,0.0016143714294271974
147467,0.001109551622013503
147468,0.01479477679463934
147469,0.0010160181100035768
147470,0.009744821566683833
147471,0.0008984153695853104
147472,0.001944929972393288
147473,0.09785021814540835
147474,0.003170009641963829
147475,0.0006411902018744515
147476,0.00297494831908106
147477,0.0005500391054862742
147478,0.0007649602743865493
147479,0.003253024712485581
147480,0.0024939071338781755
147481,0.0023152595198575607
147482,0.006951802222491648
147483,0.007306642878351571
147484,0.0037886005916188395
147485,0.0012266528341392225
147486,0.005820510910221188
147487,0.0007121862980348907
147488,0.0027619124924288347
147489,0.0005446784236196455
147490,0.0004743446932460357
147491,0.0005815930766752465
147492,0.00446106609284575
147493,0.001088623529759798
147494,0.0016124045339646384
147495,0.0007194228934277994
147496,0.0017326556944985219
147497,0.0006550346013930403
147498,0.0004545210290612066
147499,0.0011191695960202181
147500,0.0003985523284897389
147501,0.0005351292733775575
147502,0.0010476317430098009
147503,0.004199007289965772
147504,0.000521627667995569
147505,0.0007988666001331195
147506,0.0008480229622252421
147507,0.0014132372984766153
147508,0.002466427778155974
147509,0.0007503444136899078
147510,0.0006294996186231307
147511,0.0006961984446509104
147512,0.001273143958969043
147513,0.023162309966737578
147514,0.0038566312876104733
147515,0.0006810769450375033
147516,0.0011200110220741335
147517,0.0006840992508174621
147518,0.0014395298548663255
147519,0.001605600016709809
147520,0.006026058210962814
147521,0.0016264491317069495
147522,0.000470140827164868
147523,0.0008043866416760582
147524,0.0012919176141692325
147525,0.9928631283121707
147526,0.005590423439741101
147527,0.0006528082968542742
147528,0.001301338186430136
147529,0.00873065613899928
147530,0.000701762886423312
147531,0.0038534865115744297
147532,0.001234272770307263
147533,0.0009097625878470633
147534,0.0009099346078030237
147535,0.017601769041086318
147536,0.0007043227923071477
147537,0.0011547267533171183
147538,0.0020945144890258866
147539,0.0011865951365225705
147540,0.0008958561157941813
147541,0.002146614480246285
147542,0.001324980530116982
147543,0.000514310365497217
147544,0.0005481343734024012
147545,0.0004870633802450368
147546,0.02497385731934572
147547,0.0014402767209101236
147548,0.0011214827662704824
147549,0.0026830607311171544
147550,0.0007903093521710018
147551,0.0008427563426324552
147552,0.007927202916096446
147553,0.0012045700875968398
147554,0.00045744554321152525
147555,0.003796022742917756
147556,0.0005923391213679744
147557,0.0004933628488340557
147558,0.00048142696011480956
147559,0.0006030459228250989
147560,0.0014589725766422342
147561,0.0008365901614189805
147562,0.0006489975139531857
147563,0.0006289627199046993
147564,0.004639123685421822
147565,0.0006749401015801123
147566,0.0009892209845754354
147567,0.0006477040152622135
147568,0.0028297187646668946
147569,0.003756686450438128
147570,0.0009519119925681361
147571,0.0029133364397513576
147572,0.0038949003676420494
147573,0.000459774779224529
147574,0.00039318622973762943
147575,0.005794472569000589
147576,0.0004946961055754621
147577,0.0005037118539644213
147578,0.0032011310092086406
147579,0.000526126948536422
147580,0.0018781832247291154
147581,0.0019341477711107395
147582,0.002571052677102493
147583,0.000803743087708948
147584,0.0007715904914768837
147585,0.0008615159866755444
147586,0.0032640606571930405
147587,0.004259760926253083
147588,0.0013522966681888144
147589,0.0008962803458661914
147590,0.0005056842395206856
147591,0.0019514897999925404
147592,0.0005934710764111809
147593,0.005636608893163919
147594,0.0007532648342231594
147595,0.0007764084225858573
147596,0.000830433484645904
147597,0.001092609643229499
147598,0.00046564649648906655
147599,0.003678520256244778
147600,0.011839269247830658
147601,0.005013799791028372
147602,0.0005461446885278958
147603,0.0011199413226182574
147604,0.0061253501155354335
147605,0.0005020883243331496
147606,0.0018074410720153962
147607,0.0009365512411237275
147608,0.0010759844465762125
147609,0.016888897619707577
147610,0.0006843929820518277
147611,0.000527406501495684
147612,0.0013853308703828545
147613,0.004863574503230308
147614,0.0018783119136675714
147615,0.0010376978480781006
147616,0.0009553862559170559
147617,0.0010881617626536772
147618,0.0004980661622525837
147619,0.002582569576656756
147620,0.00409891796765326
147621,0.9806955626134675
147622,0.000687712988823691
147623,0.003708406610367086
147624,0.0005943596274679054
147625,0.005628549373064483
147626,0.0019957879026170546
147627,0.0015634855718216394
147628,0.0005963014974757044
147629,0.004770075832029004
147630,0.0005839236780887517
147631,0.0007435901568381854
147632,0.0006284493917589516
147633,0.001846223434179728
147634,0.0005567229575161435
147635,0.0007169078867888296
147636,0.004062047359621878
147637,0.006586388236614688
147638,0.0006638157356546883
147639,0.0014792525760171592
147640,0.00046317284072010543
147641,0.0006632048620743663
147642,0.0005135566612160796
147643,0.0009804204497982233
147644,0.002481109347665546
147645,0.0030485325869913857
147646,0.004276987042395509
147647,0.014580419679429794
147648,0.0007321814475970275
147649,0.0005728079747672125
147650,0.0018229238184617877
147651,0.001962095152171417
147652,0.0007839437454689
147653,0.0008703771277892836
147654,0.0052314555880972925
147655,0.007420430898629033
147656,0.000537500436994831
147657,0.0004556243511611367
147658,0.0016584135883324488
147659,0.0019770214279192905
147660,0.0007952913289098753
147661,0.0005551976177035284
147662,0.0023288691265393466
147663,0.009057226245869843
147664,0.019200768204567224
147665,0.0005382209995823263
147666,0.0013525698444235474
147667,0.001175319362624086
147668,0.0012558590617687245
147669,0.0011153909993815228
147670,0.0005850435000787729
147671,0.0017818549524614207
147672,0.001119652899844938
147673,0.0006124414749759158
147674,0.0019216636000675392
147675,0.0005548755007530052
147676,0.00046437140076733034
147677,0.0021105238311504623
147678,0.0005210016471283825
147679,0.001286021516064838
147680,0.0004780342121441907
147681,0.004752727129430234
147682,0.001667929736434648
147683,0.0007990390345948986
147684,0.0005515251570570991
147685,0.004783849589244518
147686,0.0018921658562754066
147687,0.0006071566399353442
147688,0.0008900281306603373
147689,0.0010685903209456701
147690,0.002748680274580653
147691,0.000611029991716486
147692,0.0010174048303490013
147693,0.01953737951565751
147694,0.012385183229735097
147695,0.00040070619533500476
147696,0.0012185999447512398
147697,0.0004965114879143175
147698,0.000775190312071959
147699,0.000757488760272494
147700,0.0006330041408780386
147701,0.0005377588454296565
147702,0.000938127756859851
147703,0.995796552701033
147704,0.0009314266550545707
147705,0.00046828758348177907
147706,0.01616328912964073
147707,0.002695182504135029
147708,0.0012626210642137162
147709,0.000993666932163728
147710,0.0019686884921337605
147711,0.00331813014195283
147712,0.0014373058221442616
147713,0.0007967921632403348
147714,0.0010578314817206581
147715,0.000661909926758163
147716,0.0009518829185342444
147717,0.0008538870224537661
147718,0.0072433196761674265
147719,0.005823628748167121
147720,0.003769693940866754
147721,0.0005035786581956493
147722,0.0029665082388743253
147723,0.0017332561502498949
147724,0.0005585709888151988
147725,0.0005397530433395005
147726,0.0006851623312226856
147727,0.024487341768421326
147728,0.0003418372450776329
147729,0.0003215564451779954
147730,0.0028969599473022897
147731,0.0017201895981991853
147732,0.0005521135582282563
147733,0.0009600053681005729
147734,0.0009847227257353982
147735,0.000598203811127209
147736,0.3955539122437547
147737,0.009018839343902895
147738,0.0017381342402928552
147739,0.0006920120216558445
147740,0.0006743400018952308
147741,0.004395655831725629
147742,0.0006175789467821119
147743,0.0030756319878433146
147744,0.0005492923588271794
147745,0.0006073355800028058
147746,0.0006986127535639438
147747,0.0009357706738063263
147748,0.0005164323124664794
147749,0.0007315384362469018
147750,0.001455841209049616
147751,0.0008411054409084833
147752,0.000983144057510044
147753,0.0006269888520075388
147754,0.0008534446221577945
147755,0.0006818815167216299
147756,0.0022190671693988555
147757,0.0013654184294690647
147758,0.004882488529549388
147759,0.0011928948860099814
147760,0.0038494212213201788
147761,0.003266105772717404
147762,0.0005825423216704931
147763,0.0009281620419406573
147764,0.24196053993465916
147765,0.006626582685836388
147766,0.003587962414251264
147767,0.0005474072338417205
147768,0.0021184568501977277
147769,0.0005585017911193128
147770,0.0005015319424144038
147771,0.0006504116128955946
147772,0.0018286476733981932
147773,0.002202730774799222
147774,0.000561635045727758
147775,0.0006612087576169873
147776,0.0011417428998185418
147777,0.982481141778485
147778,0.0012526264934127626
147779,0.0005789804233617128
147780,0.0004743988081489604
147781,0.001027413800275848
147782,0.0006670634695269997
147783,0.0007681819905763782
147784,0.0016506337529765044
147785,0.0006158967389332283
147786,0.0005792800891228343
147787,0.000452810484845698
147788,0.010776439353869943
147789,0.0017911291538196187
147790,0.0009260479255199708
147791,0.001959134100879559
147792,0.0007490516143120157
147793,0.0006670620637406879
147794,0.003109978343091165
147795,0.02446650132698052
147796,0.0026348287277110118
147797,0.002792005688664805
147798,0.0016785179162604412
147799,0.0007226465377726063
147800,0.000503169760182252
147801,0.002241915822224682
147802,0.0009062891183290268
147803,0.0005457790695964891
147804,0.0007036618615345457
147805,0.0006603095998945704
147806,0.0036393900443658835
147807,0.0016407512119503975
147808,0.007425960436389866
147809,0.0010510702233675361
147810,0.0007619981003244133
147811,0.0022993893532903824
147812,0.0006571751691187496
147813,0.000752875928482972
147814,0.007501014029063333
147815,0.037429141231151444
147816,0.000577450710747682
147817,0.0009334028589718051
147818,0.20138792049860854
147819,0.000442550349224554
147820,0.004568841951943615
147821,0.0006103701393144903
147822,0.0028464120189064064
147823,0.001256934891011732
147824,0.0007352739869033345
147825,0.0005110102154442941
147826,0.0008087657341846664
147827,0.002020587450677294
147828,0.0012154161634115735
147829,0.0006400994380718212
147830,0.0009503028914443919
147831,0.004132711915572787
147832,0.003912095556714853
147833,0.004875877997003044
147834,0.0010951352403338502
147835,0.0014626242582737186
147836,0.004488953143960759
147837,0.0031706599983663264
147838,0.0005646209603846847
147839,0.0010087547677606183
147840,0.0005041749435832042
147841,0.0006068985735128873
147842,0.0006690013310569542
147843,0.0011951994987434024
147844,0.0007482288300803856
147845,0.0035779947780083783
147846,0.009492132631514506
147847,0.004308586877970428
147848,0.015524362712093523
147849,0.0006121690477124497
147850,0.0007414100646305213
147851,0.0038050635631361905
147852,0.0010048008296154349
147853,0.0008445584510042741
147854,0.001065022280048729
147855,0.000859208400401918
147856,0.0006645014973575049
147857,0.000641793009544172
147858,0.002466234110746066
147859,0.0007341766067125164
147860,0.0009444508016527419
147861,0.0017667986258039603
147862,0.002874496485766192
147863,0.0007958844902641133
147864,0.0005775213148073938
147865,0.009897671599560344
147866,0.019997195369434312
147867,0.006465049230522026
147868,0.0006927405444918143
147869,0.0009358233440322053
147870,0.0005949392000497587
147871,0.001024060958168047
147872,0.0017549673218941264
147873,0.003429828351226241
147874,0.0007457294930833568
147875,0.0004839552714299203
147876,0.007875736859021402
147877,0.0027841780512384497
147878,0.0005270169489529834
147879,0.00046273666680439273
147880,0.0011466478164976225
147881,0.004014781505640733
147882,0.0009045311818575767
147883,0.00036072297010724926
147884,0.0011190807038937405
147885,0.0013232149990666494
147886,0.009765780265905945
147887,0.0007043537836674901
147888,0.036627842291589954
147889,0.005480463118243656
147890,0.000878443971568918
147891,0.0025215879033160227
147892,0.0019548665457627392
147893,0.0019033635126845712
147894,0.0012604576323911026
147895,0.002089520934365735
147896,0.0018531033943475586
147897,0.001003785266006369
147898,0.0004783997296601776
147899,0.0007875175480887289
147900,0.008172667328087767
147901,0.0005668982687143823
147902,0.0006782409103879963
147903,0.0009075027357243504
147904,0.0005132505623879698
147905,0.0008997134794711847
147906,0.13292794924548695
147907,0.0007400040904089503
147908,0.0008583296578122061
147909,0.002515969237007273
147910,0.013160452708531108
147911,0.0009418294130632814
147912,0.00033576366023795506
147913,0.0007315825781164031
147914,0.001397904833340671
147915,0.002585016650965107
147916,0.0028707140411955738
147917,0.00039734414170212735
147918,0.0005097614435817978
147919,0.0006685301195904725
147920,0.0006035716715763457
147921,0.002150896191445127
147922,0.002541905306665728
147923,0.00100427619841413
147924,0.0024824464470347943
147925,0.001158854815789944
147926,0.0010696314542263064
147927,0.0018518149882439502
147928,0.0006314487971811516
147929,0.0006558707526902748
147930,0.0036368849864340455
147931,0.002903779253353325
147932,0.000772964541434763
147933,0.003273960392302596
147934,0.0006912667914150278
147935,0.004350241805106569
147936,0.014733755652109326
147937,0.0015234476685738168
147938,0.0007143810207635479
147939,0.0005359086709300113
147940,0.07615439008905137
147941,0.0010722962202417443
147942,0.0018548584766742739
147943,0.0005278595910098683
147944,0.0007862522918524251
147945,0.014835198684076392
147946,0.0009280850575770169
147947,0.001595955218058103
147948,0.0008035331033332098
147949,0.0009698877804944451
147950,0.005738192067408859
147951,0.0006026646538358802
147952,0.0009442086980394572
147953,0.0007011374151423956
147954,0.0016218622982545898
147955,0.002011005586840273
147956,0.0016694024688408617
147957,0.0031267001652680124
147958,0.0038027717811175395
147959,0.004391359468954654
147960,0.0006062721695197738
147961,0.0018247388920862443
147962,0.000642228804879639
147963,0.0057319616721766
147964,0.000838003683126946
147965,0.001928971341155578
147966,0.9690138258693581
147967,0.0005866752472801882
147968,0.0011347008963028277
147969,0.0016526257094418777
147970,0.0006973871836720845
147971,0.02365359182341756
147972,0.0037929598647920863
147973,0.0005291374728355717
147974,0.0011343001873298213
147975,0.0006089394544679327
147976,0.0007843822257131304
147977,0.0030990741888794393
147978,0.000545004554112856
147979,0.001115943415501424
147980,0.0004811727021139411
147981,0.0010303921797769843
147982,0.00895590275465204
147983,0.0008535553524165891
147984,0.0020175675024759346
147985,0.0007033679087914144
147986,0.0006529621695025665
147987,0.00045818941303367607
147988,0.31265920833052546
147989,0.0013125638598160475
147990,0.0006076579311807345
147991,0.005249849011090038
147992,0.001111691276553312
147993,0.00041562798427398996
147994,0.0005903529950067676
147995,0.0017793018938689915
147996,0.0008481760957682735
147997,0.009558900723391016
147998,0.0012328657605210603
147999,0.0016170281408685288
148000,0.005055988031018576
148001,0.000695451361656692
148002,0.0007495003858914325
148003,0.007800530711376132
148004,0.0009750201633769977
148005,0.0069332708048333415
148006,0.000925935012427916
148007,0.0007101870299625395
148008,0.0009169987094811349
148009,0.00048711212034136
148010,0.006216324340873667
148011,0.000938563909764239
148012,0.0007602032054353355
148013,0.0013222244598580474
148014,0.038451803876195324
148015,0.0006825699815452245
148016,0.0009344988153758393
148017,0.0011585871250380229
148018,0.002376842602598316
148019,0.0006755924449518942
148020,0.006393455000598451
148021,0.0025831424424490033
148022,0.0008818517202153796
148023,0.0005855248165702088
148024,0.008743640264137716
148025,0.0005417231120072422
148026,0.0016798315754421587
148027,0.003008224102274453
148028,0.0005306663272354773
148029,0.0015084015900977276
148030,0.0005124924749495715
148031,0.03737744341038391
148032,0.0017795182877706013
148033,0.0034645921342413965
148034,0.0012531322701472057
148035,0.0011281888645923398
148036,0.019726886351827025
148037,0.009924673596673567
148038,0.001468343453096932
148039,0.0018685013375881456
148040,0.00514556349723596
148041,0.000932808179717585
148042,0.0006092484361839718
148043,0.0016772785185093129
148044,0.002463348203380558
148045,0.0010435559904073963
148046,0.0010568974983335177
148047,0.9960818520658767
148048,0.000708988474535261
148049,0.000849137222836325
148050,0.00564896029603262
148051,0.013603549014840101
148052,0.0010216865233359667
148053,0.0011128480141511942
148054,0.0029103012589577347
148055,0.0005092512292033845
148056,0.000978286957543812
148057,0.007145648349074321
148058,0.0005112566498766625
148059,0.0011030739693566412
148060,0.0006530721807689658
148061,0.001879407722122689
148062,0.002525581282319583
148063,0.009235968842742595
148064,0.0033635426703671305
148065,0.007310864231813164
148066,0.010279840995712417
148067,0.006795238010782376
148068,0.008436771652459782
148069,0.004536910902298571
148070,0.0006186722787491734
148071,0.0008080434575154907
148072,0.00048130066237572636
148073,0.0013319869270041512
148074,0.0018017162169699052
148075,0.0007949309451530898
148076,0.0009647434021185898
148077,0.0006733534576246474
148078,0.0007656303911219509
148079,0.000906400662658519
148080,0.0012803297550767275
148081,0.004281035124279375
148082,0.0014949869954533576
148083,0.007802711753246268
148084,0.21139116621007897
148085,0.0009281254446423302
148086,0.0007370648932333208
148087,0.001087148477525302
148088,0.0004443051713626928
148089,0.0011984542034639213
148090,0.0009233867572999025
148091,0.0007734860222802103
148092,0.0006397519845559153
148093,0.010078007732722338
148094,0.0010156700462702248
148095,0.0008335195306998354
148096,0.006443960076847881
148097,0.0019449642082416292
148098,0.0014105044503625024
148099,0.0029209135225633878
148100,0.0008793041964477142
148101,0.0004543272452278501
148102,0.049958996541573895
148103,0.009547334492499601
148104,0.0005976990294672186
148105,0.0013835979285007419
148106,0.0007727147188031642
148107,0.0008764073364758567
148108,0.0007886839128101474
148109,0.0005850836716355254
148110,0.0017175078554360315
148111,0.006672233830203256
148112,0.0009225216002903
148113,0.0009355915166606736
148114,0.0011007894032459458
148115,0.0009626156643225636
148116,0.0016323294919022378
148117,0.000884791735095203
148118,0.00135584904856598
148119,0.0007876614001981869
148120,0.0005809558826606028
148121,0.04555119186045972
148122,0.01058768332894951
148123,0.002136880529347485
148124,0.0005822092154650699
148125,0.000795405544984617
148126,0.0006896523118978204
148127,0.000864994810259913
148128,0.0023912320631285684
148129,0.0027164357254258293
148130,0.0027743049916393245
148131,0.0006030231671990915
148132,0.0009088627184982686
148133,0.001484589713367145
148134,0.0007359476819175165
148135,0.003270106464722953
148136,0.004235447414545761
148137,0.0010730183057884107
148138,0.001578858062849457
148139,0.001334929281309459
148140,0.007108597965388073
148141,0.0014762313492809255
148142,0.03411412356974256
148143,0.005587652898006722
148144,0.006485615035347031
148145,0.0011618401154596157
148146,0.007311387248014803
148147,0.010929462209038227
148148,0.0017153542085403023
148149,0.9962301682054905
148150,0.0005430205038635307
148151,0.0004948576361714628
148152,0.0052533233851406215
148153,0.0062923016370445405
148154,0.05375063339325219
148155,0.0006178845373913227
148156,0.0018871779779382918
148157,0.0007585000361127253
148158,0.0008783187897316091
148159,0.0014117192651960072
148160,0.0007381794488739042
148161,0.001045951017580044
148162,0.009417033790703588
148163,0.0007027520362589317
148164,0.001544458363442195
148165,0.00040644925466669786
148166,0.000556244178220845
148167,0.0032319314508799848
148168,0.0014403232420836221
148169,0.0005803828416674794
148170,0.00046900731656989304
148171,0.0007547809376922574
148172,0.0006915299682058156
148173,0.000361246351855214
148174,0.0006157375999328427
148175,0.0020119300017815045
148176,0.0007958464089582425
148177,0.004032723206598681
148178,0.0008320043153852968
148179,0.0006146113826324594
148180,0.003124818268381811
148181,0.0007496380405922077
148182,0.0021412541017695524
148183,0.0005945722329859651
148184,0.003607070870306266
148185,0.0019376129002865623
148186,0.0008337651981163692
148187,0.0011612310255038642
148188,0.006474260865429989
148189,0.002659607170093278
148190,0.004036889129578674
148191,0.0006120311963061165
148192,0.0007427949551007229
148193,0.005872268586149212
148194,0.005887548265869538
148195,0.002390202703381182
148196,0.0008869793433445624
148197,0.010785738148813399
148198,0.0028371481446116667
148199,0.004257633407381332
148200,0.0027833393150982514
148201,0.0019896608228607855
148202,0.0013399224712164989
148203,0.00533300708504614
148204,0.0014041494471229593
148205,0.0011790438697953697
148206,0.0005662205619533412
148207,0.0034881912705445137
148208,0.0006191041354207239
148209,0.0005154697859676839
148210,0.0003388214574945273
148211,0.0013582733775320604
148212,0.004099216385205779
148213,0.0006837750270159363
148214,0.0017970943278911025
148215,0.0005319513088106471
148216,0.0012099480051224855
148217,0.0037375861982887138
148218,0.0004120341770122466
148219,0.0010955473876822154
148220,0.0005731121198877063
148221,0.0026103928744131842
148222,0.0017084339714558705
148223,0.000574080890669688
148224,0.004274015375587349
148225,0.0009225400152184751
148226,0.0009250518159927684
148227,0.001337490055447193
148228,0.0037972963272846147
148229,0.0007935750492899058
148230,0.0005578733613954126
148231,0.0008340720801755267
148232,0.013975708751496337
148233,0.0014280237293023304
148234,0.006713433953887065
148235,0.0008359806349791673
148236,0.0006497827496910012
148237,0.0016290082873049306
148238,0.0010044925131614002
148239,0.006962361327135994
148240,0.001017961351413019
148241,0.00954176153299043
148242,0.0014494918289881427
148243,0.000833772957316586
148244,0.0005937115258013539
148245,0.002907503264755723
148246,0.020158257332674488
148247,0.0007555251658099499
148248,0.004179894935639701
148249,0.0004501304002929183
148250,0.0007719935710400501
148251,0.001241984405758885
148252,0.0008472485940802736
148253,0.001176240201457936
148254,0.0006719138467232666
148255,0.0006407236171139398
148256,0.0007833031951807669
148257,0.0013486329373050808
148258,0.004841509918019636
148259,0.0032689407224175985
148260,0.0004591845521728186
148261,0.0008091373715596985
148262,0.00045380216304381684
148263,0.0006545950245628591
148264,0.003811519163012484
148265,0.0022113664333267492
148266,0.04663594873958313
148267,0.0005902971540195608
148268,0.0007910753472697055
148269,0.0006947676789086183
148270,0.000991525203133651
148271,0.00038605584455445865
148272,0.0009421761407467138
148273,0.0009799713271256582
148274,0.006595825247731377
148275,0.00079577118446713
148276,0.00247515046083503
148277,0.001290907717207763
148278,0.0010757466592316032
148279,0.0018683453702009706
148280,0.0008422983796844878
148281,0.0038587926381752286
148282,0.003203238901866433
148283,0.0006394086286962308
148284,0.00062817334832814
148285,0.0006029361762298508
148286,0.003546863571972156
148287,0.002183963183643824
148288,0.0008109895589554735
148289,0.0008573685612402926
148290,0.0007031465323589926
148291,0.0070181046149927016
148292,0.000835312586101703
148293,0.0008341905943438655
148294,0.0022225418311108093
148295,0.007028519115248768
148296,0.006783072062501089
148297,0.0026787248233431245
148298,0.0006107424470016974
148299,0.0006965078938359071
148300,0.004056082100250633
148301,0.00047951965528046615
148302,0.060005406828925384
148303,0.0007020559577689371
148304,0.0007634240369659823
148305,0.011053125679503152
148306,0.0014150603687620783
148307,0.004646079279833324
148308,0.01044148779594115
148309,0.0018452024797848401
148310,0.008638782343399081
148311,0.0008536462303898021
148312,0.007821138935574045
148313,0.022104489605534832
148314,0.0027941416170581186
148315,0.0008046902806138532
148316,0.00046183976573657183
148317,0.004048539361255921
148318,0.00046488569043373704
148319,0.000634998822140854
148320,0.00675544876443405
148321,0.0006784771699143107
148322,0.0010634663281760086
148323,0.0006799837568557128
148324,0.009301748450743049
148325,0.0006086047888866841
148326,0.002990940035425056
148327,0.0014694719738191074
148328,0.0013300376921345693
148329,0.00121608625387838
148330,0.9977118251672173
148331,0.0006417375089488272
148332,0.002344712790201893
148333,0.0062782696976401665
148334,0.0009933616019100052
148335,0.0035554066579371914
148336,0.0027951256876401153
148337,0.000875239336823746
148338,0.0006694809982401881
148339,0.0010935389875529992
148340,0.014009182422886889
148341,0.0010252789457308763
148342,0.0003469182273695922
148343,0.004247116238439799
148344,0.0006524732792605857
148345,0.0017078613832231782
148346,0.0012874874827004778
148347,0.0006398373064618502
148348,0.0006173417861813161
148349,0.0020164613414032154
148350,0.030285664408936427
148351,0.0007009520065660566
148352,0.0006910967193941798
148353,0.0007667644251115593
148354,0.0004484252110791015
148355,0.000813915111151088
148356,0.0007654001538766602
148357,0.0007465326355196166
148358,0.000793731912524921
148359,0.0010169713499166841
148360,0.0015166549331810148
148361,0.0009087207933700232
148362,0.003703332719876617
148363,0.0007937922017102142
148364,0.0007795264791138829
148365,0.002201988823954649
148366,0.0011327931196686016
148367,0.0004959336022672305
148368,0.001160548420955564
148369,0.001063367041345662
148370,0.009658514545548594
148371,0.004399101596660768
148372,0.0008091964426220139
148373,0.9341429810009709
148374,0.0007881200221777439
148375,0.00042450547424527596
148376,0.0011504988276100016
148377,0.005976179229037202
148378,0.008677887072218199
148379,0.0011575550489239662
148380,0.009273819345852988
148381,0.0011935890955538497
148382,0.0006045294920368905
148383,0.0006080760404822971
148384,0.003911974439933439
148385,0.012626457623387235
148386,0.0021554966378764073
148387,0.007399723271671627
148388,0.001183457197660807
148389,0.012085855204482954
148390,0.0006533920490714599
148391,0.9930445094349286
148392,0.01970851723937357
148393,0.0007550657318018493
148394,0.0009185215524777331
148395,0.0053490431770706415
148396,0.0006463533416964601
148397,0.0034662340387714846
148398,0.0005680904412500312
148399,0.0005385428926612302
148400,0.0007767069461393371
148401,0.004741361278515304
148402,0.0007177765027208429
148403,0.0006362003350565281
148404,0.0005698303359843201
148405,0.0008009926661889015
148406,0.0007480273404660006
148407,0.002492853759825098
148408,0.005673717578120479
148409,0.004889640008070005
148410,0.0012413521651544984
148411,0.0005723695602678667
148412,0.0009190966817939981
148413,0.0011184556083884412
148414,0.0014757810460273814
148415,0.0018721452459279438
148416,0.0037078529116019916
148417,0.0005916072152157622
148418,0.02242209972937789
148419,0.0015644220623271471
148420,0.0008266875844042562
148421,0.0011675587090542916
148422,0.0019619860414010247
148423,0.00038135330927687805
148424,0.0021109165106552564
148425,0.0008740171507210747
148426,0.0009429043146253585
148427,0.024461130722599367
148428,0.0005616543971999049
148429,0.0006468178207687425
148430,0.0005304894296970413
148431,0.0006264680455526077
148432,0.0015470380714155151
148433,0.0007324620014730556
148434,0.0026842407260823224
148435,0.0005778004865773616
148436,0.0008592275013344743
148437,0.0009192244946888622
148438,0.008469556128398247
148439,0.012575914762199368
148440,0.0006811463794979301
148441,0.0007188957372977383
148442,0.0005101073783715532
148443,0.0005821608901948826
148444,0.0004870936167832569
148445,0.0007541867334711678
148446,0.0007561261703096614
148447,0.0006093544863940253
148448,0.0006575980815482958
148449,0.0015312912419259803
148450,0.0009058390013839459
148451,0.001029600160345202
148452,0.001309270423454481
148453,0.0008847902423371587
148454,0.006554135781762646
148455,0.002782310011595621
148456,0.0006342728876703476
148457,0.0006345472081463695
148458,0.0006234934458931524
148459,0.0010482413520045038
148460,0.0018255956306889114
148461,0.004896196495609599
148462,0.002317139255260142
148463,0.0006478689862812153
148464,0.0009728065264591823
148465,0.00041954386288088765
148466,0.001751434797377225
148467,0.005409025268579076
148468,0.0008030707503852653
148469,0.0013966028847074608
148470,0.0002561800157289409
148471,0.0006841022948757094
148472,0.0034299680649391546
148473,0.0006608105288381376
148474,0.000616355069782712
148475,0.010420426539390949
148476,0.0007348450393268675
148477,0.0005147239954500725
148478,0.0008763787466336548
148479,0.0004725323417239945
148480,0.001414952374189618
148481,0.000924887835614155
148482,0.004081986955782792
148483,0.0004080190623886675
148484,0.0017045936701187369
148485,0.0009906256234881727
148486,0.003081048850772208
148487,0.0007563511120097535
148488,0.00135502391700981
148489,0.004492903740101518
148490,0.0009916598654662687
148491,0.0005881407012182792
148492,0.0018621443873226922
148493,0.0038588471435162695
148494,0.001274464427131367
148495,0.0006358072104453152
148496,0.0031744499485145037
148497,0.001711652677263933
148498,0.001508821781761169
148499,0.0008899661455869855
148500,0.0021102693786200248
148501,0.0006846062274325459
148502,0.000697373133944639
148503,0.0012088723798986411
148504,0.009433717600972655
148505,0.002314368900000847
148506,0.0010824883116523339
148507,0.0008999816552789184
148508,0.0008794934618534106
148509,0.0010948941297874667
148510,0.0009400574857571717
148511,0.0006333675256630371
148512,0.0008263053344180586
148513,0.0007803453253963237
148514,0.0016246045098319648
148515,0.0027631342793151305
148516,0.024437127025203474
148517,0.002270950893833251
148518,0.0010918774638994544
148519,0.0008472891217089363
148520,0.0006120935194448355
148521,0.0006850964571414801
148522,0.0007380204684716322
148523,0.001430412208605739
148524,0.003010631004413355
148525,0.0006482597724695987
148526,0.0007547125529864217
148527,0.0006319294388297332
148528,0.000605577002476769
148529,0.0004822840116195992
148530,0.0010006582501657136
148531,0.0005059212550846966
148532,0.011303207716530136
148533,0.0008038169131496592
148534,0.002640760191317839
148535,0.9970226417647108
148536,0.0005397475853228139
148537,0.0004596336153348554
148538,0.0005940625633196659
148539,0.031031457899924043
148540,0.0005153877168428689
148541,0.000664095574411172
148542,0.002559741824055135
148543,0.0006418069321017998
148544,0.0005790670284406407
148545,0.003098685326348474
148546,0.0008277592594876603
148547,0.0007116845967297283
148548,0.0005466028015000562
148549,0.0017216496611354975
148550,0.00042589919316859964
148551,0.00796176540932413
148552,0.0006074069545600161
148553,0.08922517344770411
148554,0.0011047023260222365
148555,0.0008191571156391731
148556,0.001421808919726394
148557,0.0006712637672375478
148558,0.002468486933463086
148559,0.00045551971394783514
148560,0.0005268845072334036
148561,0.004304852539963466
148562,0.0010150632918070367
148563,0.0006643369085280415
148564,0.0006963645771785002
148565,0.0046395860772573344
148566,0.001577796973149203
148567,0.0012932407224716658
148568,0.0008480205427412657
148569,0.0009331397308245046
148570,0.0007285124302335532
148571,0.0012927646658228438
148572,0.0005983247647958051
148573,0.0007326092838408913
148574,0.009578443490526231
148575,0.0004993392223798942
148576,0.003331315444810445
148577,0.0007211270255694491
148578,0.0014024786716023898
148579,0.0009603079845096972
148580,0.0006941634535912837
148581,0.0005083014969884936
148582,0.0005853637268878926
148583,0.0027198597698293485
148584,0.0014342052955202123
148585,0.0009154314002398107
148586,0.0025831283422236
148587,0.0004810733359810396
148588,0.0015320281707908842
148589,0.004696487024931853
148590,0.0023531989418998636
148591,0.0014786282833962158
148592,0.0003980521165452751
148593,0.000378130606062098
148594,0.026069314959829358
148595,0.002084415363895528
148596,0.0019063607198940666
148597,0.008324412086233902
148598,0.0008233158016048546
148599,0.017390741373997688
148600,0.0014144588225718847
148601,0.0008578415665779787
148602,0.0028155979122116005
148603,0.004602530545666434
148604,0.0007142096498318826
148605,0.001736582022788708
148606,0.0005336871598060234
148607,0.0009222231484388279
148608,0.0006152462703224449
148609,0.00047077463073605245
148610,0.0011729891292766126
148611,0.0009074356571927527
148612,0.0009321279015726732
148613,0.0007392717277026551
148614,0.003038935647642453
148615,0.001348626267783667
148616,0.003283405877731651
148617,0.008700169446658959
148618,0.0007755163319906554
148619,0.007927095066527742
148620,0.0006620589319585792
148621,0.0005445701456142188
148622,0.003042221675704262
148623,0.5110279344084493
148624,0.011683113789571806
148625,0.0019089395626189724
148626,0.0011999270026646256
148627,0.002444603662396237
148628,0.001002082168061197
148629,0.0020187383093615706
148630,0.0006508388981094273
148631,0.9885600891778447
148632,0.005106460286926449
148633,0.0006182092811489967
148634,0.0010387929789166658
148635,0.0007928051413939989
148636,0.0010003869567053797
148637,0.0006934079505647215
148638,0.0008742117115246345
148639,0.0005027829875929244
148640,0.0006174357265146676
148641,0.00808505282545522
148642,0.0006285743487101907
148643,0.00458623699755937
148644,0.0012928537910229477
148645,0.0006985222792340647
148646,0.010817827357142784
148647,0.12251734829701494
148648,0.0012715974460432767
148649,0.00376033538022126
148650,0.0013413675628034176
148651,0.0016739457943714016
148652,0.0009639718152706113
148653,0.006253883446212135
148654,0.000696795790727119
148655,0.0014842898384401684
148656,0.012404531746548491
148657,0.0010894555427108947
148658,0.004680776308679642
148659,0.001016887083833837
148660,0.02816246203926892
148661,0.0025385780066465627
148662,0.0005089593284667583
148663,0.010595247790412264
148664,0.003186306598802746
148665,0.0004961290520754371
148666,0.0007593914727319364
148667,0.01768618655926167
148668,0.0015367749191227478
148669,0.0016698625856699408
148670,0.0017314543322884484
148671,0.00189282391316048
148672,0.0039041884341480676
148673,0.0004669122719488907
148674,0.0008437841658920791
148675,0.0015388036781598929
148676,0.0004911450350276781
148677,0.0007445635375527583
148678,0.018150652066002946
148679,0.011049135479603858
148680,0.0046172646948098245
148681,0.0008388637915295844
148682,0.0034214945492090504
148683,0.0008806053600888186
148684,0.0016995013665713691
148685,0.0006476744422408547
148686,0.0008910407079090764
148687,0.0004625836134384898
148688,0.0034928338151530977
148689,0.0004630077981561989
148690,0.0015558089618217031
148691,0.000558249653467156
148692,0.0005231828568701252
148693,0.0006157939775441165
148694,0.004166091662772217
148695,0.0005255010280353968
148696,0.001186358138822201
148697,0.003292786553308235
148698,0.008443637308545507
148699,0.0039757872651995626
148700,0.000744495126563706
148701,0.0006072455190051538
148702,0.0007379514693998733
148703,0.0008440967691237446
148704,0.0009135380198658669
148705,0.0008827212590772252
148706,0.000879632371055308
148707,0.0019118920201840592
148708,0.0013368555123806983
148709,0.002120864028701255
148710,0.0011030682023757984
148711,0.0005512183457518159
148712,0.0019398693082132896
148713,0.0005321352564409884
148714,0.0025143643459450225
148715,0.001182227592409651
148716,0.0026457606449192942
148717,0.0005973465295636827
148718,0.00430230104351656
148719,0.0037428610044746035
148720,0.004757966769254857
148721,0.0008143555221727622
148722,0.001103331070152751
148723,0.03762093471774556
148724,0.0006348171325867272
148725,0.002109254423777722
148726,0.0008611169554330314
148727,0.000976639460724789
148728,0.0142468215988986
148729,0.0008958117092564441
148730,0.000494519967076076
148731,0.0015920657408067989
148732,0.0016842882902985022
148733,0.0005792395082723795
148734,0.00038076705340875887
148735,0.0013730006122025633
148736,0.001008080153629872
148737,0.007784336814865632
148738,0.0016761044332685516
148739,0.0012247570294056757
148740,0.0007545070045473028
148741,0.006347882675878273
148742,0.005680230504797428
148743,0.0011237201921097484
148744,0.0007705860997944329
148745,0.0008194630076387092
148746,0.0018138386675316481
148747,0.0008707421026865722
148748,0.0008707594340005182
148749,0.0005730773369749553
148750,0.000602881822508628
148751,0.0043434647299060766
148752,0.00224617003958269
148753,0.0007664071065855647
148754,0.0005989302169932809
148755,0.010039057570058303
148756,0.0007102229981265267
148757,0.002300984731803503
148758,0.0011899046691686765
148759,0.0035597878755480768
148760,0.005892516500154228
148761,0.020829661629431187
148762,0.0015870123437272529
148763,0.0009175534748146565
148764,0.0006447838165428834
148765,0.0007836599662123874
148766,0.0006974418556849776
148767,0.037241531602798264
148768,0.0008341971324872842
148769,0.0006179401072780487
148770,0.003219748269123128
148771,0.0005650901287393781
148772,0.000615154719843585
148773,0.004030213722167629
148774,0.0005662917464060486
148775,0.002276925267942463
148776,0.0047533597778272145
148777,0.0017741980526722377
148778,0.0025502243446868635
148779,0.0008657927932034702
148780,0.0014137379180744394
148781,0.002039376725259295
148782,0.002742392038607565
148783,0.0006162082095438342
148784,0.0024492959792988805
148785,0.0014998584930198996
148786,0.0015713707835097307
148787,0.010611000205802024
148788,0.0008964780249713273
148789,0.014030367276376268
148790,0.0008587923865950704
148791,0.011368026648726522
148792,0.010176062791186031
148793,0.9912485401532363
148794,0.0006920980566801494
148795,0.0007059807823130907
148796,0.0007870666077314636
148797,0.0006802704921587454
148798,0.0004138466214148892
148799,0.0347831671192656
148800,0.0006254754397612471
148801,0.0004995799506322955
148802,0.002920956817922197
148803,0.0029462983587113852
148804,0.0009300674507138984
148805,0.0004154666206669598
148806,0.0010482987750301256
148807,0.0009320952366032866
148808,0.000993359047391592
148809,0.0027223645159547135
148810,0.001603465150694546
148811,0.0008659479750457208
148812,0.0006296513972681515
148813,0.013520666848674378
148814,0.0019558458124466953
148815,0.001218295361714661
148816,0.0010771683349952426
148817,0.0007286741993645682
148818,0.0008760719769372858
148819,0.0010784182922593901
148820,0.0014775504527954385
148821,0.0094411100692233
148822,0.0007753015757364315
148823,0.0006912687839546588
148824,0.0009849665126079646
148825,0.0013192231966409622
148826,0.0023552039311341847
148827,0.0011827450005249518
148828,0.0005473281434982735
148829,0.003175979206752629
148830,0.0035034951364961487
148831,0.0008902213613186267
148832,0.0010712586664543074
148833,0.00622176444992794
148834,0.0009621913997672235
148835,0.0005241304575835397
148836,0.000305353402941257
148837,0.0006014746341295597
148838,0.0007575589429092615
148839,0.0010034796739015854
148840,0.0006365332715313955
148841,0.0008180921783121904
148842,0.0010100378826198647
148843,0.0005455223267296726
148844,0.0008048527222748477
148845,0.0023692662019642345
148846,0.000671410672363514
148847,0.00037623473304174447
148848,0.0006281118294908052
148849,0.0009637316384746729
148850,0.06280472342239685
148851,0.0005349109936188486
148852,0.001419065345831111
148853,0.00047523002292760354
148854,0.001814113529225427
148855,0.0007413655563769316
148856,0.005777564061736025
148857,0.013279712398020718
148858,0.0014206642043993935
148859,0.0005442806170862357
148860,0.0005510761011203273
148861,0.00408166684132567
148862,0.0009053977723468424
148863,0.0009915799513587837
148864,0.017677496782070957
148865,0.0007223852861242019
148866,0.0009432337591663345
148867,0.0020083393011740957
148868,0.0004758176676180339
148869,0.00142668925017077
148870,0.0008229694874950437
148871,0.0007123852121514636
148872,0.0006916212572168736
148873,0.00048082455219886555
148874,0.00212949623504238
148875,0.0018427618150051984
148876,0.0012823976520291657
148877,0.0009057060078273009
148878,0.0007201854764744072
148879,0.0007840759683532901
148880,0.9884371210951861
148881,0.017632430893868376
148882,0.0008182386637673135
148883,0.000972792471719434
148884,0.0012226652137041702
148885,0.0009199232258351071
148886,0.004502367027182775
148887,0.0005530667817631949
148888,0.0012402276474256166
148889,0.003491002326199087
148890,0.0006432516022167129
148891,0.9969361016804421
148892,0.0021949462807752157
148893,0.0008297319582816038
148894,0.0008552982357869713
148895,0.0007946748752145653
148896,0.004792371039646257
148897,0.0008605601404914416
148898,0.0024476596123262067
148899,0.0005631504393569685
148900,0.002111804341924754
148901,0.0023189713051797387
148902,0.000661948986113269
148903,0.0007134677263351602
148904,0.0009362119529103651
148905,0.0005960203634453577
148906,0.002129308574310594
148907,0.0015661768047158411
148908,0.0015006549446305805
148909,0.012778295742208212
148910,0.0007191481537678521
148911,0.005337873376541108
148912,0.0011690508183500974
148913,0.0013094707416433384
148914,0.0005107017484612543
148915,0.0010391976519359284
148916,0.0010366807154437514
148917,0.0006253868948012576
148918,0.010445757798520786
148919,0.0006423187823790715
148920,0.000561365377964594
148921,0.0005085518588577441
148922,0.0007462987641847479
148923,0.0031115302869106176
148924,0.005748008154269664
148925,0.0020209469384811257
148926,0.0005096564774708571
148927,0.001941123014467738
148928,0.000545460701777205
148929,0.0009190639356888029
148930,0.005798753659254061
148931,0.0008872227280477097
148932,0.0007379600538797964
148933,0.0017733108150703404
148934,0.010039403292655007
148935,0.0009523598554420567
148936,0.00597239183079935
148937,0.0012064160801533068
148938,0.0010559624301842581
148939,0.006126653187536912
148940,0.01827075642937395
148941,0.0005876028646879049
148942,0.0007315116020158946
148943,0.0005119675964241453
148944,0.0014771991877205576
148945,0.0005076564341766127
148946,0.000797725053558296
148947,0.0017407393601216268
148948,0.00046173289816585985
148949,0.009654659842240442
148950,0.005018445409145858
148951,0.028743736420248835
148952,0.002286672650190286
148953,0.000858108794793557
148954,0.9975066810817006
148955,0.0004914437534353274
148956,0.00031471076328520793
148957,0.0010913569102202528
148958,0.0005905027593876679
148959,0.0004834889530285399
148960,0.0005392530551417997
148961,0.0005421088835897664
148962,0.0015309732117026738
148963,0.0006719682107207692
148964,0.0013092322766680453
148965,0.0006770370134787946
148966,0.0005428417465666791
148967,0.0032853953452764975
148968,0.010927939435168076
148969,0.996478621121215
148970,0.0038735819583835696
148971,0.0009548550507789802
148972,0.00040418953145146227
148973,0.003998641324689366
148974,0.0037997389791795035
148975,0.001017555090787927
148976,0.002977718751973512
148977,0.012671446806459052
148978,0.0018687400517549539
148979,0.0008764009740137152
148980,0.0035434930245151534
148981,0.0007433578110700627
148982,0.00605307047610053
148983,0.0012312440976077255
148984,0.0011162571420206885
148985,0.003037613382101914
148986,0.0006056810689742147
148987,0.0006742060791951559
148988,0.0036237767877163518
148989,0.0012718989352277178
148990,0.0010241833707503958
148991,0.0011215397384144329
148992,0.00046465980854045965
148993,0.0007081319996115084
148994,0.0006016477587576482
148995,0.0009678824690119523
148996,0.0006297928661315277
148997,0.0023226929013939646
148998,0.0010987718532363831
148999,0.0007366311750861864
149000,0.000759238201359125
149001,0.007478843833048853
149002,0.0005366626904996649
149003,0.0006331051818351581
149004,0.011880814032764284
149005,0.0007353618767048353
149006,0.0007327882785358389
149007,0.0010843282078354401
149008,0.0009089251013964231
149009,0.08934785267659479
149010,0.000497534582348775
149011,0.0008820506990243587
149012,0.000714802121115805
149013,0.0014271648611452726
149014,0.003820233207739977
149015,0.0010536777892493064
149016,0.0011661467715017167
149017,0.0016089127869377846
149018,0.0014462289120693269
149019,0.0007211762561920787
149020,0.005078050348611764
149021,0.0006332506874455826
149022,0.0020150025731378923
149023,0.0004786712393576192
149024,0.0008954811755481622
149025,0.0012415274848525573
149026,0.0014884590564030287
149027,0.0005787097301094505
149028,0.000909611437649173
149029,0.0005802964192103046
149030,0.0008379151567115958
149031,0.0009638388857517114
149032,0.033611174573364024
149033,0.0016002273326141611
149034,0.0022172282067491455
149035,0.008066133244506519
149036,0.0027036728130200877
149037,0.001199401279476432
149038,0.0005483613663673027
149039,0.0008062329885373642
149040,0.0013316256649275624
149041,0.0008611057980857001
149042,0.0009083660712472577
149043,0.0006183742260970525
149044,0.0008527781548949492
149045,0.0005202094158275037
149046,0.0009456724469400516
149047,0.0008224052320405338
149048,0.0006686095776242751
149049,0.0010086459273559074
149050,0.004633824214761776
149051,0.007585269769094951
149052,0.004928497147190367
149053,0.000537773511187249
149054,0.0007721732877894511
149055,0.0005929768353706173
149056,0.0005642958894500146
149057,0.006105347787661927
149058,0.008956628795664154
149059,0.0033611955931499163
149060,0.0010124737782648537
149061,0.0009780342883759503
149062,0.0023339687906181275
149063,0.01263031686501498
149064,0.0018870228998840164
149065,0.0003453626935012018
149066,0.0004464393571481541
149067,0.001100955314913794
149068,0.0007715735494570671
149069,0.0030752620966864076
149070,0.0005127815599948951
149071,0.00143066056683485
149072,0.0015036366601144944
149073,0.0005813759598103675
149074,0.0050353193428260175
149075,0.000624872896429988
149076,0.0009856942868185577
149077,0.000881011257586438
149078,0.0009595939313936417
149079,0.0007892928637454662
149080,0.0006148357019367879
149081,0.007931700528559191
149082,0.0008774011166656414
149083,0.0008216349163388886
149084,0.0005829154905163034
149085,0.003409334917541603
149086,0.005631911758456471
149087,0.0010686714949198774
149088,0.004832504640951684
149089,0.0011114509468687413
149090,0.0015178173719737286
149091,0.0009704250309137693
149092,0.0008676122416361443
149093,0.0010527071238843554
149094,0.0006473223926092408
149095,0.000594243455323879
149096,0.004452230957781579
149097,0.0006349419031637076
149098,0.0006618526912250373
149099,0.0007526527213115568
149100,0.0006010226852913294
149101,0.003862627238826695
149102,0.0017509351649959454
149103,0.0008094909600385766
149104,0.0020231583202663956
149105,0.0035092464217845367
149106,0.0036913768499763477
149107,0.006080800484974439
149108,0.0021045089602731958
149109,0.000784666884522392
149110,0.0011761107006531826
149111,0.012544602026167858
149112,0.0013264345544143456
149113,0.007373644933798513
149114,0.0020478718971682288
149115,0.000520073144815551
149116,0.0006065668883250239
149117,0.0018272973516962015
149118,0.0006720817204965265
149119,0.0006972656720277917
149120,0.9307283089472516
149121,0.0005304298843612921
149122,0.0007406670448628059
149123,0.005800260449311914
149124,0.0006647670775692915
149125,0.014970526818684018
149126,0.0007179478099516873
149127,0.0007464243779194354
149128,0.01333983029063913
149129,0.0007474225960019724
149130,0.0004177125102862069
149131,0.0004787097775838309
149132,0.00048260787740151957
149133,0.0022460232400098373
149134,0.005353181174539519
149135,0.0016308001941083674
149136,0.000882886208617761
149137,0.0007839342761800218
149138,0.0004179920458671591
149139,0.001550966300280271
149140,0.0018945461353002072
149141,0.0005806213398291366
149142,0.00044808882748289673
149143,0.0006441277196519925
149144,0.002020175244521537
149145,0.0007358802613207009
149146,0.0005641087751628865
149147,0.0004393407357872045
149148,0.0006435795454024912
149149,0.0011857680458328165
149150,0.0015807764573947647
149151,0.0009939694319964962
149152,0.0007819135435901436
149153,0.0009192236499780069
149154,0.0007573371624143913
149155,0.0014730202513188347
149156,0.000687715214711785
149157,0.0005328729905060205
149158,0.004714678261130586
149159,0.008192388582179192
149160,0.002269776841827323
149161,0.0006864563504692156
149162,0.02792123190238641
149163,0.002231613603783287
149164,0.001732828463850889
149165,0.0018644530467034873
149166,0.0017711026243869962
149167,0.0012796062160744211
149168,0.0008766653647453106
149169,0.0006923461904114435
149170,0.0015483082935616793
149171,0.004990736438238641
149172,0.01189891687381675
149173,0.0045143683181391395
149174,0.0007404799154434339
149175,0.0005081069012138477
149176,0.011571436114060567
149177,0.0012471565218684353
149178,0.0034274381393203397
149179,0.0006616336562274641
149180,0.0006095702366724653
149181,0.0007540502991321633
149182,0.0013279875118864136
149183,0.0026033865100172525
149184,0.003053908920066074
149185,0.0006031813685806003
149186,0.006858201656162938
149187,0.0006233008926050829
149188,0.0026301224758831987
149189,0.0007155948581123434
149190,0.004315365063728786
149191,0.003259444546899675
149192,0.00076997515881986
149193,0.0009938341088771647
149194,0.0009785015999352732
149195,0.0012686091299722849
149196,0.002224083557579825
149197,0.003783213576019653
149198,0.0004890309916319145
149199,0.0010011416429620461
149200,0.001576541738819519
149201,0.000505572364915864
149202,0.0160351311631252
149203,0.00046808360808558145
149204,0.00048612473483821566
149205,0.0010246183188924898
149206,0.0008296358301476836
149207,0.0006581964019432907
149208,0.001111094039716472
149209,0.0033372010277818785
149210,0.9909766700350177
149211,0.0018332496607383398
149212,0.0008355523596595185
149213,0.004346464926644924
149214,0.0005688705715576556
149215,0.001047602149405267
149216,0.0010476171068152969
149217,0.0008373549075601098
149218,0.0011467376911807492
149219,0.0006267815201785424
149220,0.001150031860800552
149221,0.0008032525634202976
149222,0.0013528173827406652
149223,0.0031587030002585355
149224,0.002223773851241502
149225,0.0009421715111724094
149226,0.00042577548027951677
149227,0.0063867837158167705
149228,0.0015394222728825145
149229,0.00550982994285959
149230,0.000777752076548179
149231,0.005800367744256074
149232,0.00133499496712885
149233,0.001114457232252669
149234,0.0019979777539738935
149235,0.0020029494483526267
149236,0.0010233532005851497
149237,0.0007597245311542109
149238,0.001811965063013484
149239,0.0006432643608670868
149240,0.002499724360994377
149241,0.0009993736566615372
149242,0.000629901704121043
149243,0.0010923017852488741
149244,0.0004589079132869268
149245,0.0007607133674647222
149246,0.0005888345370134497
149247,0.0010589785940708011
149248,0.023668513937716188
149249,0.000587935549594609
149250,0.0006450746977779536
149251,0.0009892284159049335
149252,0.0014594636039306048
149253,0.0011961566411544482
149254,0.0006225756072350968
149255,0.011067576831127069
149256,0.0004919542034939141
149257,0.0005792069475734178
149258,0.003760577600197523
149259,0.000555243751413398
149260,0.0004379027092157297
149261,0.0010065914661673936
149262,0.0013611261005639676
149263,0.0005770370284733681
149264,0.0006169998208641858
149265,0.0020124032215674153
149266,0.0005057816484777654
149267,0.0006931960969333406
149268,0.0006196389130515994
149269,0.002233565026806364
149270,0.0015210878501377666
149271,0.00037669156016089745
149272,0.0025239677643379456
149273,0.0007069577948849641
149274,0.01004261370054068
149275,0.0005548871410336188
149276,0.005616256833602141
149277,0.0006999610906089635
149278,0.000925488980903298
149279,0.001259537868574244
149280,0.001007927108707012
149281,0.0007656342501356364
149282,0.0011177346550695262
149283,0.0008189633052912775
149284,0.0006677447462817941
149285,0.005304103018477592
149286,0.0013023014582711845
149287,0.0029005074531315606
149288,0.0006216542768578673
149289,0.0005922741339960666
149290,0.0005181285407156644
149291,0.0006820759082402951
149292,0.0004533083154356249
149293,0.02105749011547145
149294,0.0007355627211101509
149295,0.0007733941500474636
149296,0.0012511190713340942
149297,0.000736869778087896
149298,0.02345062032168147
149299,0.000397389823298159
149300,0.00047377787270393124
149301,0.000552869781006906
149302,0.02500330085533426
149303,0.0006085660547586104
149304,0.0007926565333311553
149305,0.07319190771103505
149306,0.007224908684873372
149307,0.0007792222277155287
149308,0.000561842621636232
149309,0.0005313621956364468
149310,0.007432121544359842
149311,0.00047509938801330485
149312,0.0021210000429231807
149313,0.0024237495602102235
149314,0.009591371522405882
149315,0.002731040243938006
149316,0.0008265249011115215
149317,0.0008155413794896971
149318,0.002513379040082718
149319,0.008816217850011014
149320,0.00295739469544452
149321,0.0008106813537084219
149322,0.00047622846495837186
149323,0.00046287721561813906
149324,0.07031616642657108
149325,0.0005516843272822814
149326,0.0007662030082754014
149327,0.0007931310740236969
149328,0.0025689340490466723
149329,0.0007212703125980809
149330,0.001121895145349249
149331,0.00047086131755589254
149332,0.0010929905834106243
149333,0.0008136517045194118
149334,0.0011003086042941515
149335,0.0008447698571061764
149336,0.002659992456985791
149337,0.05984256863951903
149338,0.0018494949688010265
149339,0.0005409450711890979
149340,0.0009084170404663216
149341,0.0014480448965085197
149342,0.0015551924353329862
149343,0.0006975972383806994
149344,0.002519670228704098
149345,0.002943235224639797
149346,0.0011409687409181268
149347,0.005829087996302339
149348,0.0006377257722115627
149349,0.0005075543173794277
149350,0.0014079065592240898
149351,0.005008263015885303
149352,0.0008403256520356976
149353,0.0007195316398421032
149354,0.05740298424632175
149355,0.003911791729433238
149356,0.002152142742989102
149357,0.0018578059593195887
149358,0.0005640409643560101
149359,0.005364246649692256
149360,0.0032367325292550356
149361,0.0020369483028557737
149362,0.0006833118628649965
149363,0.0007129530192779571
149364,0.0012390399453208643
149365,0.0038835954990602455
149366,0.0013071451785964816
149367,0.0008767375725359672
149368,0.004185734384982376
149369,0.0006124373828054049
149370,0.0005970433291307938
149371,0.0008552720193720767
149372,0.0015013423183732506
149373,0.004237911680556136
149374,0.004881628390434143
149375,0.001237633963136431
149376,0.017440286767560518
149377,0.0007693262756711238
149378,0.0007923071905616231
149379,0.0004496673175218409
149380,0.004590811677153165
149381,0.0005361402887265439
149382,0.0008514464274781378
149383,0.0017332122344275495
149384,0.0009782036116057036
149385,0.0004721690007769594
149386,0.000900743783503103
149387,0.001406310419186563
149388,0.017139908897335975
149389,0.00045249693030496494
149390,0.001198232941127625
149391,0.0006806185648139398
149392,0.001437921278526395
149393,0.0006673596503075404
149394,0.0006864033537468506
149395,0.006523303440305984
149396,0.003792908522031936
149397,0.0007240814300129476
149398,0.000792786998378723
149399,0.0012837317063866664
149400,0.0008736521701556143
149401,0.0008339171253376359
149402,0.0007372676352780372
149403,0.01744013076024098
149404,0.001216932881682206
149405,0.0006310542864237743
149406,0.0006508309365443394
149407,0.002978047072512563
149408,0.0005563507908138759
149409,0.0005104033219007051
149410,0.0017373304224927004
149411,0.001174343136760964
149412,0.0023514062488866946
149413,0.0010759748534355884
149414,0.000807641217764466
149415,0.0006885492353537978
149416,0.001618626209013534
149417,0.000769752705480131
149418,0.0007975066834319251
149419,0.0006412372417163551
149420,0.000800841832935747
149421,0.0008367481292873409
149422,0.0006106573239154346
149423,0.0009121388647051604
149424,0.0010492190521231475
149425,0.0006755648021486184
149426,0.0005869716822978947
149427,0.0007192471173998275
149428,0.002288190895823991
149429,0.0006898996950666211
149430,0.0017014604905790862
149431,0.0011717822033774777
149432,0.0005860879270600207
149433,0.0005132913046909536
149434,0.00048264700808375356
149435,0.0006369827727041215
149436,0.005624092865798996
149437,0.0013605688877955575
149438,0.0008423611868465387
149439,0.0015516382958980655
149440,0.0006930586666674714
149441,0.0023291463449602347
149442,0.025413237699449993
149443,0.0023412658640828117
149444,0.0004476609274805261
149445,0.00046386946216885955
149446,0.002761831562066176
149447,0.000986382968051412
149448,0.0007949181132822647
149449,0.0014304930597219077
149450,0.0021335911383672775
149451,0.0006405889893287789
149452,0.0012165939804847613
149453,0.0007564982208965383
149454,0.002380886883259933
149455,0.00044721962980318286
149456,0.0005889175623902746
149457,0.008693495166373178
149458,0.0054021202303281305
149459,0.0014396485454722312
149460,0.005431909774137829
149461,0.0022156432946492
149462,0.0009419055142654307
149463,0.013667164426563924
149464,0.0008691334997903174
149465,0.00047156805980259285
149466,0.0012119107716284288
149467,0.0311024115283655
149468,0.0010993072809869667
149469,0.0006332728680662758
149470,0.0011124948162522966
149471,0.0010669590952577697
149472,0.0010016891619143073
149473,0.005341652428815874
149474,0.993962652190893
149475,0.0007862427809703341
149476,0.00092233918259756
149477,0.0005407293799598867
149478,0.0014696864900493592
149479,0.0007667602869010024
149480,0.00488224347047719
149481,0.000590849517324088
149482,0.0007271373837962134
149483,0.003993815064818957
149484,0.001665866895607734
149485,0.0006505959133106807
149486,0.0029751406324889738
149487,0.0035972908124341507
149488,0.0006631328864800125
149489,0.0004736827183161845
149490,0.00248303165858002
149491,0.0010569594757697538
149492,0.002652867670583378
149493,0.0011204438229005273
149494,0.0011172523655653185
149495,0.0014773189071367807
149496,0.0010990737296924166
149497,0.0006425590012709169
149498,0.0035679334625996644
149499,0.0013652567020934244
149500,0.0022953855405375067
149501,0.01028429205426942
149502,0.00474260784058239
149503,0.0008253176396378519
149504,0.003935281450027985
149505,0.0008966701201133065
149506,0.016656335007009665
149507,0.000992840566203648
149508,0.00041056363135919785
149509,0.0005656738645492018
149510,0.0009562830903777099
149511,0.0004481025872520533
149512,0.003327500231378809
149513,0.0006290955592841887
149514,0.0018505697410456487
149515,0.0011354302856553301
149516,0.0007894411773227859
149517,0.0008107007786887887
149518,0.004361266066469388
149519,0.0005179274778782744
149520,0.008274546544336216
149521,0.0011723642644883658
149522,0.0012469323855101126
149523,0.008438705891249555
149524,0.0006859691159338834
149525,0.0008870819921272478
149526,0.0010206357848486143
149527,0.0014075751336039498
149528,0.0010379044905148953
149529,0.0023299787050908415
149530,0.0009167651122362064
149531,0.0016773519530010439
149532,0.0017593927682383872
149533,0.0024340052285359856
149534,0.0009984014433266051
149535,0.0018609337713926862
149536,0.0015112650268499451
149537,0.0022522740632996284
149538,0.0007771507161460501
149539,0.000790995675583502
149540,0.0005429946808309425
149541,0.0005685353591495146
149542,0.0006117091258720169
149543,0.0009168431807947206
149544,0.001052968398927769
149545,0.0007760996492364594
149546,0.001893825472748788
149547,0.0012568152054559043
149548,0.0007082613920497048
149549,0.0012079585883597774
149550,0.0006566329033791001
149551,0.005233167099237495
149552,0.007188206020440834
149553,0.0004786926302986509
149554,0.00035280419317944994
149555,0.002864456643036294
149556,0.0011915149315267163
149557,0.9953529997668108
149558,0.0006756031357969137
149559,0.0004519795515221191
149560,0.0010480283127097603
149561,0.0006210677132093454
149562,0.0005293456035705089
149563,0.004487696076243632
149564,0.0012016180360759402
149565,0.0005849018204232222
149566,0.00172317745405096
149567,0.036786573143540634
149568,0.0009259903562014538
149569,0.037319324163921204
149570,0.0006657001701351337
149571,0.005260922027390243
149572,0.0020452302467164805
149573,0.00041393507578395353
149574,0.0007192718012255948
149575,0.0013456818507179321
149576,0.0043228075911239585
149577,0.03763544585734533
149578,0.00042692186634826486
149579,0.014271117987037157
149580,0.0006295663933863657
149581,0.0007050524032716759
149582,0.014813457019138027
149583,0.008116794953273977
149584,0.0015376079074259567
149585,0.001110089058531313
149586,0.0006001263760938365
149587,0.010602941453480832
149588,0.004082939831584847
149589,0.0010864119277232472
149590,0.000537350004954485
149591,0.002631936828014845
149592,0.9966649661844306
149593,0.014126801024252586
149594,0.0019592430437424635
149595,0.0009073170113276165
149596,0.0017060120374985427
149597,0.006854540390250441
149598,0.0009287223470777848
149599,0.0007032196791964734
149600,0.0020329563024581994
149601,0.0030181858421090123
149602,0.002289638689953975
149603,0.0010362193605911994
149604,0.004660077683184403
149605,0.001015876933643466
149606,0.0031456110213346263
149607,0.0061891784189459596
149608,0.007374599436280962
149609,0.003897161404587421
149610,0.0007075837189549313
149611,0.000736561698451856
149612,0.0006895417168712675
149613,0.002597550679844048
149614,0.0007915260113959046
149615,0.0005238772996559095
149616,0.0006451305931836911
149617,0.022635356019311496
149618,0.0021880923796186997
149619,0.0019100811914565454
149620,0.03697428946930179
149621,0.0006641030417060459
149622,0.0009723247599198398
149623,0.005250219326843841
149624,0.0011149189923060974
149625,0.0005734529741505099
149626,0.0006168379791669415
149627,0.0037302472517104592
149628,0.001394971324119457
149629,0.0006270740201947724
149630,0.0016078954084141643
149631,0.0009004910474737819
149632,0.0010141153093146114
149633,0.003560982506237133
149634,0.0006789615585427108
149635,0.002159497580649738
149636,0.0016321636455049842
149637,0.014996841295633037
149638,0.0005408815473563713
149639,0.0005725959150217699
149640,0.0024177617586667484
149641,0.0005463878787769886
149642,0.0033337163331370687
149643,0.0005993782334355217
149644,0.0009154524077618835
149645,0.006130943428403165
149646,0.00217256455921103
149647,0.002944583988498825
149648,0.0009763560245425753
149649,0.0017028420883411868
149650,0.0005205637505978854
149651,0.002477626178425795
149652,0.0007808010341483628
149653,0.000798055894041738
149654,0.0005721926801898577
149655,0.0006756816809415424
149656,0.00095937856410442
149657,0.005378634960581515
149658,0.004777016336098899
149659,0.0008170192370186413
149660,0.00048117504207333004
149661,0.0016375444096655835
149662,0.0007732151957331828
149663,0.0006455057731507973
149664,0.0007195832297669038
149665,0.020591785444146957
149666,0.0005236225733371263
149667,0.00850918089556939
149668,0.0005246244217189545
149669,0.0005827094987291394
149670,0.0009967583626386604
149671,0.0007802819384840915
149672,0.00047987696499797076
149673,0.0009646364383605652
149674,0.0005211447217069646
149675,0.0007559598246736639
149676,0.0015844174022020176
149677,0.025649887171909712
149678,0.000781964698170658
149679,0.0009628227833174027
149680,0.029050976489140616
149681,0.001408137490420673
149682,0.00046134097411617935
149683,0.003746261499731552
149684,0.0011674075134024693
149685,0.0011753430524568684
149686,0.002860035405578832
149687,0.0009178224492139577
149688,0.004357601039821147
149689,0.002076928193887093
149690,0.0022482181845023827
149691,0.032211318386695185
149692,0.001013587382728923
149693,0.0009403591803356114
149694,0.0009867689000736283
149695,0.0008673006996832758
149696,0.0005697046830257929
149697,0.0010157388888992714
149698,0.0006234843509406909
149699,0.0013940483499955952
149700,0.0006085180132343667
149701,0.000561514350595471
149702,0.0006602255206577013
149703,0.0008885157474113604
149704,0.0010122146414561126
149705,0.0007462650496535134
149706,0.002129204699099025
149707,0.0011805583772550613
149708,0.0011337272870464055
149709,0.00490200883094482
149710,0.001994229299649251
149711,0.004727745140916282
149712,0.0005946475544108216
149713,0.005103470165534421
149714,0.001371075922714108
149715,0.00290371775727197
149716,0.0012324188551315804
149717,0.0006853807803043367
149718,0.001268420291732361
149719,0.015664166629228465
149720,0.00108890852387614
149721,0.0007851636582819049
149722,0.004723573575740255
149723,0.0009579171685037619
149724,0.311257349378935
149725,0.0004592876578136724
149726,0.002459464387944481
149727,0.0007189409477895087
149728,0.00047366324377195573
149729,0.008513352574278932
149730,0.0004426343006067675
149731,0.006567816148574255
149732,0.007810942525562636
149733,0.0017868695580361207
149734,0.0033935736116723157
149735,0.0013577895687107234
149736,0.004323031497234873
149737,0.0019288792692801768
149738,0.0008149343903785203
149739,0.008665796410580785
149740,0.0017593361244748148
149741,0.0011336083646489407
149742,0.003015118788589735
149743,0.0010669226636510342
149744,0.0035851575488663892
149745,0.0005872814041057897
149746,0.003969180488082981
149747,0.0007841975373620339
149748,0.0007625301712401913
149749,0.03096931427623644
149750,0.00070027970030672
149751,0.0005593941621178503
149752,0.9931149994749323
149753,0.026454829612846995
149754,0.0017068236451670792
149755,0.0008943295933413968
149756,0.002246217399491118
149757,0.002536613546366264
149758,0.002228777802862551
149759,0.0051253919670942874
149760,0.0010567300183898717
149761,0.0008863123175896815
149762,0.000955289197555585
149763,0.002208726683036926
149764,0.00517004755638141
149765,0.0007284351128656317
149766,0.009582916205007366
149767,0.001058267665163763
149768,0.0009815121225332168
149769,0.0007577696271952687
149770,0.0009349678673421599
149771,0.026964688235262994
149772,0.001210295812537707
149773,0.0038585445139549587
149774,0.001295624281925745
149775,0.0003496425114970761
149776,0.0009062022493733707
149777,0.0013024244145367187
149778,0.0007698652837986652
149779,0.0008206403466472529
149780,0.011224864056973722
149781,0.0005097776724415758
149782,0.0019211528166315473
149783,0.0005108498702291132
149784,0.0008920541494505706
149785,0.0024780525854297404
149786,0.0006023581344975448
149787,0.0013049986717152177
149788,0.011140126603282832
149789,0.00044232358756106913
149790,0.0012191127786211518
149791,0.006216621819059721
149792,0.007005838271929554
149793,0.0005460294974157292
149794,0.0005720474432380317
149795,0.0007302562487850645
149796,0.000582921978868929
149797,0.0037410468234744644
149798,0.0007973039806755768
149799,0.0009380532702178872
149800,0.0007334776129479206
149801,0.0062262742524404275
149802,0.0006221981232515364
149803,0.0005091593444568605
149804,0.0013353328636373208
149805,0.004051263747347647
149806,0.0014849176289514383
149807,0.011192503066899707
149808,0.003871337820870969
149809,0.0007190861755899222
149810,0.0008027781075212549
149811,0.0004494818199715045
149812,0.9898402237473822
149813,0.006989259474978535
149814,0.00157938780011933
149815,0.0005516344209385538
149816,0.0005521350880829013
149817,0.0004615464381135276
149818,0.001288989719169343
149819,0.0050361266536559065
149820,0.001221764807307
149821,0.0005900379893408853
149822,0.0008674650165553005
149823,0.004289417030436088
149824,0.0005333837729889968
149825,0.000864793109319916
149826,0.011318976167434604
149827,0.002839649233344973
149828,0.0004352108205248603
149829,0.00244634775815231
149830,0.0014574144171901702
149831,0.0006534304153541994
149832,0.005138034502708821
149833,0.002872297337819419
149834,0.0007493089300036575
149835,0.0014429296475661
149836,0.0005134399050678647
149837,0.0006563129824516386
149838,0.0006461522453214115
149839,0.0005777468753373049
149840,0.0010157191242355112
149841,0.000530932435670534
149842,0.00117929144890442
149843,0.008366974748394457
149844,0.0006516905578577125
149845,0.0008163806035060811
149846,0.0013345029367313262
149847,0.007884109516284616
149848,0.0011287525876286406
149849,0.0013474159495472592
149850,0.00029739239915608595
149851,0.0013108816229186495
149852,0.004232814326738956
149853,0.0008733445998166749
149854,0.001452056084607183
149855,0.006299891059706507
149856,0.0009218652507726888
149857,0.0010924868589215764
149858,0.0009152767103010875
149859,0.0011285719052917785
149860,0.0006402904968417394
149861,0.058071000699974805
149862,0.0006200580956633632
149863,0.0011620881711840874
149864,0.0009138637730281669
149865,0.0012184373974289218
149866,0.0015359582330287207
149867,0.0006092386588445247
149868,0.0006516996671454316
149869,0.005163534172127476
149870,0.0010288609072630886
149871,0.0006717342459155544
149872,0.0009328534298652236
149873,0.0006417011356926893
149874,0.005294070084513308
149875,0.0006581377309816667
149876,0.0012603886802580707
149877,0.0006422350103768412
149878,0.0017378370382929837
149879,0.0013024840248141091
149880,0.0005369506493972106
149881,0.0013603143659228203
149882,0.0006581590036856816
149883,0.004606153443496112
149884,0.0014031478089603392
149885,0.0007046513923381291
149886,0.0013075449515294448
149887,0.01715914078328615
149888,0.0011607404644011585
149889,0.0007842146137901221
149890,0.006656301867654176
149891,0.0007370340183910471
149892,0.0007190230175028922
149893,0.9945913439794932
149894,0.2004358423231518
149895,0.0030835324027938885
149896,0.0010130466209239794
149897,0.0007517055069452747
149898,0.0012277942033043017
149899,0.0005567556315572268
149900,0.0008336756896210714
149901,0.0011798305813561889
149902,0.0005793754999953306
149903,0.008797788422689199
149904,0.0007343445473608701
149905,0.0006365405365725364
149906,0.010049030241812246
149907,0.0007295687052478218
149908,0.019840650924185972
149909,0.006237103355996132
149910,0.00039440431693063744
149911,0.0014949721198109166
149912,0.006667788273812333
149913,0.1387113931723018
149914,0.007492761272857465
149915,0.0006523676269238153
149916,0.204403168821432
149917,0.002270598458536248
149918,0.0010234795609382348
149919,0.0007289428384762145
149920,0.9958976926819993
149921,0.0014166008026990392
149922,0.004560768896468792
149923,0.00048769136331337684
149924,0.0005450028659729953
149925,0.0009163603674200551
149926,0.07927701428471554
149927,0.0036802651931028938
149928,0.0016466251260559917
149929,0.003977061980608174
149930,0.003844516997364618
149931,0.0030597153287072448
149932,0.007142517555510659
149933,0.0004706681928537496
149934,0.0006336530755850847
149935,0.04907832060800288
149936,0.00047207770956005324
149937,0.00043247220781174333
149938,0.0012944884802930706
149939,0.0006360645559720059
149940,0.00144500523654745
149941,0.0006795289565938377
149942,0.0006981928816216426
149943,0.0005738591168656141
149944,0.007613077789822746
149945,0.0006838059867974426
149946,0.0013464167754811758
149947,0.000512325919181815
149948,0.000608955834958118
149949,0.0007636816476019532
149950,0.00168427396908476
149951,0.001081174423502521
149952,0.002102081863612712
149953,0.0006005721970558093
149954,0.0005479003246867419
149955,0.0012660707098613305
149956,0.0006881165809938333
149957,0.0006370079072836906
149958,0.9835211947329217
149959,0.000718729318772805
149960,0.003305034854577906
149961,0.0013925352018559164
149962,0.003295078753558368
149963,0.0004534570662697968
149964,0.0031168519196386555
149965,0.0017307316049614404
149966,0.0007541549331406166
149967,0.004702343617690423
149968,0.00287720220611675
149969,0.0017699661847269343
149970,0.0031649426692078814
149971,0.0013018185034252058
149972,0.0031486237883321263
149973,0.0006869157562490289
149974,0.0005363796065098039
149975,0.004447309803384864
149976,0.000561559820898959
149977,0.005245388074415495
149978,0.000866300113509584
149979,0.0008995701958322214
149980,0.010314766067441748
149981,0.002062602759549332
149982,0.0017562407520311729
149983,0.0005563436336827676
149984,0.0006118236332970901
149985,0.0018291720660954382
149986,0.00455343536302981
149987,0.0070970819315895025
149988,0.0005525606840669915
149989,0.000789507185522447
149990,0.0006807121877013544
149991,0.0008167073782613921
149992,0.0010316948020285103
149993,0.0023092922709385772
149994,0.000691824325100951
149995,0.00102150060064422
149996,0.000649568158393459
149997,0.004321191849161331
149998,0.014910971369776078
149999,0.0005481617121943699
150000,0.001798370384338793
150001,0.0010917795615503522
150002,0.0005175157984671169
150003,0.0075489526007958205
150004,0.0045776001594400855
150005,0.00080259994257765
150006,0.01127518962937064
150007,0.004752976506990248
150008,0.0015345890796357366
150009,0.027581402246852543
150010,0.0004976454798007754
150011,0.0009156272833542836
150012,0.00189932538875071
150013,0.00051435562737858
150014,0.0017580012941562193
150015,0.00047557849696016296
150016,0.018023849906653497
150017,0.0008990594319397134
150018,0.0006666338691650966
150019,0.0024617935770906716
150020,0.0012639604163264355
150021,0.004395258782702947
150022,0.0010823623835798273
150023,0.0008600748044401014
150024,0.001646332526880483
150025,0.0006257136117586854
150026,0.01700943015365101
150027,0.001291841511844315
150028,0.0008464046878781527
150029,0.0005762498108504896
150030,0.0006494578306486312
150031,0.0006625123549972277
150032,0.0007234706333866174
150033,0.0018654679518840833
150034,0.0012546750870235132
150035,0.012733397788321214
150036,0.0007774894416316658
150037,0.0008450278098911197
150038,0.0009036299543115909
150039,0.006836242521744563
150040,0.001143026535240344
150041,0.0038463057958712456
150042,0.00115915194228028
150043,0.0016896524827642462
150044,0.0009878722816671036
150045,0.0006383810824613428
150046,0.0006961823216911343
150047,0.0033380032567711907
150048,0.0006914646716645675
150049,0.006675076038754481
150050,0.0007100158784727822
150051,0.0012502121673841123
150052,0.000796803275890369
150053,0.0005251916847173521
150054,0.00047904644879445023
150055,0.0026648359902101794
150056,0.0006501299083343054
150057,0.006316160877678207
150058,0.0006310845403342878
150059,0.0007563030534864955
150060,0.0019432423019670754
150061,0.0005722030344799175
150062,0.0054515772647669835
150063,0.0008895839031820836
150064,0.00207044291216331
150065,0.002311948391472823
150066,0.001110064332733546
150067,0.00850049765935617
150068,0.0005456208555153751
150069,0.004772762058521009
150070,0.0010381781890470444
150071,0.007363085794309387
150072,0.004282459654338459
150073,0.0005841656888106372
150074,0.0006974012280676059
150075,0.00045597765495777827
150076,0.0006815194902422266
150077,0.0005315463482017245
150078,0.0006856372568335236
150079,0.0024433097860390436
150080,0.0008812696561096035
150081,0.006031995101753942
150082,0.003913265766637115
150083,0.0006448009002088975
150084,0.0006844116632643513
150085,0.0004808669867163659
150086,0.0028105917274360882
150087,0.0004347609983140843
150088,0.0005643928149662561
150089,0.00042933991386966206
150090,0.0023901957914347705
150091,0.003336686326163826
150092,0.0007852951974076634
150093,0.0006600165655566844
150094,0.003169263825774391
150095,0.019271424471621116
150096,0.0004007997051921179
150097,0.011496559286509396
150098,0.0005303623719188409
150099,0.0010101258581871957
150100,0.007916656596697911
150101,0.000895680540689073
150102,0.008566002185794494
150103,0.0004518835705896376
150104,0.0018515183853453304
150105,0.0005449851489358694
150106,0.0006863019174458988
150107,0.002764264044579497
150108,0.0005949158163054344
150109,0.0007106114041927601
150110,0.0006166266771444966
150111,0.0027487812360401397
150112,0.0004767620311629776
150113,0.0008875499329264766
150114,0.002393376235316838
150115,0.0005803541679831067
150116,0.009366666856234671
150117,0.0007705028896251811
150118,0.0007075812169946608
150119,0.0027751323342612272
150120,0.004977513561646992
150121,0.0015955443733548776
150122,0.0023838907470524057
150123,0.0013415508851677494
150124,0.007975631380585727
150125,0.004037835597748526
150126,0.0007401457742527212
150127,0.3005118639102541
150128,0.0007497638021493661
150129,0.0008054738217741077
150130,0.0013409334585432536
150131,0.001225367723244449
150132,0.0008485573594126754
150133,0.0014949112766389043
150134,0.0014253150472790066
150135,0.0009174091291822904
150136,0.004858299147840556
150137,0.004717447049364101
150138,0.000757191066828961
150139,0.00036343835666292646
150140,0.0008609650807187364
150141,0.0010186147306211401
150142,0.00634815672283494
150143,0.0006520171060431052
150144,0.003906550424617435
150145,0.0013230800394450095
150146,0.0008431047911734864
150147,0.0019134490573514927
150148,0.0016110790492122277
150149,0.0006864161202484961
150150,0.0008155825441605482
150151,0.029771560340914077
150152,0.001414388391973771
150153,0.0005972291134153571
150154,0.0014031587016512873
150155,0.008183333235368496
150156,0.001008471244629573
150157,0.0008007386788788599
150158,0.0030821043406864214
150159,0.005599546722994494
150160,0.0012795395368730093
150161,0.0005867965940045963
150162,0.0005756887055771568
150163,0.004601631514096132
150164,0.0003927702434187329
150165,0.0009083438106197507
150166,0.0015410656785298182
150167,0.0005846262190571713
150168,0.0012180520649945083
150169,0.0034525705631539443
150170,0.000658842983370872
150171,0.0009164070988425875
150172,0.0009933300208557223
150173,0.0014891154542009026
150174,0.0009211422415332142
150175,0.0014873301318175597
150176,0.0009084664261369898
150177,0.0024974932811022425
150178,0.002725263441689723
150179,0.0005959502029316239
150180,0.0023505755241479734
150181,0.0012004347695395443
150182,0.9882804613594621
150183,0.006489933060718791
150184,0.0006506845907556353
150185,0.0005017281796441645
150186,0.001677385629399395
150187,0.0006072081787069666
150188,0.0005805797633575728
150189,0.0012001930451775661
150190,0.0014927005675110054
150191,0.0009052972073411765
150192,0.0006267019974276225
150193,0.04039486117841903
150194,0.0005753492427154656
150195,0.043231979611697675
150196,0.0011328599355757707
150197,0.001111895658474717
150198,0.00044876144856953936
150199,0.0006508014168724771
150200,0.0007915186969200579
150201,0.001056918322966261
150202,0.0007799954060767747
150203,0.0008414127599544415
150204,0.0010941624741918343
150205,0.001951205680688011
150206,0.03413777149380551
150207,0.0008039326656635699
150208,0.0008661065473594698
150209,0.0035579684924390903
150210,0.0012684811058957077
150211,0.0006414072374954364
150212,0.0005617433491341791
150213,0.0029600715380019593
150214,0.0005539240644635918
150215,0.0008026106335438291
150216,0.0013115645546535409
150217,0.0025222882704900697
150218,0.0012744654320648524
150219,0.0013398418922834314
150220,0.0008463797094679133
150221,0.0012593278396571908
150222,0.003417897367667457
150223,0.0027472823694728943
150224,0.0006610203470391381
150225,0.0005876628579279054
150226,0.0006944286471573323
150227,0.002354695341334009
150228,0.00414013930385498
150229,0.00046961209272079426
150230,0.0003520693007408962
150231,0.001038119608897233
150232,0.006212901750294968
150233,0.0014857278545076346
150234,0.001358220029888457
150235,0.005810952930289007
150236,0.0011123479255498126
150237,0.0009238086017749501
150238,0.001122423146720288
150239,0.03311838891735423
150240,0.0006670040374560063
150241,0.0017669375806083157
150242,0.0008135952573605222
150243,0.001142935155916795
150244,0.001475985162097467
150245,0.0020536973863603102
150246,0.004707303468118896
150247,0.003299692617582388
150248,0.001487257741322044
150249,0.0007541292591470686
150250,0.0005786565410331122
150251,0.004001052701734889
150252,0.0032166974480337864
150253,0.0013085496520039786
150254,0.0008706226110740615
150255,0.0020886741763497477
150256,0.0007663664046730528
150257,0.0008080546666973758
150258,0.0006780983559276077
150259,0.0003800514805687458
150260,0.0006034683399552187
150261,0.08625119011975244
150262,0.0005564612278741951
150263,0.0016907715741716657
150264,0.001759805841466697
150265,0.007628273153156992
150266,0.013151973362064548
150267,0.0007635713197242046
150268,0.0008748722757093578
150269,0.0019092484466302277
150270,0.0009599594089728702
150271,0.0218886759980725
150272,0.0010770949266072165
150273,0.0015226072662433855
150274,0.0015161099802206506
150275,0.006309914487671432
150276,0.0006572310074667436
150277,0.0007661777770724042
150278,0.0007475848294801262
150279,0.0005720598683107497
150280,0.000629595360616347
150281,0.0011797705651348295
150282,0.00039090233579889655
150283,0.0004988695965119771
150284,0.00287847806053256
150285,0.0025058051877634266
150286,0.0004833191966106097
150287,0.000493608299006475
150288,0.007338412715289783
150289,0.009957675028206674
150290,0.0013213262258700014
150291,0.0023588598178896332
150292,0.006660870078623182
150293,0.0004288461677948325
150294,0.0023103401776644935
150295,0.001375052365870445
150296,0.0005687794764173232
150297,0.0022045360287578845
150298,0.0006465656188939042
150299,0.01109428631694407
150300,0.0006066620397284526
150301,0.002267431079648787
150302,0.0015588577539417258
150303,0.0006328924535761487
150304,0.0003315004652837513
150305,0.0012637110581834453
150306,0.0005294758049741758
150307,0.0007377615507217288
150308,0.0013475011217334494
150309,0.0008169025972633729
150310,0.0008147434456921086
150311,0.0007093158152965222
150312,0.0010270319076601398
150313,0.09264807117343304
150314,0.0011508028076462054
150315,0.0008558142553047249
150316,0.000847670687184605
150317,0.000871926371292167
150318,0.0007589835677462296
150319,0.0007110017341766968
150320,0.0007390448585446369
150321,0.0027346044490196017
150322,0.02400099274548515
150323,0.0008390535614120058
150324,0.0006860628445009124
150325,0.0006750819528684325
150326,0.0005207025931220431
150327,0.0005685964014653232
150328,0.00045303431652646893
150329,0.0009106941042898626
150330,0.0032927928082366015
150331,0.0012154715134580156
150332,0.007747596499794762
150333,0.00047335876784242333
150334,0.0006114138382673727
150335,0.9712594370137488
150336,0.0007695549593186419
150337,0.003015598701657249
150338,0.0013064170811873045
150339,0.002929572305910679
150340,0.0016503664697425243
150341,0.0007870861954008431
150342,0.0008979303421076539
150343,0.0005423821392585718
150344,0.0006078832446074669
150345,0.0008153908855862536
150346,0.001807598668825398
150347,0.0004335028711910054
150348,0.002557455369244231
150349,0.0005903635362412367
150350,0.004970680925957812
150351,0.0023225030272282037
150352,0.000725076494312259
150353,0.0011220454856647388
150354,0.9332135833162796
150355,0.001030641453884753
150356,0.0006833817028429907
150357,0.0006002551779930057
150358,0.0044352171725662685
150359,0.0018031932988191823
150360,0.0031097377641491498
150361,0.0007010511153776652
150362,0.0019465266776368586
150363,0.0005174831153953393
150364,0.0003546653394816903
150365,0.0005883525358861665
150366,0.0027388610658702697
150367,0.0004120319497208078
150368,0.0032276768131575062
150369,0.004632534041974869
150370,0.0050450758011275805
150371,0.003050669674852736
150372,0.00042268467213382233
150373,0.0006403860755412732
150374,0.0008788435471535758
150375,0.0019051269043508048
150376,0.002435954904908142
150377,0.0013875048331417562
150378,0.0004673416745671658
150379,0.99913715538187
150380,0.0018290660592587946
150381,0.0012081005644221554
150382,0.0020713742221777007
150383,0.0019067474533118018
150384,0.0006341096057487048
150385,0.005078777320903177
150386,0.000504098789997195
150387,0.0012004067471240321
150388,0.000567932752582548
150389,0.0009381707046514068
150390,0.0015951718280845673
150391,0.037319768887556164
150392,0.0058251175507685595
150393,0.004605906551301738
150394,0.01099898579662221
150395,0.0007619711455501641
150396,0.011934412352435156
150397,0.0005490946958495144
150398,0.0010065082081415638
150399,0.0020317003823244256
150400,0.001124247203246372
150401,0.0007785609718151865
150402,0.00076812708588705
150403,0.0007637549558328071
150404,0.0006086196000324096
150405,0.0018783600964565874
150406,0.0017729563136125713
150407,0.9979309667430148
150408,0.0037955447568086297
150409,0.002691225937918309
150410,0.01324937894372168
150411,0.0004541501228290421
150412,0.0005919023482456574
150413,0.001757204548603084
150414,0.0015907553426205497
150415,0.0016605185079414855
150416,0.11812969810286253
150417,0.00046210858630365875
150418,0.0005744838579319634
150419,0.00607400110576021
150420,0.006862086830363514
150421,0.0009150739135416034
150422,0.0006402942239763245
150423,0.005966524291067983
150424,0.004111034719580551
150425,0.004706000358880014
150426,0.004170187882260099
150427,0.00070630093748087
150428,0.0020953031503073614
150429,0.0006509100213068502
150430,0.0007600271406966847
150431,0.008503049193055464
150432,0.0004335998241040908
150433,0.0026547803722453064
150434,0.0033666498124769045
150435,0.0006599510982342686
150436,0.0056152379247939675
150437,0.0011372729336304333
150438,0.00042758474502187585
150439,0.0005485673169569711
150440,0.005385956681596246
150441,0.000701993169996903
150442,0.0021445915550879265
150443,0.0007921682165378809
150444,0.0072941606397614375
150445,0.0021703042979078248
150446,0.015272356813226903
150447,0.000718252356211784
150448,0.015665231769216463
150449,0.000931304860532311
150450,0.0006343198826313607
150451,0.0005885506070144182
150452,0.0007270844333355259
150453,0.001422480543240215
150454,0.0006362003531273303
150455,0.002864173601855327
150456,0.00042050009184923045
150457,0.0017662264646520509
150458,0.24731163282229623
150459,0.0006541818649301947
150460,0.0004876986242258954
150461,0.0006814527288546478
150462,0.001725763494892751
150463,0.00045518220234243745
150464,0.0009348973120897103
150465,0.0007600869249292387
150466,0.0009463535317939844
150467,0.0011176001709040082
150468,0.0039009256729190638
150469,0.0011044029041574186
150470,0.005914818795806423
150471,0.0004373196807410861
150472,0.0009098731911307179
150473,0.00048699279220715226
150474,0.0005299592381975021
150475,0.000679932810807794
150476,0.002911932650338043
150477,0.0026436475713807806
150478,0.0051444789710766835
150479,0.0007756407568780811
150480,0.004043806532022677
150481,0.000708371265226943
150482,0.0007440298121785258
150483,0.00307951782961373
150484,0.9969435776395683
150485,0.0005990632793976276
150486,0.005164078154193088
150487,0.0009322536158459708
150488,0.03093305469623868
150489,0.0006794613165976408
150490,0.0026513990088171853
150491,0.000596736243891447
150492,0.0009816499041448068
150493,0.0014000826530662328
150494,0.0006301591982355052
150495,0.0006976825764284499
150496,0.0037613207406313846
150497,0.004938396299526529
150498,0.0012941846706488256
150499,0.00540203238659486
150500,0.0007746855151729616
150501,0.0005618592944888327
150502,0.0007183547754353069
150503,0.0018128339979392254
150504,0.0006741761099902584
150505,0.000853345001196152
150506,0.00044885181214068977
150507,0.0012889976831800057
150508,0.002717641629753156
150509,0.0054447334597678395
150510,0.011148326460414025
150511,0.0007248881005960479
150512,0.9963874856363004
150513,0.002920437411434385
150514,0.0013810969784828768
150515,0.0012979039793745502
150516,0.0146465040339058
150517,0.001591939229664603
150518,0.0006321039900193388
150519,0.000767270175803577
150520,0.0006383231868910167
150521,0.0011589352355305521
150522,0.0006284115185774616
150523,0.0014726006637241827
150524,0.0006738937634648619
150525,0.0008478821345257022
150526,0.0030772114674549734
150527,0.0019654169873297308
150528,0.0015209124740340235
150529,0.0011434484157472335
150530,0.004774135310706931
150531,0.0008837463193680087
150532,0.0007951073592214568
150533,0.003337283271393242
150534,0.00300093998268544
150535,0.0005626768516714475
150536,0.005617851586372699
150537,0.0006707014594857256
150538,0.007109226153913662
150539,0.006792847683995804
150540,0.0007523516336992178
150541,0.004987520927380126
150542,0.0005384369959027943
150543,0.0005410388950228929
150544,0.0006190346293069038
150545,0.0032520871566719817
150546,0.000558680348508564
150547,0.000413646478238379
150548,0.0007661744830165048
150549,0.0005087959725956434
150550,0.0006290211720532668
150551,0.0009412185163630671
150552,0.0006067887525683731
150553,0.001035421502261678
150554,0.9931811390102671
150555,0.9985582171804578
150556,0.005838941351752003
150557,0.0010863141553598319
150558,0.0010893110596655001
150559,0.007921290067604512
150560,0.0004484829113270052
150561,0.0005857412041366748
150562,0.0018495492676213312
150563,0.0013361108274403833
150564,0.003348180630789559
150565,0.007060396265257082
150566,0.000606293847731161
150567,0.003739377511938347
150568,0.0013280881366146246
150569,0.00044188447237301996
150570,0.005557320109753416
150571,0.0005729894311433969
150572,0.0017256553476545145
150573,0.004509195327316883
150574,0.006153651739023698
150575,0.0018313487399781332
150576,0.0014858877717068952
150577,0.00042475724593172377
150578,0.003037631650169941
150579,0.013357431435612167
150580,0.0006707460542038171
150581,0.0004481182670418506
150582,0.0035380502869884157
150583,0.0005005381939512078
150584,0.0028917501174574685
150585,0.004361265003642562
150586,0.0006727686530326926
150587,0.001137291222789674
150588,0.0005629738400132384
150589,0.0005584756535254416
150590,0.0007886470656937131
150591,0.0004522227161508496
150592,0.0007993578683208723
150593,0.0008909488473918111
150594,0.0006614454823790498
150595,0.0029333374175237095
150596,0.0009397792531147793
150597,0.0008595864654329908
150598,0.0007600789877855894
150599,0.0018774855512167896
150600,0.03003125756249296
150601,0.05895468429289556
150602,0.001305152906115511
150603,0.0008694104584795104
150604,0.024072095844769673
150605,0.0008531670152106619
150606,0.0441535738300407
150607,0.0008672194944573457
150608,0.0007571257722675236
150609,0.001636460158858381
150610,0.0011580243376170416
150611,0.0007994887403937148
150612,0.0031345038714521364
150613,0.0025924682394064223
150614,0.0013744476782811391
150615,0.0008537272440178581
150616,0.03177002485564555
150617,0.0010407133816416265
150618,0.008805730197754626
150619,0.00311110521411059
150620,0.0007068820658974177
150621,0.0005868011249575483
150622,0.0011280734231940447
150623,0.0006129203528252674
150624,0.007633546485275732
150625,0.0029054189218427895
150626,0.02476854423887061
150627,0.0007760577454504622
150628,0.0011425968136429003
150629,0.0007136882054163749
150630,0.0005670192314917322
150631,0.0017034294945905346
150632,0.0025249805219963745
150633,0.0006083481058047956
150634,0.0022844099838785037
150635,0.0004421649052455822
150636,0.0025661326631682005
150637,0.005142534638345243
150638,0.0008417366423273426
150639,0.000885792992689177
150640,0.0006886453757786301
150641,0.0007676109030788042
150642,0.00074668323596724
150643,0.001741316239297894
150644,0.0019775155258786887
150645,0.01921965479419193
150646,0.0012915538822509233
150647,0.0006706741203038183
150648,0.0019514003618558789
150649,0.0012841534785955047
150650,0.00047774056811016995
150651,0.000706396184542958
150652,0.0011408841838992526
150653,0.0011153510082176628
150654,0.0005614381718516355
150655,0.0005634487436187659
150656,0.0006738352417204801
150657,0.0011509725154281016
150658,0.007775630445314103
150659,0.00437655537909133
150660,0.0005524386491692992
150661,0.0006547977095317724
150662,0.00045669586161593557
150663,0.001435131302290585
150664,0.025235865262007547
150665,0.00875630811904959
150666,0.00817709377049885
150667,0.004199891778965731
150668,0.0009704144546045955
150669,0.00046527092298921836
150670,0.006252091597586251
150671,0.0007421423356162274
150672,0.001774115460360584
150673,0.005264790671770688
150674,0.0019494004420791688
150675,0.000832062543768004
150676,0.0006240316099271471
150677,0.0012592655271994415
150678,0.014637708477457344
150679,0.001220733002518912
150680,0.0007269668773689144
150681,0.007218392280688425
150682,0.011681676733294108
150683,0.001760356207429573
150684,0.0020815956445489952
150685,0.0012875129272777932
150686,0.0012240632672866532
150687,0.001262934474603603
150688,0.0006521557874568731
150689,0.0006873362871370988
150690,0.0005371983330652076
150691,0.005034486409447018
150692,0.0008106591085231069
150693,0.0006143800234101711
150694,0.0008465658297954553
150695,0.0029050503068288893
150696,0.0009828475303328265
150697,0.001186162923036458
150698,0.005129683845637113
150699,0.001489864259562506
150700,0.0006524314570240195
150701,0.0028902433335541815
150702,0.000810049604399186
150703,0.0007483358960126661
150704,0.0007621185432328786
150705,0.0018010807175355655
150706,0.009571497133823902
150707,0.0020912154080347783
150708,0.0004324907365698432
150709,0.003952642056632904
150710,0.038883990426477444
150711,0.0007315140509255713
150712,0.0013524746068134808
150713,0.00039323554612351406
150714,0.00046673957137925346
150715,0.0008628823520300275
150716,0.0011610499995718445
150717,0.0005438765204558937
150718,0.0008075943066883112
150719,0.0014757864594011232
150720,0.0005352458610868302
150721,0.0010635699196472098
150722,0.0009806987526160776
150723,0.0008075124082249452
150724,0.0017566061892058476
150725,0.0010495058077744077
150726,0.0014063579731310042
150727,0.0011581857344623837
150728,0.0011914514091866087
150729,0.002017173191006866
150730,0.0007386295032164099
150731,0.0011307987961130398
150732,0.0006594830559550613
150733,0.0005587074173018605
150734,0.0017252403687317542
150735,0.00049998751473816
150736,0.0007060794356424336
150737,0.0013296339672886812
150738,0.0006978555424787481
150739,0.004655131104000522
150740,0.001444633989586301
150741,0.0005289574121406158
150742,0.0018215694321636385
150743,0.015935517814996372
150744,0.0006927236778672255
150745,0.0021507531096607397
150746,0.0018691174476771384
150747,0.0015623408251446125
150748,0.0005414200399413703
150749,0.007648044817310456
150750,0.0011449962687566624
150751,0.01562804481166269
150752,0.0012748109079749098
150753,0.0009962227874141102
150754,0.0006409214964449035
150755,0.007356678324107748
150756,0.0007531847012498834
150757,0.00029362875442422203
150758,0.0028421059476796645
150759,0.0005226522663565243
150760,0.0010367224881177607
150761,0.0025608952999939295
150762,0.0023212327972532798
150763,0.0032511543449742957
150764,0.0027070115148668727
150765,0.0021530640797115183
150766,0.00048107001080716723
150767,0.000876365699620791
150768,0.0006711060095277999
150769,0.0007360375380802509
150770,0.0016781302547940987
150771,0.0008143745606365219
150772,0.005285259868594986
150773,0.0006757525517434999
150774,0.0006842399399150371
150775,0.0010377400172719622
150776,0.003295623397950873
150777,0.000535909237635048
150778,0.0019575654760657143
150779,0.000666467925518104
150780,0.0013987049831478183
150781,0.00042639431722218035
150782,0.005940446924708009
150783,0.0005549187737505777
150784,0.030500390965228226
150785,0.0012604858371527052
150786,0.0005563753240912607
150787,0.001104246074777245
150788,0.0009184078073067417
150789,0.016811343796103287
150790,0.0016021980150179725
150791,0.00065046857227146
150792,0.0008165545050705159
150793,0.0011207582427251697
150794,0.0007437513859357733
150795,0.01345958017150925
150796,0.000569427101229747
150797,0.0007906296154839779
150798,0.0006929954215696988
150799,0.001988792725770911
150800,0.00043598253549147626
150801,0.0017177960760846158
150802,0.0006073967250972423
150803,0.00031965915081244415
150804,0.0010006768584545013
150805,0.0033126574316968854
150806,0.007812253103018665
150807,0.0014124391571928067
150808,0.003203699143766148
150809,0.0012641428461779992
150810,0.0005399118055560512
150811,0.001031140354680797
150812,0.0009522311744944975
150813,0.0009818633095615343
150814,0.000537338474291008
150815,0.00258552824042159
150816,0.01010664777611809
150817,0.0014065333605402242
150818,0.0024383307187127766
150819,0.000651875714619284
150820,0.0017675349296881878
150821,0.0012453241732896868
150822,0.00047002136461548477
150823,0.001172596088878256
150824,0.0005676928840812804
150825,0.0007289024517738673
150826,0.007948396880368282
150827,0.002314460855563143
150828,0.003585098060814427
150829,0.001271807441740217
150830,0.0008102604264917954
150831,0.004166928428839389
150832,0.000710844596533562
150833,0.0013325099400982793
150834,0.001775195128820093
150835,0.002915142249844004
150836,0.04585580556833126
150837,0.0005274350361319131
150838,0.0009739419183822583
150839,0.007032990312950002
150840,0.0006873242185434351
150841,0.0009947121052365717
150842,0.003114154568811584
150843,0.06302174714003277
150844,0.0011314474713075137
150845,0.0004913580642728057
150846,0.0010157616964259705
150847,0.0017821280824276372
150848,0.004158418374906607
150849,0.0015011237458191586
150850,0.0012423182353995164
150851,0.0008834959828904797
150852,0.009279854007538068
150853,0.001557768780450405
150854,0.0014393829000644482
150855,0.0012844709187913791
150856,0.0006757243329288575
150857,0.006945297744318285
150858,0.9717693182568334
150859,0.00070713357941463
150860,0.0009340879425618379
150861,0.003569748864087516
150862,0.013790512330872943
150863,0.001367221130238128
150864,0.0008681563492712478
150865,0.9963772559682892
150866,0.0005515361335654619
150867,0.0005263149765674255
150868,0.0009522044341983738
150869,0.9969817421633573
150870,0.0005387535975522488
150871,0.0012797369756244528
150872,0.0005687040737813147
150873,0.0017216323878083547
150874,0.0009795805884059488
150875,0.0008074832764277694
150876,0.0018237534313757142
150877,0.0032449971665521257
150878,0.0006061555762466219
150879,0.0007664829619054774
150880,0.0006965030904028532
150881,0.0013590747591550297
150882,0.0014107876967584573
150883,0.0020186906064356106
150884,0.006712680668691094
150885,0.0006242659349106314
150886,0.002361407331699027
150887,0.0005446548646761736
150888,0.001254900717957563
150889,0.0008014974102232529
150890,0.0013286699985324336
150891,0.0018124105672761108
150892,0.00653999350482594
150893,0.00045376636689804697
150894,0.0011101558445794262
150895,0.0037105143185470753
150896,0.015414758208558376
150897,0.0012131230762404725
150898,0.0005366980784599958
150899,0.014145107442747475
150900,0.0019548885084409795
150901,0.0025964564169674966
150902,0.004233475876072162
150903,0.9986682461905206
150904,0.008906366249133704
150905,0.010798040348478722
150906,0.00035610217536888116
150907,0.002045257189228343
150908,0.0011752618156053777
150909,0.0006383177787131327
150910,0.0007384883971672738
150911,0.000830739574899996
150912,0.000748623901631999
150913,0.0038553493046999936
150914,0.01578721200782969
150915,0.0004572076882336793
150916,0.0007111802113137131
150917,0.0007812479380088046
150918,0.011620929211300958
150919,0.008458640332436713
150920,0.013198702261101175
150921,0.004130418601185659
150922,0.0007641060090486354
150923,0.001650375027752535
150924,0.0007726196912360103
150925,0.0006648388930563808
150926,0.007432820265170213
150927,0.000907757741230426
150928,0.0025119909922642156
150929,0.0005056842395206856
150930,0.00046777088566011973
150931,0.0007190173380147487
150932,0.9964562344175253
150933,0.0006963100754665116
150934,0.0010507764767883404
150935,0.0019391206617559815
150936,0.0008446816265047783
150937,0.0005168536948086737
150938,0.0007184234473108923
150939,0.005901851270957938
150940,0.001516533938347991
150941,0.0006706861184751217
150942,0.0005806238383631453
150943,0.0005820608525422834
150944,0.0007687978773504261
150945,0.002055931013960961
150946,0.004496245065875195
150947,0.0009765007971218142
150948,0.001636474842444444
150949,0.0029865229613810634
150950,0.0010838548146233568
150951,0.001426916794815815
150952,0.014489019862212228
150953,0.0030774669293484164
150954,0.002929922129629
150955,0.0008295955086612971
150956,0.0013561106608746087
150957,0.0009098209017717658
150958,0.0015251178299887159
150959,0.0010530251419941347
150960,0.0009834612526743304
150961,0.0015269208848646954
150962,0.0006299245173309413
150963,0.000537958644120314
150964,0.0013457329156545408
150965,0.0006382122292037241
150966,0.0005652013074680881
150967,0.0009781554502172297
150968,0.0005672280910614166
150969,0.0036966119074123968
150970,0.0018183469500960515
150971,0.0038760170082129527
150972,0.0009334255682127405
150973,0.0008223491618623267
150974,0.004730933706979942
150975,0.0009965369981957788
150976,0.0018031172369240632
150977,0.000565473498454317
150978,0.0004982905152281744
150979,0.0020020827389718686
150980,0.0038930972239682986
150981,0.013848243498616585
150982,0.009626201999797489
150983,0.000961087943549611
150984,0.0009151781017907746
150985,0.007779255033058745
150986,0.0007697219075477316
150987,0.015231491345321441
150988,0.0015186995488424486
150989,0.0004902536958155943
150990,0.0028703247876458193
150991,0.01948327009036038
150992,0.00308071440715668
150993,0.0021375925256464662
150994,0.0007330126520250165
150995,0.0015045150862427299
150996,0.001581940586344709
150997,0.05250701732507148
150998,0.000559558876767172
150999,0.005490621045850385
151000,0.014671483985214529
151001,0.003935210006564914
151002,0.0029804432220088824
151003,0.000875238014403711
151004,0.0016310363639975192
151005,0.001706736223778716
151006,0.0005300521254913079
151007,0.00039545259930400824
151008,0.0013286480445301651
151009,0.0008076699938908996
151010,0.0009749739799270328
151011,0.0008035824148563734
151012,0.0009091586758000794
151013,0.0003331821378976176
151014,0.0012548534718487673
151015,0.0013569060979948138
151016,0.004129501052745057
151017,0.0018099673686583235
151018,0.0006433436076213898
151019,0.008571292853883842
151020,0.0005947978112628022
151021,0.0007508945368527797
151022,0.00045616690293265707
151023,0.0009756659707805508
151024,0.0016225472073261703
151025,0.0004530406187826941
151026,0.002602359643589943
151027,0.002411678682574417
151028,0.0004386775017159241
151029,0.0005846480504974837
151030,0.0007762347971905067
151031,0.0010957896290083485
151032,0.0029594929955588864
151033,0.006247466526835815
151034,0.002348157123665728
151035,0.0007576736996999496
151036,0.007683176862873036
151037,0.0012273772676732939
151038,0.005738516604549826
151039,0.0017798308158457456
151040,0.0006932623379203907
151041,0.000589442747309929
151042,0.0007697534726322948
151043,0.00037176893824906955
151044,0.005579968929534407
151045,0.006859275563451901
151046,0.0007113615284451635
151047,0.019871702155099705
151048,0.001948523468351995
151049,0.002473622469130263
151050,0.0004966889166589613
151051,0.002848495786310552
151052,0.0004841697289831322
151053,0.0017910108875765919
151054,0.0033979393102668534
151055,0.010298947231572765
151056,0.001501019934626136
151057,0.0006242316119279901
151058,0.0466585464011091
151059,0.0005968643502869526
151060,0.0010155612919765982
151061,0.0005717148366583438
151062,0.0006201782906456663
151063,0.0009354591615556626
151064,0.007013911750660203
151065,0.002736056008522912
151066,0.0005741532109198632
151067,0.0013378589194432524
151068,0.0018259166007951143
151069,0.0008849244750160463
151070,0.0006436406941569687
151071,0.007951247759016853
151072,0.000951450782372829
151073,0.0006244227021945061
151074,0.0013275991908688557
151075,0.0009395787008947995
151076,0.0006125716781697839
151077,0.0006024255626584693
151078,0.0006290038622269045
151079,0.0009046091772622489
151080,0.0025483184288311454
151081,0.0009378665497259667
151082,0.0015105868665531296
151083,0.0012679478315381976
151084,0.0007526576752099056
151085,0.0005938286276317467
151086,0.001536330030066255
151087,0.0007471727913373165
151088,0.00043335909615991756
151089,0.0008832609945737305
151090,0.00040928757171753235
151091,0.0006028295976939281
151092,0.000552464409242596
151093,0.0036705203115221493
151094,0.0005045843364639808
151095,0.00059003061094944
151096,0.0009453942107232793
151097,0.0012143193015429555
151098,0.002094260777595656
151099,0.0007413850240812957
151100,0.0006057654800231573
151101,0.0006733578961804725
151102,0.9961554931815045
151103,0.002383477885516038
151104,0.0004911453018202141
151105,0.0012416281884318888
151106,0.0016944943617443798
151107,0.09550649010394392
151108,0.00041196837848917964
151109,0.0010168021362659447
151110,0.9965688921962395
151111,0.0009888312874931197
151112,0.0005891099084790376
151113,0.007425204881424688
151114,0.0004908713332584343
151115,0.008089684236298189
151116,0.00907865614634632
151117,0.003994271718058034
151118,0.0005234050501686618
151119,0.0006088765094528088
151120,0.003397920000429917
151121,0.0005155414639455032
151122,0.0014980777241049871
151123,0.0024009157043127787
151124,0.005763319913612028
151125,0.0008730120838121059
151126,0.0004427866757801479
151127,0.0007492823283321397
151128,0.0011028560715623864
151129,0.0043977729776622345
151130,0.0005159180265095827
151131,0.0004792626975276195
151132,0.0006853696086804506
151133,0.006890056118402432
151134,0.0006872564292060367
151135,0.0007542438432978063
151136,0.002338625196695452
151137,0.010492583138251495
151138,0.0006461422457981784
151139,0.0004405135631006552
151140,0.018230440657833025
151141,0.0006515444429765469
151142,0.007729181168821893
151143,0.000547204714262128
151144,0.0011191660474648448
151145,0.000736140648902299
151146,0.0032426285106638836
151147,0.001038822985361801
151148,0.0007575859105998105
151149,0.0021014905232094455
151150,0.0011273280134080983
151151,0.0006552530953631068
151152,0.0012722821592713119
151153,0.000566832061185454
151154,0.01925642522077721
151155,0.0007819095848243711
151156,0.0006160266251706744
151157,0.009805869242910274
151158,0.004836839475645938
151159,0.0021919533697546375
151160,0.0018223976222075254
151161,0.0019683314088173587
151162,0.0012565015922721525
151163,0.001201800702125756
151164,0.0060154834081127175
151165,0.0005863619083913982
151166,0.0009987187913238999
151167,0.004995439771669374
151168,0.0076154191347246585
151169,0.0007848690150173013
151170,0.010658612357866009
151171,0.0007567204996079284
151172,0.0013391373267610772
151173,0.0006512000899603762
151174,0.000702421215353538
151175,0.0021868873929678464
151176,0.0009148093542853517
151177,0.0005410893117771006
151178,0.027685837959965855
151179,0.0018069135668221993
151180,0.0041821518398796505
151181,0.0006513022548820908
151182,0.0006619260850387924
151183,0.0010507668190928919
151184,0.00482712033704921
151185,0.0005574101083867803
151186,0.0006535593168512823
151187,0.0006176272709036981
151188,0.00045815730865168705
151189,0.0005573499785436694
151190,0.0019707418078338413
151191,0.0007262025764087433
151192,0.0008303698192050291
151193,0.0006474227770829029
151194,0.002215392761800901
151195,0.0046731227028137205
151196,0.0004632863952936616
151197,0.0006023432439309093
151198,0.004690959405133003
151199,0.0006871751149941146
151200,0.00919767351235285
151201,0.0006567586975874348
151202,0.001301219213671568
151203,0.0005472592036192356
151204,0.001247883097514447
151205,0.006708104614464012
151206,0.0008658553911115702
151207,0.002169519284720284
151208,0.0004575464885208778
151209,0.001447180203209267
151210,0.0012837454483747574
151211,0.0007645978459245291
151212,0.0025864335631971677
151213,0.0006423785233368633
151214,0.001055500131438481
151215,0.0014566216199692712
151216,0.0031597543769283603
151217,0.0003902031572332373
151218,0.000671580869528493
151219,0.002516734154223974
151220,0.005607628543667505
151221,0.009338092151006595
151222,0.00046552216280298665
151223,0.000580132269540112
151224,0.0007794494560419843
151225,0.02230476045217166
151226,0.0006069795163064658
151227,0.0018663684958854796
151228,0.0008185044756745711
151229,0.0009337490550436143
151230,0.006589101245187905
151231,0.0006512296406159958
151232,0.0010112237023985932
151233,0.004641409958742184
151234,0.010826663011430534
151235,0.0005448256576009777
151236,0.01617382803594382
151237,0.0020233989277382517
151238,0.0006981694719350143
151239,0.0004137672287442448
151240,0.00037309576384564455
151241,0.008895121606892584
151242,0.0006606353850538735
151243,0.0007836725114797347
151244,0.0005685626085659355
151245,0.004066018761008119
151246,0.0003884788250162918
151247,0.0008599871622724431
151248,0.000659446190804059
151249,0.000558864003774355
151250,0.00939033621633781
151251,0.003377507845425945
151252,0.004969444853803648
151253,0.0009484237570524843
151254,0.003999980198148229
151255,0.000981578908047515
151256,0.0020602811425764252
151257,0.0012514928602553146
151258,0.9984395012012609
151259,0.00173244366246661
151260,0.0023591434879879445
151261,0.0007931554412212844
151262,0.0009920247459040937
151263,0.0011579749316838219
151264,0.0005387191823233452
151265,0.006474400250331774
151266,0.005755293192512119
151267,0.0008429128935884735
151268,0.0011074069554583587
151269,0.003187203240229192
151270,0.0006390582005289175
151271,0.025218337848684522
151272,0.002169665026575879
151273,0.001135975382797422
151274,0.001966082356143494
151275,0.0012151439804098402
151276,0.0037242248243433947
151277,0.0009974110063380689
151278,0.0010596806715372769
151279,0.000524823117858133
151280,0.0013319381002412833
151281,0.0006470306919758902
151282,0.002029401543879617
151283,0.0004459166413027753
151284,0.9988434005408442
151285,0.0006688841163474804
151286,0.0008586419391196235
151287,0.044388269519190234
151288,0.009231878022787736
151289,0.9927447065341619
151290,0.0005039057810106005
151291,0.0004692949936888896
151292,0.0005230271857463529
151293,0.0015091444491246385
151294,0.001250992280072436
151295,0.01017471051372731
151296,0.0054706888506544215
151297,0.00136426177231894
151298,0.0017343086758052073
151299,0.0009837244919941243
151300,0.0004731414333375984
151301,0.20394212455363267
151302,0.008097009235296408
151303,0.0004583499584737676
151304,0.0019616451059116273
151305,0.0006719295360838081
151306,0.0031585231764103437
151307,0.0008154654561825594
151308,0.001596422913413628
151309,0.0009535653854530778
151310,0.008190132828000077
151311,0.0011181735259761546
151312,0.0038698220182508862
151313,0.0005545592339920872
151314,0.0009202451720623248
151315,0.0005358221647114446
151316,0.000726665568128378
151317,0.002348749948612226
151318,0.0006726913665949306
151319,0.0006219824017933372
151320,0.9742384504869197
151321,0.0015926492498891285
151322,0.013613876650908926
151323,0.9972196540744589
151324,0.0009885659307313007
151325,0.12033344085218778
151326,0.00047589520867490445
151327,0.9950330818683295
151328,0.0006711967305669745
151329,0.0007948569335401896
151330,0.996766025237365
151331,0.0005909379695231877
151332,0.0008337108530714617
151333,0.0008660043326157873
151334,0.0006877102461946517
151335,0.0005613151985529149
151336,0.004490444031487262
151337,0.0008097472208274507
151338,0.0006959044380624788
151339,0.000639984039544433
151340,0.0007319506142736741
151341,0.0019793955263117755
151342,0.0016450163977890573
151343,0.000559794246688919
151344,0.0008300375748364647
151345,0.0005109009087578993
151346,0.0006068887398114071
151347,0.0008499772056225391
151348,0.000513392176337596
151349,0.03141145785363661
151350,0.0022010482156982905
151351,0.002145705795628966
151352,0.0007227352861056499
151353,0.0005079834204665187
151354,0.000902728139738854
151355,0.002111349933223941
151356,0.006520324379642582
151357,0.0004981732626277835
151358,0.0006396283133705331
151359,0.2600935539354635
151360,0.0010562734472560169
151361,0.0034333129704406887
151362,0.0011173689348418195
151363,0.0020210408706666937
151364,0.0025320979322985895
151365,0.000553718239404987
151366,0.01085118319915987
151367,0.0016855031389868985
151368,0.0009372810322380259
151369,0.0015228000675239816
151370,0.0007611383140091174
151371,0.0006177822703576543
151372,0.0008723513941226086
151373,0.0006940955009663628
151374,0.0005727961640189009
151375,0.000256158010713382
151376,0.00041346656187120145
151377,0.001874857809856194
151378,0.0026449754082671787
151379,0.005823540330787055
151380,0.0008451445294235313
151381,0.000649577527970056
151382,0.0008655677237360713
151383,0.03202290330387633
151384,0.0006583157016741572
151385,0.000496636677204567
151386,0.0022346304922342356
151387,0.0005917800662439688
151388,0.008546732446589895
151389,0.0006260636065236719
151390,0.010733675839731373
151391,0.004515701482653257
151392,0.004377409294835358
151393,0.0005917616083244803
151394,0.0006476892970057877
151395,0.00341666431899407
151396,0.0017942581430611215
151397,0.0003239133178734317
151398,0.0014010049555471587
151399,0.0064610890936118645
151400,0.0005466776251028408
151401,0.0044280579311280705
151402,0.010977330264760051
151403,0.0004866487598883514
151404,0.0008125985075844772
151405,0.0014912868517682545
151406,0.0005847078514177309
151407,0.000345680273319345
151408,0.003589326474556966
151409,0.0011905153860059842
151410,0.0004992483712708481
151411,0.0005053395169784626
151412,0.0005760503754149926
151413,0.00409419311654363
151414,0.0005148888838619397
151415,0.000574391712393203
151416,0.008057732188616256
151417,0.0006531474303325825
151418,0.005157120306772193
151419,0.0007455879349540034
151420,0.0009526553893118789
151421,0.007323274071881812
151422,0.0006748460699311395
151423,0.002094958693210922
151424,0.0014598596864212087
151425,0.0008292481083606296
151426,0.0007300468715516588
151427,0.00036854853836951635
151428,0.02553503543746664
151429,0.003826285737404926
151430,0.0007118832785713168
151431,0.00045605793470529553
151432,0.0014109585611780237
151433,0.0007793732790378181
151434,0.05190544939582003
151435,0.015864485556859844
151436,0.000585234582647743
151437,0.019893552714815403
151438,0.030557960555379328
151439,0.0007093914766687836
151440,0.0010865670487569142
151441,0.0006303838752315222
151442,0.0012488495352503317
151443,0.0005311568254435149
151444,0.0010100675299730736
151445,0.0007075563361866934
151446,0.000784859406027319
151447,0.0005649466359991621
151448,0.0006594961024003784
151449,0.0006236379096020947
151450,0.0005607708486121599
151451,0.0006827645397927488
151452,0.0006069107934303826
151453,0.0010781012681847831
151454,0.0020285998483387324
151455,0.0005854064688062887
151456,0.0005851373091004427
151457,0.010372560742507642
151458,0.0005310306558912806
151459,0.0008264058948391484
151460,0.0005190818910899114
151461,0.975456708522225
151462,0.02203210136911422
151463,0.0005674120338033495
151464,0.0009541919909166239
151465,0.00043688325839039556
151466,0.004948170950499979
151467,0.0007896226482057406
151468,0.0007091588517994759
151469,0.0003253764169899593
151470,0.0015880944687303045
151471,0.0012243616827343551
151472,0.0009453106715375254
151473,0.0008692698155233207
151474,0.0006398009307544187
151475,0.0005287729149387932
151476,0.005127213201081314
151477,0.017319385558504416
151478,0.0012656211961378215
151479,0.0062115250507839975
151480,0.004624821130215177
151481,0.0010706890178314161
151482,0.0007301314768637571
151483,0.0005343394423907012
151484,0.0011977353704717532
151485,0.002093350666447352
151486,0.03883164310838711
151487,0.0009250448173751468
151488,0.0006706153093915979
151489,0.0008973165547437737
151490,0.006128586996966452
151491,0.000596729551261768
151492,0.0018058151242852244
151493,0.0006559921017574039
151494,0.003924127747989358
151495,0.0008176651744348077
151496,0.09548821259895827
151497,0.0005240793457822196
151498,0.004953002581439629
151499,0.0004993148815177789
151500,0.0008414650380074115
151501,0.008261819701485533
151502,0.0007172252530769212
151503,0.002373108948354699
151504,0.0017007550066349079
151505,0.0006031091990919919
151506,0.00032486966002402636
151507,0.0008161070601357507
151508,0.000609148446552465
151509,0.0004724327255720427
151510,0.000701890278909151
151511,0.0005113514465730992
151512,0.010487146329236769
151513,0.0007544453740102211
151514,0.0014628243298222769
151515,0.0006080337132347402
151516,0.0021632041783076314
151517,0.001123733684986674
151518,0.0017734137789275867
151519,0.007154905230285692
151520,0.0006525718994797344
151521,0.0005190208413758683
151522,0.006388655173777515
151523,0.0004741171979886545
151524,0.0025467471114072006
151525,0.0012060388317609778
151526,0.001155211397635498
151527,0.00047309028719138527
151528,0.0014329087520528055
151529,0.004800760681956133
151530,0.0008670587419783364
151531,0.0032893228482211703
151532,0.0033447111539623062
151533,0.0008830826724142578
151534,0.000524353379489924
151535,0.0007200705878596638
151536,0.0009446529733854897
151537,0.007045974404538351
151538,0.016518163942449527
151539,0.0005713439764317857
151540,0.002189233011227412
151541,0.0008324563385427921
151542,0.0009530237242263652
151543,0.0018257248924445618
151544,0.0013183517945627873
151545,0.005483926505110488
151546,0.0007027948767867457
151547,0.004016635012358837
151548,0.0004408439660900758
151549,0.0004964388537109258
151550,0.0009238156356416486
151551,0.19525996796965595
151552,0.001700861749099312
151553,0.0006087337216046376
151554,0.01435318743803859
151555,0.0005465262621451862
151556,0.004054127505414893
151557,0.00791595717768098
151558,0.007081180479354487
151559,0.014146281719758007
151560,0.0005341668641642837
151561,0.0006847153184398952
151562,0.008012124257031706
151563,0.0011338702346000479
151564,0.0016339132902704
151565,0.001326922860756725
151566,0.0006226507035404179
151567,0.0006393592020776972
151568,0.0006545908033175024
151569,0.0015012299791902135
151570,0.1069984880556683
151571,0.009266391669290462
151572,0.0031546443324484185
151573,0.0009052553407421942
151574,0.0012906689273100786
151575,0.009869595608630096
151576,0.0005847265545506022
151577,0.0009055450683926251
151578,0.0011185282501772825
151579,0.0005116319036432183
151580,0.0006146025087840197
151581,0.0006022396429391774
151582,0.003530348909057968
151583,0.0012153876793221537
151584,0.0006914533133327165
151585,0.0009871905878173334
151586,0.0005260347792364673
151587,0.0019809047061173854
151588,0.0007164342008395019
151589,0.0013394866371894665
151590,0.0006751268907772091
151591,0.015444970403713489
151592,0.0009845497087220218
151593,0.0022155057979325373
151594,0.003287891218661337
151595,0.006954088765070672
151596,0.011469966174991686
151597,0.006591319780066281
151598,0.0006172415469869287
151599,0.002374010069713046
151600,0.0005509720210154529
151601,0.0010066067671989432
151602,0.0022052788070073357
151603,0.004760755669211187
151604,0.0008507090166805747
151605,0.0013732146253860101
151606,0.013357500669191233
151607,0.0008027300586725787
151608,0.0006282564184338759
151609,0.006230794167911943
151610,0.0018338745210856027
151611,0.0011658117297097784
151612,0.0007843816301183909
151613,0.0007307797968651167
151614,0.0018898351335340392
151615,0.005071064711477537
151616,0.0005152374762605371
151617,0.000610060154265074
151618,0.0011752405210780814
151619,0.00047244331697716404
151620,0.0007831529867523303
151621,0.0004865965297647796
151622,0.0304974538387996
151623,0.0023440651623496253
151624,0.001390063791226602
151625,0.00039425570105519294
151626,0.0006063303799296641
151627,0.012405209104349744
151628,0.004738248475646299
151629,0.0007107941827139942
151630,0.01882313517818103
151631,0.0062088995721308726
151632,0.0020559471945712773
151633,0.002390891388999561
151634,0.0012309125126095627
151635,0.005394034320115234
151636,0.0005607533071881525
151637,0.0006193683513515023
151638,0.06700288156600148
151639,0.0007847895073673619
151640,0.00039456550422776017
151641,0.0005820368332639845
151642,0.0007024959066914005
151643,0.0009445681583558007
151644,0.0014974077305797964
151645,0.0018169824109086027
151646,0.0006571088942976052
151647,0.000962095784668872
151648,0.0020144388478399644
151649,0.996874355862864
151650,0.002495710615495801
151651,0.2116698036635861
151652,0.0011259819489691544
151653,0.0006910457453266701
151654,0.0010406507785312713
151655,0.0034807658638894637
151656,0.0008546728877975952
151657,0.0005566529080149804
151658,0.0013791956769706856
151659,0.0014894906293874684
151660,0.0017664724273800086
151661,0.0006794168008697388
151662,0.0008904900629253443
151663,0.0005527092240683634
151664,0.00352672169934277
151665,0.006962005123393818
151666,0.0006233720325572079
151667,0.000783265016555016
151668,0.0009579320062627812
151669,0.0016738706887012996
151670,0.0015505672174032923
151671,0.005163553482227433
151672,0.0004521771395389893
151673,0.002725574976874416
151674,0.0008812818707386926
151675,0.0019781151864124965
151676,0.003608429775895613
151677,0.0007336225370940565
151678,0.0008097473946455957
151679,0.0021793730662665644
151680,0.0005830393480565203
151681,0.000965764830488407
151682,0.0008513395430347916
151683,0.0007183972368637633
151684,0.2009323147251929
151685,0.0006929941404971642
151686,0.0005856473337635467
151687,0.0018051865768379475
151688,0.0005766359760193581
151689,0.0065217564195867396
151690,0.0008125685092788711
151691,0.013108366694792177
151692,0.0014478944168212432
151693,0.009279239683642668
151694,0.00046144573644265496
151695,0.0013529308666182945
151696,0.0012997944793493783
151697,0.00081611259832905
151698,0.0014686368261123122
151699,0.0008202993548649289
151700,0.0006374084583558416
151701,0.0005746564339359552
151702,0.003151948079089117
151703,0.0006016796604028852
151704,0.0007252155643313692
151705,0.0007924188945081458
151706,0.0012309125126095627
151707,0.0005763191157295842
151708,0.0009765496203038396
151709,0.0009153260997306087
151710,0.00161777088152436
151711,0.003955170758796709
151712,0.0024549524142229847
151713,0.00568762361481254
151714,0.0028619506973074213
151715,0.0020321342211934022
151716,0.0007751392463889005
151717,0.3277721940887203
151718,0.0006768683324932111
151719,0.002994904170102603
151720,0.005338764022102752
151721,0.0013952336042353046
151722,0.004157515503246163
151723,0.0014940139738324216
151724,0.0011546073590633639
151725,0.0005683878789533348
151726,0.018079655197139922
151727,0.005221631489515101
151728,0.0011370329109155065
151729,0.00319489545323257
151730,0.0008260599541051215
151731,0.0005418259058389604
151732,0.003455322127987279
151733,0.0009991445874856118
151734,0.0007668809411891327
151735,0.002074883217163105
151736,0.9963653153234431
151737,0.0005977865097322006
151738,0.001374040636534211
151739,0.0005209386846989112
151740,0.0012784979192578148
151741,0.001315111367915184
151742,0.0014087764932255746
151743,0.0005801926400434183
151744,0.0006153862024339986
151745,0.0012764422284959145
151746,0.0006764256035186566
151747,0.0011490584676502043
151748,0.001398415442597206
151749,0.0015112647171203147
151750,0.0008127561675559329
151751,0.0015223544292805539
151752,0.0007894026149155994
151753,0.0015693381738550035
151754,0.0009706302007313344
151755,0.0020950431503567726
151756,0.0032048043666614355
151757,0.0027212539540509974
151758,0.0017127780719763362
151759,0.0009025600176980446
151760,0.9956102948550566
151761,0.000607606277406621
151762,0.0006331066329080716
151763,0.0021485240119536305
151764,0.0007444458295808927
151765,0.005428063926623251
151766,0.0008167241084326071
151767,0.00842474789456831
151768,0.0006364818136435201
151769,0.0029739183252337122
151770,0.0005959021870567393
151771,0.002848839965870412
151772,0.0008937434373677839
151773,0.0004498144201980635
151774,0.0017370650273003576
151775,0.001644628239848467
151776,0.0006570676134052352
151777,0.0008055232719421813
151778,0.0010109571626687039
151779,0.0007309020546549446
151780,0.0020060093362124693
151781,0.0007532312269979934
151782,0.0006856200468406659
151783,0.0073861959318176525
151784,0.00041546864744650743
151785,0.0010726701817275583
151786,0.0012194016134642132
151787,0.0008097788262806433
151788,0.0012631734954332134
151789,0.009272502830258697
151790,0.0031434106772993712
151791,0.0013982574474961733
151792,0.0015577403365932422
151793,0.0025819364905537556
151794,0.006079226555872941
151795,0.002767868307172478
151796,0.0016629459981814337
151797,0.0016335015534200562
151798,0.005995294482360198
151799,0.0009831680800708807
151800,0.00047262105124114886
151801,0.0016850143187452113
151802,0.0010399408166266526
151803,0.0007786966259246146
151804,0.0011853721581704469
151805,0.0005628865795516602
151806,0.0020687834273558654
151807,0.002685783471217974
151808,0.002726581185848691
151809,0.000470869241683924
151810,0.0006479639694836098
151811,0.0026331059531913776
151812,0.00045485533568249774
151813,0.0006572826526841334
151814,0.0013114530737768331
151815,0.0005444620797676875
151816,0.0007078191866988614
151817,0.0011445860792897295
151818,0.0005393741624639262
151819,0.006193512607967756
151820,0.0004876111151212565
151821,0.0005640525623630342
151822,0.0009340432811128365
151823,0.0007049170035737591
151824,0.00446367105098491
151825,0.0005447863832335568
151826,0.0006057483949169666
151827,0.0008210677768007328
151828,0.0022874712630387055
151829,0.0006919154289462284
151830,0.0004975008346949445
151831,0.001814424013997299
151832,0.0008363389413689566
151833,0.01119564089510677
151834,0.000618100386573414
151835,0.0005329712995046386
151836,0.0009987341350203086
151837,0.00036171682780938174
151838,0.0007831893741679236
151839,0.001058873814459483
151840,0.014884476230003028
151841,0.005166259517020825
151842,0.001748399841611388
151843,0.00042847138393568276
151844,0.0006967409856739376
151845,0.004088283523853372
151846,0.0009354502807889748
151847,0.0009008223430556348
151848,0.0004599104086446144
151849,0.000637282432565198
151850,0.0008751834313535686
151851,0.0010976718472033504
151852,0.0007122572248802028
151853,0.0010892947172112038
151854,0.0051034273761522975
151855,0.001045747921762371
151856,0.0005909769430482996
151857,0.0006668984223525392
151858,0.0013458892741567284
151859,0.0002883249019000891
151860,0.003338609726108265
151861,0.0011779227680067841
151862,0.00966213522022558
151863,0.0006469085870549189
151864,0.0005730468648755288
151865,0.0006429290645890498
151866,0.000512263436576524
151867,0.0005448422344423285
151868,0.0007009094422310367
151869,0.004049405790031881
151870,0.0007023214062418954
151871,0.013158294760883508
151872,0.001347009119005419
151873,0.007921977195015379
151874,0.0004769038119290035
151875,0.0008436018860107687
151876,0.004446005971158049
151877,0.0008903199213133857
151878,0.0038993259501282442
151879,0.0008346057534421006
151880,0.000529292371565959
151881,0.06624949962446415
151882,0.0018548042919263193
151883,0.001104580764065788
151884,0.005671215913862781
151885,0.008624237176293282
151886,0.000564821669519703
151887,0.0005413164120262638
151888,0.0008249150082662649
151889,0.0011684113671965337
151890,0.0027093391216681745
151891,0.008046935026717978
151892,0.0008086678344050521
151893,0.005631095013438524
151894,0.001225288510385316
151895,0.0018017919778062015
151896,0.00031026920478496156
151897,0.0009584346089589861
151898,0.0022125667849972165
151899,0.002856354751291928
151900,0.0005534534021480252
151901,0.0018480078705458798
151902,0.007558946057862579
151903,0.0010950945361898642
151904,0.0004735460430537458
151905,0.005531579782155182
151906,0.004231209596082923
151907,0.0005951903031434576
151908,0.001099918421666251
151909,0.00325858961889979
151910,0.0037317999528090123
151911,0.4589667995271909
151912,0.0008627036778309503
151913,0.0012816165314872424
151914,0.0009707682028664004
151915,0.0004927884203700281
151916,0.0007438643456705435
151917,0.0007990669340421166
151918,0.004304151713877894
151919,0.0013536901860587368
151920,0.0023441977507510994
151921,0.0005414556436528927
151922,0.001121628344022939
151923,0.0005568369064914478
151924,0.0006682598157566851
151925,0.008277540461458597
151926,0.0034394001560362265
151927,0.007532829564812858
151928,0.0006616353595101383
151929,0.0010655087057083825
151930,0.0010228257627952705
151931,0.9877771898653882
151932,0.0015285576641007894
151933,0.0009470161197388568
151934,0.0006037014352106714
151935,0.00827189069025646
151936,0.0005612777436092694
151937,0.0016171436488413963
151938,0.0006691867940697446
151939,0.0006178668950987742
151940,0.0006779658781413175
151941,0.0006881206498013091
151942,0.0012259357386120062
151943,0.030560260067790272
151944,0.0006127527274261244
151945,0.0011186122991265113
151946,0.0005901930125056929
151947,0.0007009582933632918
151948,0.000572343793970616
151949,0.0007731305637782143
151950,0.0007954855787344407
151951,0.0008155677311930914
151952,0.004489573546591689
151953,0.0008646806627644913
151954,0.001312095511785462
151955,0.0014868420618536935
151956,0.0008118250173260696
151957,0.0005897334695151394
151958,0.0005158740117089495
151959,0.004447045526648968
151960,0.001022765094793481
151961,0.0008277988489618288
151962,0.008969126730866039
151963,0.0016749802823202739
151964,0.0007120055375613363
151965,0.0008520109071684733
151966,0.0006085585899280224
151967,0.000981462797073593
151968,0.0005526280125497118
151969,0.0008586892117496889
151970,0.0015821817684407839
151971,0.0005706079039087395
151972,0.01035958982729263
151973,0.0005359280667188523
151974,0.008961513954223763
151975,0.0010082661513484744
151976,0.0014115618751073726
151977,0.0007409326067267521
151978,0.0007795982817795634
151979,0.0015045674371215335
151980,0.000917422432466638
151981,0.0009588825696016153
151982,0.000399041630749451
151983,0.0009514680800338014
151984,0.0009967106252991163
151985,0.000663148973478148
151986,0.0005094141684771652
151987,0.000772331442274216
151988,0.001174191286842857
151989,0.001013982721792859
151990,0.1099401098180198
151991,0.0007995258875902976
151992,0.0008161878335447589
151993,0.012029916840922611
151994,0.0006972531736022336
151995,0.007530335254796076
151996,0.0009400534642233071
151997,0.0005772843002509024
151998,0.004983829589665654
151999,0.000638180129816817
152000,0.0005799414354606628
152001,0.004304721897244947
152002,0.0009887807653272426
152003,0.0009291104723732602
152004,0.0006454896089824355
152005,0.0011407550937919458
152006,0.0031407969042874457
152007,0.005464435191669126
152008,0.0006816771878891905
152009,0.0006559079187968104
152010,0.0010209034068650784
152011,0.0007396849900564498
152012,0.0024629656426497816
152013,0.0011490320734657692
152014,0.00040780154936742065
152015,0.0007897664939820377
152016,0.0039028083455875323
152017,0.009523482273031628
152018,0.010133646778148238
152019,0.0009144690692028034
152020,0.00115427394273422
152021,0.0007209426382656613
152022,0.0006275598848137518
152023,0.0006454574205297473
152024,0.010431210335972687
152025,0.0008094939424519456
152026,0.0019508723351092717
152027,0.0008041369576517997
152028,0.019028120188491773
152029,0.0008198895696659597
152030,0.0007241628060906068
152031,0.0010165688625884007
152032,0.0007590205152105643
152033,0.010210891485351592
152034,0.0013878884623671562
152035,0.0007641242544536355
152036,0.0005557666381820382
152037,0.0005327028061754306
152038,0.0004938416197652771
152039,0.0005734144016764199
152040,0.0009621097886454556
152041,0.0004622770225828179
152042,0.007412040401987052
152043,0.013335134618022857
152044,0.0012465556270340652
152045,0.0007594312626304572
152046,0.0027148613942756606
152047,0.0005445391449877486
152048,0.0009454081741701261
152049,0.002822592091493219
152050,0.0021560288779168173
152051,0.0007200721823123488
152052,0.001010491042328609
152053,0.005401403437967992
152054,0.005004522604526234
152055,0.002892610243663492
152056,0.0005793413172595194
152057,0.00042059346063609885
152058,0.008699040337359942
152059,0.0019008552262652356
152060,0.0016585653739155835
152061,0.0004894682296491236
152062,0.0007705206269633156
152063,0.0008330312534399381
152064,0.0005129314879692831
152065,0.0004327363055345278
152066,0.0014320150283220212
152067,0.0003085913258050091
152068,0.004600892578985124
152069,0.003808211552897722
152070,0.0023182950021146107
152071,0.0003659551254204075
152072,0.0006455527290165442
152073,0.02792588410318096
152074,0.000823571151726744
152075,0.0033174320452069393
152076,0.002237991755895655
152077,0.000725518668397853
152078,0.011361459938568734
152079,0.002056044766476691
152080,0.0007223657297718242
152081,0.0009845795067817563
152082,0.0021374856967136856
152083,0.0062332820098494595
152084,0.000484857430261804
152085,0.002024566158863297
152086,0.001684760721926643
152087,0.0005971124525469963
152088,0.0064833522356789585
152089,0.01113579345974329
152090,0.0160756224098747
152091,0.0016389008255529689
152092,0.0008389452415905321
152093,0.0003281445668157678
152094,0.0011075387431981702
152095,0.0004921157033530243
152096,0.003970874911851975
152097,0.0007332302053573694
152098,0.0011945804727430827
152099,0.0013247284085452418
152100,0.000627606074270327
152101,0.008066929000326926
152102,0.004776491583855653
152103,0.008859847048148704
152104,0.0008693055176453995
152105,0.0017340967138172484
152106,0.0020663085283488076
152107,0.0006601962762753798
152108,0.0005441625256330502
152109,0.00039702521949892225
152110,0.0034214949600363436
152111,0.0014563840501976527
152112,0.0017265484868694433
152113,0.000784018478103241
152114,0.0005965434085295783
152115,0.0010223144555924946
152116,0.0008336623117815899
152117,0.000830196963077506
152118,0.004014920297538612
152119,0.002123401188959398
152120,0.000669817955457983
152121,0.0005377185315441957
152122,0.0013727593740443431
152123,0.0013533683180775027
152124,0.0034115451585176337
152125,0.0007280935402955193
152126,0.0022054267463618243
152127,0.0003633177028934343
152128,0.000589870052834057
152129,0.005033435282065697
152130,0.0009242687107845133
152131,0.0006961627690978166
152132,0.0009077227707558146
152133,0.004865375144243543
152134,0.007506467247158054
152135,0.9526100461700847
152136,0.009094474585036278
152137,0.0029889014513667994
152138,0.001452733149168477
152139,0.0006954217109413686
152140,0.0033432937269597266
152141,0.001498437433277888
152142,0.000542249552709298
152143,0.0022366069399245908
152144,0.0023434907714083844
152145,0.0006348003743961205
152146,0.0026157889376317977
152147,0.005381001442404164
152148,0.0006139589178159691
152149,0.000761941320097551
152150,0.0008602580147966186
152151,0.0021060491181665547
152152,0.001789039570613202
152153,0.00282392142759559
152154,0.0007100408594305752
152155,0.0006644564098501008
152156,0.0007561337945903965
152157,0.0018266761220542141
152158,0.00048555179650553923
152159,0.9951284687889421
152160,0.0030950789572412193
152161,0.0006849196960940891
152162,0.0010410015600529072
152163,0.010602999038869979
152164,0.0006590297274883957
152165,0.0007528241198809038
152166,0.005377876299468029
152167,0.004120538483023992
152168,0.0006586790836472663
152169,0.0004991039594987627
152170,0.0060942909563283
152171,0.0005921528416400413
152172,0.0016884970811858711
152173,0.0013570589628617473
152174,0.0023939404379892913
152175,0.00480426920724485
152176,0.003776192136997419
152177,0.001701689636504916
152178,0.010668559450408373
152179,0.0006807215312739383
152180,0.001554922996064829
152181,0.0012912909663103118
152182,0.0005497562328996286
152183,0.001797574845248753
152184,0.01864208551507214
152185,0.00044938132574709184
152186,0.0006611047273648286
152187,0.0010457735997011469
152188,0.0009876079064762041
152189,0.0017279875762846618
152190,0.0005195341794076838
152191,0.011345392642842365
152192,0.0007196470970990982
152193,0.0065395551805822166
152194,0.00045355623105650773
152195,0.024715224393135747
152196,0.0015362674559720616
152197,0.0006756807079944709
152198,0.0014066867032953507
152199,0.0011761727828744322
152200,0.0006169699596537213
152201,0.004317578277952434
152202,0.0006077528606489826
152203,0.005874060170597396
152204,0.007387800649993258
152205,0.0006647999608641434
152206,0.0005451029214316071
152207,0.0007883976028200145
152208,0.0015741553270861206
152209,0.000969582325121306
152210,0.0007742775875443491
152211,0.002280256107028541
152212,0.0010806229483135955
152213,0.0011723312323243039
152214,0.0017562825410079985
152215,0.00046697570327841717
152216,0.0005260932469810554
152217,0.01630801019179587
152218,0.0032240167214264716
152219,0.0030602167207073143
152220,0.0006477891133378487
152221,0.0043070734109658775
152222,0.0008223361480376482
152223,0.00285914395665634
152224,0.0037197212748704966
152225,0.0026810439600324365
152226,0.013015115707462298
152227,0.0010789518095049044
152228,0.009370427060540195
152229,0.0005120785194953213
152230,0.0007440682005307179
152231,0.002404547362402259
152232,0.0004885188017729324
152233,0.0013887058127611466
152234,0.0007424722895893415
152235,0.002146472034712606
152236,0.0005518402728334009
152237,0.0023969866432769884
152238,0.0006005528399644492
152239,0.000879376111838462
152240,0.0008935837714056495
152241,0.0007217484691295233
152242,0.007722319508813034
152243,0.0012460793935228076
152244,0.001266879346346034
152245,0.0005290359244158712
152246,0.0021299922859692503
152247,0.000895251962951981
152248,0.0007309748494940355
152249,0.0021193202441916873
152250,0.000674012055150568
152251,0.00105089427281994
152252,0.0020358374487302825
152253,0.003113715726567089
152254,0.0004340300868666462
152255,0.000830288220998244
152256,0.0020092711290921445
152257,0.000592732281790035
152258,0.000513412175882344
152259,0.0006787633203757565
152260,0.0034400363844564446
152261,0.0038573773034672075
152262,0.001465339202885563
152263,0.0006026310627967771
152264,0.0007243322200976884
152265,0.0008865538081818272
152266,0.0005895053208811981
152267,0.001158434240031367
152268,0.005298533142545592
152269,0.0015081247173092671
152270,0.0010736900566871471
152271,0.002920153868043958
152272,0.0017857058751718602
152273,0.00491224994134981
152274,0.0005744569665561437
152275,0.0012682122185572727
152276,0.0005367628386308576
152277,0.0016378481063489031
152278,0.000547330151196483
152279,0.00040938823934394625
152280,0.002284931769847861
152281,0.0008934205588394813
152282,0.0017861336252208916
152283,0.0010338434555156946
152284,0.003780171134685591
152285,0.0006849969693230178
152286,0.0060442665183638306
152287,0.0005962431662715578
152288,0.00046363424058463336
152289,0.03721748192799079
152290,0.0004967904926135546
152291,0.0011174175978065368
152292,0.00387747385676089
152293,0.0034268854739658637
152294,0.002759958134413895
152295,0.0006862401467845638
152296,0.003882907577104423
152297,0.004861616713773396
152298,0.0006439159488195738
152299,0.0005715346238016676
152300,0.0004565052793054454
152301,0.006876551993203449
152302,0.004829704760654119
152303,0.0009050617459493509
152304,0.0014775567124363505
152305,0.0004955460980307245
152306,0.000627799995908709
152307,0.0011501517229304762
152308,0.0031810288854801612
152309,0.0015193131711614349
152310,0.0025364748419552372
152311,0.0004800035816939343
152312,0.0006925917341651871
152313,0.0008400427347488211
152314,0.9950386171887236
152315,0.007752760630594196
152316,0.006864655635024764
152317,0.0003280386527389578
152318,0.001138051245682903
152319,0.00048428304005483094
152320,0.007513487393821369
152321,0.0007203511653576189
152322,0.0017386657370795932
152323,0.00406842130329164
152324,0.0009808387510405587
152325,0.00055934053054443
152326,0.0013617952442982358
152327,0.0005669236500965315
152328,0.0008125170956294303
152329,0.004933714541118516
152330,0.0006609755142995978
152331,0.0010203148817810358
152332,0.0006133387989550134
152333,0.001595518002328631
152334,0.007660449585117861
152335,0.04145704002537431
152336,0.0008844451763738645
152337,0.015099982942369746
152338,0.0005061040095293532
152339,0.000921368812873835
152340,0.0005304809029160546
152341,0.0013831967500412693
152342,0.011642042670114776
152343,0.005752876445732167
152344,0.0006675154149746748
152345,0.0006250104251601118
152346,0.003837936640841752
152347,0.0007045050307829758
152348,0.002109736174115904
152349,0.00203327429815503
152350,0.0014224494649481862
152351,0.005599898162441892
152352,0.002032531242884116
152353,0.004888774451116971
152354,0.0038957349511298802
152355,0.0036748386510059247
152356,0.0009414024546787849
152357,0.0019615861153831488
152358,0.006183706525813245
152359,0.002093153546543668
152360,0.002336950435947433
152361,0.0033690950174162047
152362,0.0009812678865248926
152363,0.0011536825771473885
152364,0.001644039072634648
152365,0.0006318192630195333
152366,0.001264349336448269
152367,0.0006579175041973262
152368,0.0007677637352994106
152369,0.000591531017860285
152370,0.002936958037870487
152371,0.0012333286009510941
152372,0.0007188144535322735
152373,0.0003384562743314051
152374,0.0006525243816409858
152375,0.002791944816280132
152376,0.0015495296271110953
152377,0.0008901605394842297
152378,0.06366781436599114
152379,0.0026674013259792646
152380,0.007856359097253575
152381,0.0005532692896728523
152382,0.0005119596934523825
152383,0.000960729909768697
152384,0.0008064118000582035
152385,0.003643305191830752
152386,0.006476001380250908
152387,0.00451035156681481
152388,0.0009849534747767748
152389,0.0014976724296188121
152390,0.006761566919007585
152391,0.00039616876680034026
152392,0.0006708728755913299
152393,0.0007065294754418142
152394,0.01862814737782592
152395,0.0038548580982175123
152396,0.004400523702388723
152397,0.00047661044441145553
152398,0.0006094896861724988
152399,0.0009153414760360133
152400,0.009897197219540778
152401,0.0005595576228266641
152402,0.03842998432816879
152403,0.0006541889406485614
152404,0.0027567945792917447
152405,0.000986146750005946
152406,0.9949144276637625
152407,0.0010742295080041768
152408,0.001020043126068961
152409,0.009743032099428652
152410,0.0003721756400428434
152411,0.0011528783889495485
152412,0.02425907006439299
152413,0.0011443896927405852
152414,0.0004873128033342232
152415,0.0005574336532526235
152416,0.0006047280402497224
152417,0.0035704195247175303
152418,0.0007171580000140871
152419,0.042686894359809394
152420,0.03252662509818881
152421,0.0008634816140123525
152422,0.0032513289626724074
152423,0.001354650638405041
152424,0.002295534035285096
152425,0.006580996243385044
152426,0.0011174481559298763
152427,0.0009222798475832048
152428,0.000964839625519304
152429,0.0017295155750903938
152430,0.0015462402957343733
152431,0.0007482279749470549
152432,0.0011183033941408885
152433,0.0035488309153304362
152434,0.0016089017063626089
152435,0.0019017370850289332
152436,0.0009458610045102178
152437,0.0009560902590020879
152438,0.00104503069874909
152439,0.0011639671558301428
152440,0.0009933625261781694
152441,0.0004881804893183178
152442,0.01137134914236866
152443,0.10475970705299884
152444,0.006153224527557805
152445,0.0004065882693806089
152446,0.0016674916152824705
152447,0.0037826098244806297
152448,0.0008765381098596351
152449,0.006457787641316626
152450,0.0004055593436755143
152451,0.000837694743395756
152452,0.00397200254831946
152453,0.998787343766161
152454,0.001132583382218236
152455,0.0009259683811921888
152456,0.0024175455108331
152457,0.0003812727196174189
152458,0.003220054696775876
152459,0.0008457270367249367
152460,0.0006353330831040801
152461,0.0007004660460661232
152462,0.001157457956149122
152463,0.0006011405659194877
152464,0.0271211174329238
152465,0.0008256643694373453
152466,0.0006959944409207025
152467,0.0007334755326316011
152468,0.0006368548917897127
152469,0.000489462071356275
152470,0.0011732815972595085
152471,0.002121400509102466
152472,0.0007394510193871019
152473,0.002075152290393823
152474,0.0005905680920470392
152475,0.0012653816280076549
152476,0.0015652247839942895
152477,0.0010612285254469403
152478,0.001196444729603942
152479,0.0006448020353391367
152480,0.0010900446119103916
152481,0.0007347258476047155
152482,0.0007886052780557969
152483,0.008265721313721983
152484,0.000990109448984951
152485,0.000661414907109051
152486,0.004307440686765619
152487,0.014095126322473835
152488,0.002255316395127228
152489,0.0026723848293612167
152490,0.0007996694525661337
152491,0.001998816867961473
152492,0.004416841049738115
152493,0.0005482228930741091
152494,0.0007339485071324533
152495,0.010232817551127458
152496,0.0026698236336831953
152497,0.0008271238388952329
152498,0.0008181120468393618
152499,0.0006779070449774857
152500,0.000571366050825625
152501,0.0020678666540880526
152502,0.0008443262362324952
152503,0.01234078941016177
152504,0.0007217422111626755
152505,0.0014487982231477824
152506,0.0012133863754325153
152507,0.0018788948617650336
152508,0.023920819808285705
152509,0.0009563521133774623
152510,0.0010027726316875984
152511,0.0012860587748739546
152512,0.0006454780550106399
152513,0.0008389843093391091
152514,0.00367105031516828
152515,0.0015033397705751593
152516,0.002178178761140789
152517,0.000660699976706564
152518,0.0007965897585117608
152519,0.0008659961017248583
152520,0.0009302073507171742
152521,0.005314145269962255
152522,0.0015113322549525304
152523,0.0007414261322387308
152524,0.0004286607629379379
152525,0.0012835238178147182
152526,0.0013972352204751205
152527,0.001369169394484743
152528,0.0037847179641487295
152529,0.0010350338280252342
152530,0.0018307358963182325
152531,0.0030626994727332435
152532,0.0006657157817677687
152533,0.0019362105799155204
152534,0.0010773521706475026
152535,0.0012538316232471257
152536,0.0004996304685998973
152537,0.0010615159035648595
152538,0.011713614322427063
152539,0.0027446147769233137
152540,0.00415891187236515
152541,0.0006937123852050701
152542,0.00121609239959647
152543,0.0006734880379969899
152544,0.0016602773212040932
152545,0.0011083958663319594
152546,0.0008012646122437055
152547,0.0007800777411558119
152548,0.0005954274077816442
152549,0.0036004756376333096
152550,0.0013201395569159711
152551,0.0077658735079396786
152552,0.0014878487247148263
152553,0.0009115011822321913
152554,0.0009238379096850602
152555,0.0009670882108787282
152556,0.001643260448534654
152557,0.0005310736563249183
152558,0.0010693233321245762
152559,0.004168333153574102
152560,0.0008548389997013867
152561,0.004084753242365178
152562,0.0008988955404813611
152563,0.004028510445717431
152564,0.005661276820728912
152565,0.0004994790575186088
152566,0.0020045174331355057
152567,0.002832024946073747
152568,0.0006504701704673254
152569,0.0006647762721853369
152570,0.000626630734053684
152571,0.0023858636943323037
152572,0.0005642140617254615
152573,0.0011007535524526894
152574,0.0011931314054268876
152575,0.0007835921471720652
152576,0.002570906436221568
152577,0.0005324857357111635
152578,0.0006651187492494728
152579,0.0037232584860974575
152580,0.00058858150799664
152581,0.0006850377945755517
152582,0.0007508390421552886
152583,0.0005620546373775077
152584,0.0007701895264467501
152585,0.004556736857975792
152586,0.006353237014714462
152587,0.0008702781127801786
152588,0.0023683036496087344
152589,0.0025496738424517816
152590,0.0010079094334799136
152591,0.006706313729156397
152592,0.0007445453640378904
152593,0.000338406189484347
152594,0.01615903689661384
152595,0.0006766564133712778
152596,0.0013163531242417399
152597,0.0010284053837605824
152598,0.0005559654765580897
152599,0.012479597255993825
152600,0.00400092977453719
152601,0.0004801570044557447
152602,0.0005361413499760597
152603,0.001013677535875623
152604,0.0007784115106871065
152605,0.0005940301068801383
152606,0.0009840226744770057
152607,0.0006141959579124201
152608,0.0009478125371460617
152609,0.013832196842122654
152610,0.001449787728667957
152611,0.0009759429597625349
152612,0.0008181050046826028
152613,0.0011225708834502815
152614,0.003195945627378527
152615,0.0006171368237821382
152616,0.000732494645698608
152617,0.0030140641056780157
152618,0.002401249910791083
152619,0.0017234439524673956
152620,0.0022329696892734122
152621,0.0005938814990485363
152622,0.0009203099302851896
152623,0.0006262249995463741
152624,0.0005372478304529404
152625,0.000722562015721915
152626,0.004802426740891395
152627,0.0005627314568509908
152628,0.0034229038407924154
152629,0.001038176682582772
152630,0.203079336577212
152631,0.005737824479732579
152632,0.0007842075203595095
152633,0.0006485158920054273
152634,0.008825424950944658
152635,0.0015447966121854026
152636,0.0004588718720305988
152637,0.0016225905158619902
152638,0.0006118045695322078
152639,0.0009692150259268842
152640,0.0013663413504377711
152641,0.0005843980319090074
152642,0.0007123680120824611
152643,0.0009609093656108333
152644,0.0038043562688467375
152645,0.000785058964957359
152646,0.000597024176166348
152647,0.0006744060162660705
152648,0.0007545076966176221
152649,0.005204978212285105
152650,0.0017677874646274093
152651,0.0010258061185305135
152652,0.012355225288748252
152653,0.000906604691596098
152654,0.002266373160709836
152655,0.2023506737368669
152656,0.0008001581164730493
152657,0.0006252473985172421
152658,0.0006555525603367915
152659,0.0008294206751519752
152660,0.00038807509858897004
152661,0.00060349393879011
152662,0.00045427436361000865
152663,0.006821835432098956
152664,0.0006826962438978795
152665,0.000802548706367536
152666,0.0006776949713886814
152667,0.003204116217832147
152668,0.0021620616392137434
152669,0.0012554124262504716
152670,0.0015338041283327586
152671,0.000564206218714051
152672,0.001889510066487235
152673,0.004096659587616881
152674,0.0020693532812704907
152675,0.0008208473531389016
152676,0.0025125258619770035
152677,0.0007599968345325169
152678,0.9950654709300122
152679,0.0016902998178032697
152680,0.0007520402200850533
152681,0.002154364986085805
152682,0.0013152570580181658
152683,0.0005614487793815994
152684,0.0004836749502519903
152685,0.000647913185951935
152686,0.01547399695266232
152687,0.0009425021710192554
152688,0.0006105912737379772
152689,0.005435777218520982
152690,0.0004651833395490526
152691,0.0003251090646548768
152692,0.0006905851983847364
152693,0.0005757077178397731
152694,0.0012358839271242538
152695,0.015098068441650254
152696,0.0005726234889893217
152697,0.024697658065872104
152698,0.000517480609622612
152699,0.0007203968377344418
152700,0.0008946170973336161
152701,0.0025237256058094175
152702,0.0007218125483064936
152703,0.005189041831748545
152704,0.0029411734211670154
152705,0.00352631690304743
152706,0.005354152226133125
152707,0.0019177715445405962
152708,0.0021861655473637918
152709,0.0020880784347817078
152710,0.0005248988757312403
152711,0.9959309313278706
152712,0.006307695401369701
152713,0.0005468727999835824
152714,0.0004885057032120481
152715,0.0006810813471594515
152716,0.0022346715455965446
152717,0.006916674051605964
152718,0.0014191413744592974
152719,0.0005199200317578977
152720,0.0005586147306310433
152721,0.00176173560357809
152722,0.003449741055043167
152723,0.0007704595700320455
152724,0.0020732084790709687
152725,0.0002703829024046624
152726,0.0009433242767184198
152727,0.0005385245395849271
152728,0.00048502508700192724
152729,0.01519795667790778
152730,0.00586051404537819
152731,0.0036905030307997845
152732,0.002028786954664295
152733,0.0007934081254771545
152734,0.009862731490801236
152735,0.0019669811212499545
152736,0.004029328249536049
152737,0.0010010927839480726
152738,0.0014169419581187268
152739,0.0016489400412855442
152740,0.00044536078602889313
152741,0.0008228220414962902
152742,0.0004770969630191193
152743,0.005103733356484525
152744,0.0008421645545755091
152745,0.004182580844332086
152746,0.0012052248484266228
152747,0.0007261869235386307
152748,0.0009054404868553399
152749,0.0021735121663598107
152750,0.008748432550459123
152751,0.0006894173502460407
152752,0.0005180153789870509
152753,0.0035918018734081474
152754,0.006864440515827833
152755,0.005192720820149193
152756,0.0004212688924997721
152757,0.0006208300831973415
152758,0.01785018044656272
152759,0.0008396995131930209
152760,0.0008543175655128189
152761,0.003198498458921833
152762,0.0007335381257774114
152763,0.013006847501096465
152764,0.012464172139499356
152765,0.000736384264851834
152766,0.00046663669489573924
152767,0.0006363360153337465
152768,0.0012544218210316814
152769,0.001033540009372918
152770,0.0023520940076746655
152771,0.0006151962178858356
152772,0.0007934715625058167
152773,0.0012010868229403726
152774,0.0005077891159401186
152775,0.0003684102176263293
152776,0.0009354391015299584
152777,0.0009841398994014268
152778,0.0009108761644992141
152779,0.001383458083025054
152780,0.004596369179800719
152781,0.0008130467735009746
152782,0.0012291496440177347
152783,0.0009548068638946978
152784,0.0012382353877550783
152785,0.0005537560876270797
152786,0.0007125662465732608
152787,0.0008917128286930977
152788,0.0005549160408819667
152789,0.0013991080688140292
152790,0.0013136481755022268
152791,0.004303709606269957
152792,0.003767423736178316
152793,0.0018544495763178014
152794,0.0008320550193145635
152795,0.000673971553842322
152796,0.0007470828070576496
152797,0.0006572949682750104
152798,0.000537943251802484
152799,0.0061742776185491465
152800,0.0018847034579646026
152801,0.0007419658623166641
152802,0.030974852638807754
152803,0.0005658200901156105
152804,0.002584851304890758
152805,0.0009119322759377115
152806,0.0010281263343632505
152807,0.0016604974780591174
152808,0.0005663110900698284
152809,0.001696339754177965
152810,0.0010608117364867057
152811,0.0031670927916581534
152812,0.009087466652464305
152813,0.0012146959974781656
152814,0.008006803306455658
152815,0.0009740700832090741
152816,0.0008944116571024247
152817,0.0006634759292899739
152818,0.0007835350997887007
152819,0.0006001495875679237
152820,0.000718687604465526
152821,0.0005146945760734913
152822,0.0005871727797071643
152823,0.0006891095946884786
152824,0.0005671833578114678
152825,0.005241511837980066
152826,0.000733484551452764
152827,0.0008170336572733175
152828,0.002359921915934006
152829,0.0005138316277273712
152830,0.0010079679124287819
152831,0.0013677037007301372
152832,0.0012696759642789423
152833,0.0009924874733263046
152834,0.001488137868292127
152835,0.006598529258589986
152836,0.0014504545423304725
152837,0.000615562268891404
152838,0.004563000080145201
152839,0.0011557044703156213
152840,0.000583703939618449
152841,0.0009384472772143468
152842,0.002556091566407444
152843,0.0004335950721772481
152844,0.0008041364657622476
152845,0.0012950564004561994
152846,0.0023695818491923926
152847,0.0009216961158609387
152848,0.003235911920897088
152849,0.0009207332789180783
152850,0.0016832059328140579
152851,0.008630628084019615
152852,0.0009683365220085439
152853,0.0010124602049467048
152854,0.0007360259270188046
152855,0.0010768500668023638
152856,0.003442665084412276
152857,0.000745414713517036
152858,0.000885643380300985
152859,0.000791813875778196
152860,0.0005159128620711592
152861,0.0007806227360746634
152862,0.0004808880272937525
152863,0.000613450705799471
152864,0.0004096288534973416
152865,0.0015755758577888615
152866,0.0010510538305533229
152867,0.0011609581962189783
152868,0.0011071138029768572
152869,0.0007596097499436853
152870,0.0006245924755080563
152871,0.013421029332807363
152872,0.0019043810864933348
152873,0.0027832513523566166
152874,0.0026293985293918075
152875,0.002335086577796244
152876,0.0009013377756630703
152877,0.0006450478062393764
152878,0.9954821743600494
152879,0.0012487925878140074
152880,0.0005073088388950685
152881,0.0008444543219265547
152882,0.0005226476041986945
152883,0.007910951907746502
152884,0.0008891331846574788
152885,0.0013668983843512948
152886,0.0005198699197995678
152887,0.0011651159036431466
152888,0.0009337370000045654
152889,0.0012408756787416595
152890,0.0013041117713919058
152891,0.01581359954605219
152892,0.0005448622040837176
152893,0.001349665446454012
152894,0.001623791930546883
152895,0.0004752591739926506
152896,0.004419579219689371
152897,0.0020120995310526626
152898,0.0006523901266201282
152899,0.0006253011752214868
152900,0.0033149488027761327
152901,0.014666480100243115
152902,0.0004925167832550235
152903,0.0005515542761694175
152904,0.001158452289142767
152905,0.001895148306497835
152906,0.002337629824078838
152907,0.004128839818670011
152908,0.0008699179286133822
152909,0.0006211930767040812
152910,0.003223446092150871
152911,0.0010430966323614155
152912,0.0014122698141560322
152913,0.0006898845657735593
152914,0.018779863521487146
152915,0.0012379066722077903
152916,0.0007861826146827267
152917,0.0008775250769896349
152918,0.00042020339332920836
152919,0.0005379079643405609
152920,0.004748619615126159
152921,0.0008047938370812817
152922,0.0005913745778958367
152923,0.0008456273861626841
152924,0.0026159894212335793
152925,0.0014947196842099869
152926,0.0005982173756242865
152927,0.0007901621478858662
152928,0.002109464479743826
152929,0.0006217078736481978
152930,0.0009394546376784546
152931,0.05719738613917949
152932,0.0009116472555013089
152933,0.0005715056514773798
152934,0.001651297962734383
152935,0.0007075510169071254
152936,0.001939421102290906
152937,0.0004485975189558374
152938,0.017651161892683453
152939,0.0010832578667426638
152940,0.002361789453821822
152941,0.000923663625482007
152942,0.0008365842994516601
152943,0.0006779166324075686
152944,0.004193101559550283
152945,0.00265313272108294
152946,0.9804208342371343
152947,0.0008288196387505639
152948,0.0006360167430192107
152949,0.0022467141403244213
152950,0.0014599767649126946
152951,0.0007943466693273739
152952,0.014967175280735854
152953,0.000525397359927095
152954,0.0008598672479476669
152955,0.0008001081034129488
152956,0.0037124143664202707
152957,0.0008921107924193997
152958,0.000628750470890245
152959,0.0032474122704521328
152960,0.9964162226022407
152961,0.0009107111442994575
152962,0.003502985041945284
152963,0.0004792966041317244
152964,0.0021136815030751246
152965,0.003777225487089926
152966,0.0006611380734687253
152967,0.001078898272890136
152968,0.0005572551777737357
152969,0.0007344275153429484
152970,0.0008729257040711209
152971,0.0006880533107885119
152972,0.0007492097947401951
152973,0.0003696912750558048
152974,0.004556464634414963
152975,0.0006509699340443821
152976,0.0003510380301419337
152977,0.0011411227881007791
152978,0.0009378385325522081
152979,0.0008446041329421965
152980,0.0013969319953863009
152981,0.006837127823725126
152982,0.0006123082795672513
152983,0.005085567728729609
152984,0.008771053473594968
152985,0.010112299005651639
152986,0.004766470615814897
152987,0.0009623586883400332
152988,0.00042171138162056866
152989,0.0013574310092078156
152990,0.010403217466331285
152991,0.0008932853841010296
152992,0.0025269887587427396
152993,0.003922165912086018
152994,0.0006356090471830835
152995,0.0018930623455618413
152996,0.0071768319923881715
152997,0.001053065424701126
152998,0.0015878384513742785
152999,0.0007912506110709374
153000,0.0010992569187632348
153001,0.0004196129587625496
153002,0.0010400628022587265
153003,0.0006381358592495564
153004,0.000710306810364838
153005,0.001164958140839217
153006,0.001006037395397178
153007,0.0009922910388890926
153008,0.004157289486609703
153009,0.0006258380071524981
153010,0.0005220700464368893
153011,0.0006079446646182216
153012,0.0019309997335373804
153013,0.0004972850379235225
153014,0.002530593190257841
153015,0.0008371838147144194
153016,0.00040520185541379763
153017,0.0012738274413869786
153018,0.007159100356850183
153019,0.000727665561711487
153020,0.00048755662931931974
153021,0.00071926346966736
153022,0.0009048381809995173
153023,0.004602173344987444
153024,0.001471549295116585
153025,0.0011832786507744858
153026,0.0004301786884939238
153027,0.001189213394774444
153028,0.010626883993227712
153029,0.0006604945489943885
153030,0.0006606730290080623
153031,0.002564453425222108
153032,0.0007312414497623806
153033,0.0005782622752691219
153034,0.001346101538666339
153035,0.0006425732086265966
153036,0.005195502765954585
153037,0.0023461199178360596
153038,0.0022072337435103894
153039,0.0007889695399037491
153040,0.0006172316051206535
153041,0.007890905028142773
153042,0.00420741650143008
153043,0.001414749583827927
153044,0.0029931895871326245
153045,0.0005962518556476957
153046,0.0006769730809970462
153047,0.0008743959668365707
153048,0.0009341562542775045
153049,0.0007495707132618092
153050,0.007983673539712244
153051,0.000834151281576234
153052,0.01128062066629308
153053,0.006221861121050439
153054,0.0009882405608605369
153055,0.0036266619223024143
153056,0.020104778531158315
153057,0.0010981013155050875
153058,0.0019689010056859984
153059,0.0005279948066098255
153060,0.0024219302607342234
153061,0.00041041493086293155
153062,0.006200234418793457
153063,0.002101231569640092
153064,0.0016170768093179762
153065,0.0005513663073631931
153066,0.003998805685378244
153067,0.0016324659674624028
153068,0.0005321106813080207
153069,0.003189744457636554
153070,0.000826035961746642
153071,0.0012083543003531692
153072,0.9953855523387755
153073,0.0008619254329745706
153074,0.0007119589585313152
153075,0.0006326770463221767
153076,0.0011186345999416676
153077,0.0005690666154375176
153078,0.0007227482325142923
153079,0.003962539010655859
153080,0.0011695543213981353
153081,0.0014546214229224812
153082,0.0008567282536539511
153083,0.000562571923158552
153084,0.0012080517523484586
153085,0.0039071243580234335
153086,0.0010887388715626895
153087,0.0032723625688165616
153088,0.004615090520183844
153089,0.3348168899025416
153090,0.0009126628582161562
153091,0.0005168228700209866
153092,0.0006573754674359441
153093,0.012536732084988777
153094,0.009134036245225656
153095,0.0009491820383427421
153096,0.0006112787929047663
153097,0.0006031189412564354
153098,0.002797577087920212
153099,0.0018125655545269512
153100,0.0008966988575405494
153101,0.0007848645910127934
153102,0.0008954450818159296
153103,0.00039837920007917033
153104,0.0028271243368676586
153105,0.016782365921979465
153106,0.0042779674356514304
153107,0.0037977879896462794
153108,0.004194786828635617
153109,0.0005636219550933875
153110,0.0027715612776561867
153111,0.03475468221291818
153112,0.0005255414591489991
153113,0.0035155160581825614
153114,0.0018007683082655588
153115,0.00086644235038655
153116,0.0011693701882638827
153117,0.0007755711956316676
153118,0.0026071367077542883
153119,0.021592669040631122
153120,0.0006644787749694623
153121,0.0007058598925431857
153122,0.0051180670525779225
153123,0.0029329580967271817
153124,0.0007009218955348487
153125,0.0012806743950893194
153126,0.0007438435259265463
153127,0.0006277577715789832
153128,0.0007926563232338829
153129,0.0009855556177699944
153130,0.001582543859320697
153131,0.0020405514699819217
153132,0.0065648888853625485
153133,0.0009261262030956913
153134,0.01640770160438855
153135,0.0068147776082774225
153136,0.0008446566156758439
153137,0.0011376512422765423
153138,0.0011915844563371429
153139,0.0021565287560601754
153140,0.0013383831665540248
153141,0.0007498212074966175
153142,0.0005998137980728281
153143,0.0005720776147826905
153144,0.002258549163894676
153145,0.0010846500559405828
153146,0.002461388721819103
153147,0.0006348775551991517
153148,0.0014752755848401172
153149,0.0011396795865050312
153150,0.0021966018106405675
153151,0.001671675383964944
153152,0.0008986106561868943
153153,0.0005000732309337454
153154,0.0013919020280467773
153155,0.000514120897394808
153156,0.0005358665975611611
153157,0.0012281662127144022
153158,0.0008758471001161845
153159,0.0007641983325246789
153160,0.013497150700814127
153161,0.01016213781371458
153162,0.0006934759415874318
153163,0.01176886752421947
153164,0.0027472885605663547
153165,0.001998887677703552
153166,0.0014845900438477154
153167,0.0005172513226961871
153168,0.0005641012854279929
153169,0.03332884157290887
153170,0.0003251090646548768
153171,0.0021284614357096566
153172,0.0006576859367103749
153173,0.001757266472395217
153174,0.0006443842925155962
153175,0.0007922996368687316
153176,0.0008350624900799995
153177,0.0009657966065990934
153178,0.0017379333690000403
153179,0.004624030392060404
153180,0.0005712507157313909
153181,0.0005152792119467428
153182,0.00048790903605021936
153183,0.001175500857756131
153184,0.0006284888198801983
153185,0.0038198444220205264
153186,0.0005889402724605124
153187,0.0038615988506847804
153188,0.002631504457265347
153189,0.000623567958741966
153190,0.0033699480327603467
153191,0.0010412867714882465
153192,0.0006919266856907013
153193,0.0007433735437326976
153194,0.0004689003986335817
153195,0.0008925897412330169
153196,0.002437197790766053
153197,0.0007037795913644065
153198,0.0019330282537061757
153199,0.0005939817718619608
153200,0.0011736309055938386
153201,0.01198893632535446
153202,0.0006217330037617249
153203,0.004519460025256248
153204,0.0012007275223777755
153205,0.0004967543454223085
153206,0.0012720337042449294
153207,0.0012124170918951988
153208,0.0006751018005231678
153209,0.0006630095698238231
153210,0.009808833417829642
153211,0.002301510767416812
153212,0.000691991800511689
153213,0.000714438856264016
153214,0.0014883452941940245
153215,0.004330631711582131
153216,0.0007348381675210747
153217,0.0005171838299254837
153218,0.004399197708018265
153219,0.08576543957947683
153220,0.008154714312326809
153221,0.0036258312318059897
153222,0.0007497488884465392
153223,0.0036742476539844927
153224,0.0033085956436531543
153225,0.01382892594601408
153226,0.020899159566518742
153227,0.006250102046801675
153228,0.0008644019495135486
153229,0.0008655710479732161
153230,0.0007207020405336462
153231,0.0012386845273276415
153232,0.0037221108393451214
153233,0.0009385197999781034
153234,0.0006967152689718584
153235,0.0005415858826479535
153236,0.0012826310560206159
153237,0.0010092687038049841
153238,0.0040270454784850545
153239,0.013118903080965482
153240,0.0007247095313120029
153241,0.0006694831771383285
153242,0.0007095789278731769
153243,0.0011761605787005574
153244,0.0017724115989166361
153245,0.0007732742238254055
153246,0.0027425567880905474
153247,0.0030899340849347527
153248,0.0008782348808882078
153249,0.001095435568541424
153250,0.001194087350786343
153251,0.0026572112329551123
153252,0.0006808604878299777
153253,0.0005042281147635342
153254,0.0013639760704722494
153255,0.013439129083587433
153256,0.0004880782261720517
153257,0.0008736795989080357
153258,0.0006756122662882273
153259,0.0011464603659546758
153260,0.011307974200525962
153261,0.0006763725502406837
153262,0.000807170161378001
153263,0.003724092703777035
153264,0.0006182890830024354
153265,0.0008583152885060006
153266,0.0014860827088967023
153267,0.0016528095698913102
153268,0.0028240363833200006
153269,0.0008047516154346761
153270,0.0016632339607535848
153271,0.0006095988735855016
153272,0.000475710440423225
153273,0.003855668333338759
153274,0.0013983371569672321
153275,0.0006436018304778323
153276,0.0034638832473036186
153277,0.0020110600537347695
153278,0.0010230987370471864
153279,0.0004710352144712561
153280,0.0015316087185347181
153281,0.0004055580407876661
153282,0.0005397163765699495
153283,0.008746281352800925
153284,0.013769397225782107
153285,0.003846013869544219
153286,0.0012041849215036408
153287,0.0014783731126300945
153288,0.0011028760772057156
153289,0.0010595686649568193
153290,0.002365255761172916
153291,0.0023950452680417764
153292,0.011571226986326441
153293,0.0010673442598924418
153294,0.000777850043491137
153295,0.0011131617623673907
153296,0.015674082695812486
153297,0.01756930153340561
153298,0.0005372842034691481
153299,0.01412516525883998
153300,0.9149188379852893
153301,0.0005908147749722524
153302,0.001972227717159033
153303,0.0008548180317916766
153304,0.00035611081092287
153305,0.0006004718071110123
153306,0.0010236093831542076
153307,0.0006441192064027267
153308,0.000599322721060978
153309,0.0006702553887956927
153310,0.0005230019195622937
153311,0.001957825774565854
153312,0.0015680886838637404
153313,0.0039090067226390576
153314,0.0013333021196219991
153315,0.0007363052402993575
153316,0.0006525744822690142
153317,0.0015661797436012576
153318,0.003641171064159566
153319,0.00794980367392908
153320,0.0028395489284610987
153321,0.001962660748517253
153322,0.0010799481586626321
153323,0.03346224337213316
153324,0.0008151782756376149
153325,0.01478006151828408
153326,0.0006636280506458975
153327,0.0034396934378505602
153328,0.0009654874821649567
153329,0.0008833424677350996
153330,0.0010139305147984377
153331,0.0032769856608842883
153332,0.0018129573616460204
153333,0.0015227637341419164
153334,0.0008802125019837113
153335,0.00715947523992002
153336,0.004941645525276402
153337,0.0008895265658803582
153338,0.0011228811223564167
153339,0.004098435422735434
153340,0.0017499191967702836
153341,0.0007182405898167447
153342,0.0008015737835053463
153343,0.0017138400414647202
153344,0.001220202980434023
153345,0.0005850052377238446
153346,0.0019663459550591372
153347,0.9946382024984317
153348,0.0012229949407613684
153349,0.0015374922589605794
153350,0.0006325726830978718
153351,0.0004956237190095088
153352,0.0007416155958919181
153353,0.0010913222999846713
153354,0.000433073735443371
153355,0.0007373581090672583
153356,0.001242763034960269
153357,0.0005786597942259748
153358,0.0021070478531059816
153359,0.02136567889280567
153360,0.0054550776380974655
153361,0.0007853067046861626
153362,0.018182338233372147
153363,0.001732244717399219
153364,0.0005297702597943792
153365,0.0008675755650710852
153366,0.0035862243362613337
153367,0.0030260119217689232
153368,0.0012001769216931873
153369,0.0004918641316480858
153370,0.013640827813965535
153371,0.0008451878119697791
153372,0.0007916812869767599
153373,0.0006474589122237885
153374,0.004955491890458888
153375,0.0015779688016239884
153376,0.0008143250206838282
153377,0.0032849609406937585
153378,0.000624061288324635
153379,0.0007104643940729492
153380,0.0010023471730236586
153381,0.004050463021621924
153382,0.0006783576518456832
153383,0.00036059095436584963
153384,0.0009807091432522488
153385,0.000664651753803913
153386,0.0006411711798660123
153387,0.0007824620195890925
153388,0.0008147493700246923
153389,0.014871668524508419
153390,0.0005714790072562419
153391,0.003350087512147777
153392,0.0016388451650503817
153393,0.010791837693667927
153394,0.001984311932899402
153395,0.0012971554560536822
153396,0.0005893401387442713
153397,0.000922320439861003
153398,0.00205409855176913
153399,0.0006028284055752147
153400,0.0007881969034431557
153401,0.003046673353550358
153402,0.0007074457417400228
153403,0.0010767976997928682
153404,0.027331877839925967
153405,0.0006997040268028399
153406,0.0010789087638328337
153407,0.0007609918996125044
153408,0.0005489145047372248
153409,0.008885327495259207
153410,0.0011672080746659057
153411,0.001002950002677419
153412,0.00706843240200271
153413,0.0006691255231634487
153414,0.0014484499543124666
153415,0.0028438090895420414
153416,0.0011423143332442444
153417,0.0007287663488386876
153418,0.0014525767844719
153419,0.0012485198457852763
153420,0.0006374603754753871
153421,0.002121325964457673
153422,0.0007118471878070153
153423,0.0015067513149427305
153424,0.0010991954288030311
153425,0.0018792788337754587
153426,0.006123455668918491
153427,0.0010230246220736532
153428,0.0014234436206863512
153429,0.0008546614737718112
153430,0.00047486448633993406
153431,0.0005236789660016
153432,0.0005778218043931935
153433,0.0005496065308593643
153434,0.0006286690433345408
153435,0.0098427902282767
153436,0.0015094864690816479
153437,0.0006201868969403965
153438,0.0007366977147002706
153439,0.00044667079858820753
153440,0.002621483242084421
153441,0.000836317456355501
153442,0.007130081514327421
153443,0.0007121463540903683
153444,0.006532650606204228
153445,0.005549472768564569
153446,0.14326834046446507
153447,0.0005694594180724776
153448,0.001909580689322374
153449,0.0015629770019146526
153450,0.0005146903622447491
153451,0.9951531382028602
153452,0.0011278222639794291
153453,0.0006334600852817309
153454,0.0006164472761217341
153455,0.005764159232791303
153456,0.0007317759029498564
153457,0.012438964598422812
153458,0.0025067940947854452
153459,0.0008737945054518566
153460,0.0013669522292975664
153461,0.0038525620488265144
153462,0.0017227302226268952
153463,0.0009323080864827094
153464,0.0008518583860887806
153465,0.0005551976177035284
153466,0.000818384487987276
153467,0.0009651341070192177
153468,0.0008143064640418838
153469,0.0005774748297100432
153470,0.0021487712954068273
153471,0.001261776254273823
153472,0.0004865578186695918
153473,0.009634615913129982
153474,0.02854070104999315
153475,0.0014077398205591344
153476,0.0006143411288548776
153477,0.002203242438117221
153478,0.0004499749227516561
153479,0.0007289908824225041
153480,0.0005278479948840571
153481,0.0025187555198709485
153482,0.0006945225325583138
153483,0.000786701899069677
153484,0.003698809347577992
153485,0.0006117403370850258
153486,0.001158282347601778
153487,0.0005511356333602744
153488,0.02093148413978869
153489,0.000697306579099391
153490,0.0022072166159414603
153491,0.0005434596015192113
153492,0.0010699178332058891
153493,0.0008913377733986954
153494,0.002425443915276799
153495,0.001063206077951684
153496,0.000457271332702137
153497,0.0020305618198351457
153498,0.0011548493902425905
153499,0.20052461422623752
153500,0.0005686198532096442
153501,0.0007469492468014608
153502,0.0005374616090251456
153503,0.006048832544551243
153504,0.0004975921120772412
153505,0.0005476727595731091
153506,0.0005182005289052172
153507,0.0008521699554215939
153508,0.0008870792796335209
153509,0.001335778101323677
153510,0.0005554964303223849
153511,0.003582719760806662
153512,0.001767821047096095
153513,0.004180963883909025
153514,0.0006619383761852336
153515,0.0037042748989347084
153516,0.0023053559932672348
153517,0.006194251854340051
153518,0.0006115141758432687
153519,0.0009788677694631714
153520,0.001901680001882075
153521,0.000990247523480181
153522,0.00053049098360611
153523,0.0034478842376329394
153524,0.0021122934271187383
153525,0.004316168356719174
153526,0.0006947533211541304
153527,0.0005441447004586708
153528,0.0006052870488100413
153529,0.0007903492949308601
153530,0.0013237673802005611
153531,0.0007016266461218996
153532,0.0005112608621240479
153533,0.0008858191714807718
153534,0.007243957712826194
153535,0.0007664753961829462
153536,0.0006784286822541314
153537,0.0006553835099633823
153538,0.0007059512746726664
153539,0.0011138023927137067
153540,0.0006582123868795074
153541,0.0021347492012489195
153542,0.000852153994163449
153543,0.0007510735413519367
153544,0.0008079820532163066
153545,0.015467840109332802
153546,0.0006616491178030116
153547,0.004588464674524661
153548,0.022902476830827218
153549,0.00046737693606443184
153550,0.000913958609204316
153551,0.002261083394316018
153552,0.00046562634405286694
153553,0.0007289396692018747
153554,0.003746986873723622
153555,0.0025466546649260593
153556,0.0007352448649013115
153557,0.0005481600528428268
153558,0.0036526815032870276
153559,0.000759398644112837
153560,0.000758910973418867
153561,0.001282071236327975
153562,0.015991269918709732
153563,0.004541485352030898
153564,0.0012288406276802573
153565,0.0007529810896189757
153566,0.0010712913278077656
153567,0.015367092244665682
153568,0.0013433045736775456
153569,0.001026019943038212
153570,0.003444234685079233
153571,0.0007403024941108952
153572,0.000555706915939422
153573,0.0007165693817096301
153574,0.0006799795399096681
153575,0.0007789992120805624
153576,0.0008243548319338098
153577,0.003735597612988468
153578,0.0005031304578838853
153579,0.0011626356527545745
153580,0.000985492462956171
153581,0.0008396123471320261
153582,0.0006475317843263584
153583,0.0022521696444737743
153584,0.0008210882922362638
153585,0.0010600838607990946
153586,0.0008264608460653079
153587,0.000476316730869786
153588,0.0004846815238326578
153589,0.002445965907097466
153590,0.0004551158103736008
153591,0.00080376652157123
153592,0.0008321215572429416
153593,0.010829117632492294
153594,0.0007423143574936115
153595,0.0007377481363767388
153596,0.01378399469210322
153597,0.0010910341560800372
153598,0.0055622160109351625
153599,0.0008153067395318234
153600,0.0008378156957852894
153601,0.004314715238229351
153602,0.000556186418047453
153603,0.0009726267371893236
153604,0.0005612239057047068
153605,0.001339515055537288
153606,0.0007202461019798025
153607,0.004685846519227113
153608,0.0008362438606850042
153609,0.004822279619594652
153610,0.00048180308229962604
153611,0.0009064402793849247
153612,0.002056929609561332
153613,0.0013230936126939904
153614,0.0006869546020624266
153615,0.0014598673284185613
153616,0.0070731307851407375
153617,0.0013825371587100912
153618,0.007846068797099044
153619,0.002119246036219464
153620,0.9961770501783946
153621,0.0010547470081632
153622,0.0007209159102708586
153623,0.0006272323283320676
153624,0.004113106878112289
153625,0.0006644857432637492
153626,0.0022966845787546
153627,0.002235071645907518
153628,0.004033974607913077
153629,0.0007881583629271262
153630,0.0007966038541064539
153631,0.004563067115421569
153632,0.0007505793138897186
153633,0.001020642748334492
153634,0.0005296699868764168
153635,0.000881945778521027
153636,0.0024552425584172324
153637,0.0004316434178431559
153638,0.0008346046243570786
153639,0.0010733150566701712
153640,0.001172577427052722
153641,0.0008654089223064124
153642,0.0005802036789638002
153643,0.0013239276117422948
153644,0.002232907525301522
153645,0.0011330501821048239
153646,0.0007057514637722937
153647,0.010297350582256568
153648,0.0006644178829829531
153649,0.0005599761233331167
153650,0.0034616658720063617
153651,0.0026509634655934563
153652,0.0007764489985343938
153653,0.00046514073151736405
153654,0.004727020305071683
153655,0.0008123040278643791
153656,0.003099157647152132
153657,0.0009238379096850602
153658,0.0009961714834144327
153659,0.0008667281503629107
153660,0.0007394634156797675
153661,0.002102109508287696
153662,0.0009021030874424524
153663,0.0008600547932340453
153664,0.0005650710814703085
153665,0.0006769601688471114
153666,0.0008693380867309811
153667,0.0007162750736567089
153668,0.0008592396961688586
153669,0.0005202792679293075
153670,0.001350964526091074
153671,0.015793826736179448
153672,0.0009372985015864676
153673,0.0005202413424753536
153674,0.0006705317923176581
153675,0.0019013725734454863
153676,0.0005859444732782082
153677,0.0006620687001354258
153678,0.008599999023650638
153679,0.015369379160693988
153680,0.02663822085136658
153681,0.000806648947328719
153682,0.0006232137209036706
153683,0.0005553127880026377
153684,0.000568306394929658
153685,0.0015931499879201535
153686,0.0010569127881808029
153687,0.0019221363103705275
153688,0.0016089959345584794
153689,0.005060533225479261
153690,0.0010657109294094883
153691,0.0008354845155879723
153692,0.0055845539503679865
153693,0.0009514939816116825
153694,0.0016201047548086427
153695,0.016108618337636434
153696,0.013109449274949128
153697,0.013056042684806781
153698,0.0027794522049062404
153699,0.0006133502922252338
153700,0.0009017531472213221
153701,0.0011238192437451478
153702,0.9946947110039568
153703,0.0015020928170729599
153704,0.002546078138702484
153705,0.0006268575057932778
153706,0.0006580433259030312
153707,0.000656776193492516
153708,0.002000395710038938
153709,0.010806328159960752
153710,0.0006246943926499777
153711,0.000614158582691735
153712,0.0016486972125217972
153713,0.0021292908464880587
153714,0.002853040876898706
153715,0.0013123119340874853
153716,0.009411189359353346
153717,0.0010367812503163612
153718,0.0022113130491023835
153719,0.0012224723807089384
153720,0.007619162088148031
153721,0.000990321450099592
153722,0.008708003214173095
153723,0.0008557496727148551
153724,0.0004875929903203881
153725,0.0011780283644274435
153726,0.0007641386640279647
153727,0.002490626403938461
153728,0.0008083961518180899
153729,0.0006554434138430255
153730,0.002292173287687048
153731,0.009350430770070384
153732,0.0005393970201779934
153733,0.0006762673020698906
153734,0.0010081968469283584
153735,0.0017193196601519704
153736,0.000602232048697376
153737,0.000935706502949136
153738,0.0028191257774645637
153739,0.002083318971814209
153740,0.000832056009457178
153741,0.0008872609304372703
153742,0.0009663954256271903
153743,0.0007479432027099105
153744,0.0011133013716012699
153745,0.0008319650047567868
153746,0.0008235080830592327
153747,0.0006173962897925338
153748,0.0007090674867710676
153749,0.989582344282971
153750,0.0009441306751252251
153751,0.0009306202041938342
153752,0.000612914076990637
153753,0.0006517638075608502
153754,0.005250650077221618
153755,0.0003413070236518458
153756,0.0007976732101289382
153757,0.0004850616021453189
153758,0.0015911793739532662
153759,0.00045121269524215366
153760,0.0006100440325993026
153761,0.0030133734150615595
153762,0.0019021295534016902
153763,0.0030857890249442327
153764,0.0007888414763723333
153765,0.04829232385128259
153766,0.0008141804329723524
153767,0.0013167637592872298
153768,0.0025196419483672597
153769,0.0006469256029385486
153770,0.0007838961530181887
153771,0.0018377274559983072
153772,0.0013543900768996928
153773,0.0007617906927227655
153774,0.0146271893243747
153775,0.006834171901759804
153776,0.00050968071197315
153777,0.0038088240567608995
153778,0.0008153878719218549
153779,0.1656352331771967
153780,0.03502907946278115
153781,0.0005970711987304146
153782,0.001914098980625948
153783,0.004387332432002672
153784,0.0004688887463201119
153785,0.007875215524877964
153786,0.008934006864237436
153787,0.0008778748272581472
153788,0.0031232653918011966
153789,0.0006973501782363656
153790,0.0014459918830909732
153791,0.0007131690045910033
153792,0.009782382827483265
153793,0.0008665304088696634
153794,0.0015854690353836844
153795,0.20313799838919258
153796,0.0008595122001953143
153797,0.0007519963271912307
153798,0.0010631780158247039
153799,0.0015891758609330728
153800,0.002668416853779423
153801,0.000933167449938894
153802,0.0004892705975323901
153803,0.0007201309802713045
153804,0.0014937442365677719
153805,0.0014765722156666716
153806,0.0061294576640692384
153807,0.0007992365295040248
153808,0.0009011745032636925
153809,0.0005978528152159118
153810,0.0012376592682916162
153811,0.0018630451695277727
153812,0.0014454102016133873
153813,0.0005708428649600282
153814,0.0007696129813531126
153815,0.0008626654450636852
153816,0.002166794272197631
153817,0.0017818358479319968
153818,0.000635452689103801
153819,0.0004755583108940763
153820,0.0004754255930380202
153821,0.0015287143352570435
153822,0.0008216139069036745
153823,0.0006445311078344939
153824,0.0036619905455576407
153825,0.0017624767591464397
153826,0.0033590019644710633
153827,0.0007626809438329156
153828,0.0050383458826275
153829,0.001500286270024363
153830,0.0008771352504041738
153831,0.0010170501708158686
153832,0.0002811674763497045
153833,0.0004708451878504858
153834,0.9908159974267485
153835,0.0014905854004301884
153836,0.003289296135221446
153837,0.0019721567220768316
153838,0.0006235277828058597
153839,0.0005893988007176902
153840,0.006138659390464686
153841,0.0007233688053396826
153842,0.0007358430849946127
153843,0.0007675269245344719
153844,0.0005750821058972961
153845,0.0009362453425068114
153846,0.002517572588142728
153847,0.002593571790731021
153848,0.0005703031733247409
153849,0.0013780189692146902
153850,0.0008335414258590769
153851,0.001077989193115759
153852,0.0016577082747274102
153853,0.0007072388909296805
153854,0.0009495216305575963
153855,0.007652527838874429
153856,0.002767666401353259
153857,0.0007327765727609271
153858,0.000981682382232915
153859,0.0006074763790266484
153860,0.0014822065359178216
153861,0.9974107065279697
153862,0.0005263029142033041
153863,0.0020209140095259243
153864,0.0005183887411576526
153865,0.0006222369285455685
153866,0.0056607979532918165
153867,0.0007877806710557265
153868,0.00046173369492578356
153869,0.0005764437080811015
153870,0.003483785043094798
153871,0.0007674692177494825
153872,0.0011402048794177454
153873,0.0009062742776893173
153874,0.000767389479148162
153875,0.0004700516633189685
153876,0.0006924216193195977
153877,0.02305957168785973
153878,0.003066341788007689
153879,0.0008485442050075623
153880,0.0009585388661297923
153881,0.0006281785241008556
153882,0.0031381494125260296
153883,0.0023935898321918864
153884,0.001006996156823017
153885,0.007510582963074953
153886,0.0019056760289866584
153887,0.0005626060801737354
153888,0.050853643403302604
153889,0.0005589541662730803
153890,0.0004803715761420935
153891,0.0011713851034095596
153892,0.0015838417407641652
153893,0.4455190925164765
153894,0.0006468701155735198
153895,0.0018341432402970152
153896,0.0031253046721462325
153897,0.000702378953821602
153898,0.010557450687491952
153899,0.0005812150529859155
153900,0.0004687310664897319
153901,0.001166624959906833
153902,0.002707204285672583
153903,0.0009047297036782708
153904,0.0017399467405516515
153905,0.0029583226058386035
153906,0.0005945210576385038
153907,0.011304150998879714
153908,0.0003111390206005771
153909,0.000783587619353356
153910,0.0006911925338437543
153911,0.0004919345247062879
153912,0.0004504173319440667
153913,0.0007601151118820509
153914,0.0167628108874648
153915,0.0013821923354158565
153916,0.03369381077634357
153917,0.0008262012720455496
153918,0.0018020862933202115
153919,0.0008238635148735087
153920,0.0005986062679169302
153921,0.0023394673015401995
153922,0.0007012947837775388
153923,0.0004773579163265414
153924,0.0016064261495163587
153925,0.0012628821510788416
153926,0.0007471811709595755
153927,0.00046541174280472907
153928,0.0008340810797487128
153929,0.010077807046401904
153930,0.0006151230692240358
153931,0.004467523201716914
153932,0.0005778160884862008
153933,0.0005376089057645337
153934,0.0005965476742758148
153935,0.006635950698594387
153936,0.000529056344988074
153937,0.0006178601301494665
153938,0.00061301582056781
153939,0.0029325619928171048
153940,0.044245378837846766
153941,0.000698887185075669
153942,0.0026231244875938647
153943,0.000895424706819853
153944,0.001673191177709348
153945,0.004833394388369978
153946,0.0005041196652731493
153947,0.0032516407610470774
153948,0.0007259097912297294
153949,0.00041529237785330333
153950,0.0008846632494585216
153951,0.0005665687689440723
153952,0.000465361625093304
153953,0.00039992731687432036
153954,0.00077929514218905
153955,0.0006117067389509996
153956,0.002816317377826478
153957,0.004163866412931835
153958,0.00237610365225341
153959,0.0008664025371708581
153960,0.0012197057318033989
153961,0.019439440367505684
153962,0.0006092757292366617
153963,0.001546899435700782
153964,0.004859523808091716
153965,0.0015342177642644994
153966,0.0012493409755046704
153967,0.001598414926511921
153968,0.0007582511752853866
153969,0.00808309980037158
153970,0.0013796579264565875
153971,0.003139373189565371
153972,0.003245041098771772
153973,0.002626526371088408
153974,0.000770913116908961
153975,0.0017555229311282485
153976,0.0015751898441554797
153977,0.0011558873449690813
153978,0.0012430700560838617
153979,0.0005623988247218557
153980,0.0016337702292013863
153981,0.0004923887790242617
153982,0.0020199435620704563
153983,0.0006328102358388575
153984,0.00099772786163898
153985,0.000465326318406518
153986,0.0015033017003120643
153987,0.01654099961488945
153988,0.0013437021108142443
153989,0.0026749947346923824
153990,0.0007377401431309068
153991,0.0014221143417655095
153992,0.0006720843450677769
153993,0.0005884799749415537
153994,0.0007645121972563028
153995,0.0024525781866864315
153996,0.0006849895895832546
153997,0.004034704180057335
153998,0.0006738989976806362
153999,0.001148554514610356
154000,0.0004796581991002182
154001,0.0010197934261417874
154002,0.0012019864171760603
154003,0.021364718050529353
154004,0.0012344700002326864
154005,0.0008528600242968163
154006,0.0007089893458000821
154007,0.0007298685322807398
154008,0.0022466613652543247
154009,0.014010869209086323
154010,0.0007596627445147328
154011,0.0007802856808021724
154012,0.0018527754491435475
154013,0.0007827169617468987
154014,0.0006711877724878447
154015,0.0006638025652645656
154016,0.0007320608373450883
154017,0.0005762603672763803
154018,0.0008188457711780859
154019,0.0004308364556450092
154020,0.0006800845072950066
154021,0.0039698088676146425
154022,0.0005284218874746835
154023,0.0012065864642307371
154024,0.0006234306831570586
154025,0.0013647818713634536
154026,0.00079088090956259
154027,0.0006148669896689907
154028,0.0007824273945552737
154029,0.0009548669133104347
154030,0.006358671185313689
154031,0.005428914338804105
154032,0.0005988482484532718
154033,0.0006512959963730149
154034,0.0014455703499827062
154035,0.0006124770165114228
154036,0.0016177471693691321
154037,0.0007858589861404516
154038,0.0006493129938878088
154039,0.0009039174520036124
154040,0.006062240821883823
154041,0.0027124935614453415
154042,0.0009315893079782505
154043,0.0006498624669917531
154044,0.1305321319987327
154045,0.0010457641357639572
154046,0.0028442938101477236
154047,0.0009172070638741262
154048,0.0006211481358843649
154049,0.0007715549529320087
154050,0.0015587348311532647
154051,0.08446386518149379
154052,0.08318138449328027
154053,0.0012192677888341798
154054,0.0020704149479822227
154055,0.007655095186950842
154056,0.0009063070755361639
154057,0.0005708729204976302
154058,0.008967514546758037
154059,0.0008495111044046469
154060,0.0005224659509339641
154061,0.0006259256380929649
154062,0.007190329717714978
154063,0.0033242070896753358
154064,0.004208942262153981
154065,0.0011187096183037822
154066,0.0007186136841683832
154067,0.9987661665716998
154068,0.0005068638153972996
154069,0.0004877854231032002
154070,0.0009139558053999688
154071,0.0007070123258749285
154072,0.0007973722300385125
154073,0.0006801684660258362
154074,0.01116116874946337
154075,0.0036648831375658397
154076,0.0005352491909913098
154077,0.974558182328456
154078,0.0008614268023241899
154079,0.0006210188344600343
154080,0.004432814048138982
154081,0.0033933302179168386
154082,0.0022560398925572456
154083,0.00043275575103481214
154084,0.000673182348260779
154085,0.0019521030874829707
154086,0.006279117082387149
154087,0.0007901525682231339
154088,0.004426246444564598
154089,0.0005447052928127515
154090,0.007184474262577607
154091,0.0011940397391555712
154092,0.000610497406026678
154093,0.0019458229747377515
154094,0.0016842562494741465
154095,0.0010896163869695981
154096,0.0011445739840060722
154097,0.001632162007741788
154098,0.0008634263773385021
154099,0.00046032704805538233
154100,0.0007250304359202869
154101,0.0008389513380009319
154102,0.0036640864598878626
154103,0.0007905871575412432
154104,0.007854208025855165
154105,0.0005570998513906881
154106,0.0024719787271901567
154107,0.018899940011972517
154108,0.0012184899690643979
154109,0.20049385760322772
154110,0.0038551412128713857
154111,0.010763016906644066
154112,0.0006198288528579286
154113,0.0066538519754985636
154114,0.00582376014265276
154115,0.0006462001299347179
154116,0.0006373730013295677
154117,0.0005405059048867436
154118,0.004924102671087238
154119,0.0008600800998852093
154120,0.0007560351735015698
154121,0.0012574105194700748
154122,0.0008608060732086926
154123,0.006158123170423604
154124,0.005292385767555596
154125,0.0008416013142712157
154126,0.0015393070038518825
154127,0.0005410522908102447
154128,0.000717576127480916
154129,0.0006604152386327991
154130,0.0007548518624820088
154131,0.0005431120139645474
154132,0.0010640579670894493
154133,0.0006061571642578557
154134,0.0021311993514916035
154135,0.0011978470300689436
154136,0.0006261526244712022
154137,0.004715548439343874
154138,0.0027845255951270513
154139,0.0012029049885377723
154140,0.002674477980129526
154141,0.004857072790398433
154142,0.0016259244645912023
154143,0.0014050944503336852
154144,0.0015092606198994002
154145,0.001018095348850323
154146,0.0006327582916584356
154147,0.9985297473059096
154148,0.0005632467418288476
154149,0.005436257727935103
154150,0.0012100156873612264
154151,0.0005943440717536031
154152,0.0008146962480601806
154153,0.042859894949109106
154154,0.004161158308528385
154155,0.0005971315474470559
154156,0.0006973784640465168
154157,0.0007304376592415715
154158,0.01276302816903939
154159,0.0008414808123078728
154160,0.0003791463750847738
154161,0.0025046312806442823
154162,0.0006546607277022295
154163,0.0011829444253547367
154164,0.0005306986757547378
154165,0.006273111309355102
154166,0.0006181844503458485
154167,0.0005823561506348902
154168,0.008013608224360036
154169,0.0006849149642465164
154170,0.0036811852274542768
154171,0.001485730511391903
154172,0.0017624549366285745
154173,0.9939338278575969
154174,0.0010112253470848436
154175,0.0006923830605627753
154176,0.0011644278820701097
154177,0.07723408327993381
154178,0.002817823894909833
154179,0.0005327603836247365
154180,0.0005520560248415113
154181,0.000663179115548123
154182,0.001021357354762154
154183,0.0005231837410519683
154184,0.0003989595576067529
154185,0.0010842777723510067
154186,0.0036397192984670692
154187,0.0006873965739365539
154188,0.019392129654344583
154189,0.0012889354156504127
154190,0.0016947211146453405
154191,0.0015427562979237316
154192,0.002187708148762189
154193,0.0004982797172429392
154194,0.0028043817034413697
154195,0.0006649026192044231
154196,0.0010257090782706882
154197,0.00102916982862321
154198,0.0023575739259226527
154199,0.002161388328499759
154200,0.0027217687525363634
154201,0.0004438990973340502
154202,0.00052356997017244
154203,0.0010588524216791388
154204,0.0008675775945314705
154205,0.0012986718024697863
154206,0.0008297707966292605
154207,0.01589117113801828
154208,0.001986494709386441
154209,0.0007226721081185973
154210,0.00048346081801407706
154211,0.0030934316202209195
154212,0.0018056747485099393
154213,0.00031503511736566793
154214,0.010206056153349324
154215,0.004906823977529228
154216,0.0005693195747027935
154217,0.00649994780987991
154218,0.002250258450523195
154219,0.0008108313438159883
154220,0.0032881589520221185
154221,0.0010965831378402587
154222,0.0020171174871285854
154223,0.200690749275441
154224,0.00898194652455756
154225,0.006805298162558591
154226,0.0028199075041262364
154227,0.0013755019335610753
154228,0.0016839799430644303
154229,0.02017534119113754
154230,0.0005541665210260301
154231,0.01371628117510286
154232,0.0009052944550102672
154233,0.0007192195187536523
154234,0.00048727572473261877
154235,0.001230757533055257
154236,0.0005518609674994186
154237,0.0011847040830651014
154238,0.0006398831023088555
154239,0.0006573347935393622
154240,0.0006919887519076024
154241,0.18271224421265936
154242,0.0005289173082211288
154243,0.0004402010543336416
154244,0.001403420370564535
154245,0.0022732900673956215
154246,0.0006801511061593744
154247,0.0006094873401183277
154248,0.003158185175985276
154249,0.0031515244239225604
154250,0.005605119678045752
154251,0.0009273783160237547
154252,0.0004950530991168593
154253,0.014309545366070452
154254,0.0008184944854274904
154255,0.0008345962263932297
154256,0.000725363733110364
154257,0.0008365568825887259
154258,0.0030340743159837998
154259,0.0026046501036988585
154260,0.000576690398766799
154261,0.0005752689869243563
154262,0.0004944324548249703
154263,0.0016347713263273334
154264,0.000684364890870967
154265,0.001845689294340032
154266,0.0009592435656408517
154267,0.001420012143986786
154268,0.0004440013726593275
154269,0.003819356771357245
154270,0.0040864689885331965
154271,0.0006139114330992549
154272,0.008767998585113592
154273,0.0005074667902741313
154274,0.0006861579254679443
154275,0.0004567205986074206
154276,0.0014415251159831974
154277,0.001152909966517156
154278,0.0005110386529872897
154279,0.0007651137899332738
154280,0.0005016191707287783
154281,0.0012749321121267665
154282,0.004115447433602468
154283,0.0013662198688966479
154284,0.0024338956502448173
154285,0.0006301746763069676
154286,0.0006113681079531983
154287,0.0005661402818405538
154288,0.002033572052126227
154289,0.006567816148574255
154290,0.0010329648769985458
154291,0.002679524764602999
154292,0.0016464651374034352
154293,0.0026642421338159005
154294,0.0006294047331399209
154295,0.0022044447932619083
154296,0.0006663869711956232
154297,0.0009693525141121644
154298,0.0007819712867704038
154299,0.0009010921120325592
154300,0.000544703439309277
154301,0.001598101738486196
154302,0.0007224629371377345
154303,0.000765527791885508
154304,0.001981378859145316
154305,0.9991882387010872
154306,0.0008280833238584972
154307,0.0007363190179763142
154308,0.0007715668582872826
154309,0.0012737097438227385
154310,0.0022466546493096493
154311,0.0013159012212843085
154312,0.0006711002500642213
154313,0.0005284759841021493
154314,0.0009810661973504383
154315,0.009172792424658209
154316,0.0019550316796499464
154317,0.000665668042340284
154318,0.0011229570737272927
154319,0.0006316900730600303
154320,0.0032068053354899076
154321,0.0008291839639182625
154322,0.004750480599755074
154323,0.015667194247394114
154324,0.0009340958852133315
154325,0.0010596805805379453
154326,0.005625615855687903
154327,0.0028778320866155328
154328,0.0005891776457083503
154329,0.0007224255857094815
154330,0.0016834204790999426
154331,0.002648248808418875
154332,0.0005880540762287607
154333,0.0007299969278526056
154334,0.0006413722477272046
154335,0.0007014717495142111
154336,0.0016765249685302536
154337,0.0005568290190304742
154338,0.0013201365471613494
154339,0.0007316724967028172
154340,0.0012685902043201042
154341,0.001085524144594533
154342,0.0013560086098171943
154343,0.0006452135038149075
154344,0.014240948800860711
154345,0.003859768321028984
154346,0.0005816717606609703
154347,0.0011124173429869569
154348,0.001315485481194225
154349,0.00045298043285353607
154350,0.00786218541263071
154351,0.004242278843373341
154352,0.0006375877905474025
154353,0.010422189501422048
154354,0.006609826559312502
154355,0.0009333986775801953
154356,0.0007555415770662623
154357,0.004931109226846769
154358,0.0014075285566948765
154359,0.0005201417756979412
154360,0.004533828754928192
154361,0.004129461387433003
154362,0.00045993179417546184
154363,0.0009323510161701068
154364,0.0007154679538569086
154365,0.0007211033159299931
154366,0.0007235358226550628
154367,0.0007121048235284229
154368,0.006635790179642546
154369,0.0009196609807184271
154370,0.000618610194765502
154371,0.00048532723898297536
154372,0.001044523095336791
154373,0.0008392026136986644
154374,0.0009171221943417748
154375,0.0009341553824606431
154376,0.0016071531228911697
154377,0.0270976246501364
154378,0.0026494917945288315
154379,0.007659753987441667
154380,0.001014455686311381
154381,0.0015167341148951282
154382,0.02312419251532879
154383,0.0029484489147539768
154384,0.0007665836011156435
154385,0.0026879523931306742
154386,0.00041443382230001846
154387,0.0025564254756402765
154388,0.0007128236652620002
154389,0.0006384992478564052
154390,0.006303084206855993
154391,0.0025499616220215253
154392,0.00043477099464274795
154393,0.0009324370813699073
154394,0.9441207739670048
154395,0.0005302261136445573
154396,0.001301113088059966
154397,0.0004726507143926849
154398,0.0016840333807389123
154399,0.003359150339622814
154400,0.0009551148702142275
154401,0.0006947346262641105
154402,0.0006173533582096479
154403,0.0008541660080031171
154404,0.00044860159889365556
154405,0.0018586479669266793
154406,0.00088400748123666
154407,0.00250139098650512
154408,0.0011400146504878372
154409,0.0008062222245086572
154410,0.0006776849689072037
154411,0.0004964726213888461
154412,0.0007305460768972605
154413,0.003962256169204512
154414,0.004817008229190567
154415,0.0005615020153611545
154416,0.005053887337799486
154417,0.0007212897169921676
154418,0.020790394189742732
154419,0.013128818231393263
154420,0.001061835902973335
154421,0.0008468944376428916
154422,0.0006848024428041438
154423,0.003868887851580436
154424,0.0005366275168598356
154425,0.001227472025997838
154426,0.0015040354577354456
154427,0.0010117663835260966
154428,0.008315542419721286
154429,0.004532535041690381
154430,0.0008275237531807228
154431,0.0005228692804867877
154432,0.007149172878068201
154433,0.001023037176919886
154434,0.0007037992902046348
154435,0.0005414238506049189
154436,0.01738374132187597
154437,0.0014702714885244312
154438,0.0010176630448720365
154439,0.0021306700788815323
154440,0.0014360306178729549
154441,0.002983575683609701
154442,0.000915732636832856
154443,0.0005382688599433374
154444,0.0006188484950211508
154445,0.005014858922024643
154446,0.0006304023296406055
154447,0.0005550478554681605
154448,0.005908741948128142
154449,0.0006283773200285079
154450,0.0006831143365006772
154451,0.0008426894604097368
154452,0.0004758707571985976
154453,0.000392597251360705
154454,0.00183780697842874
154455,0.00073519241920859
154456,0.0005767792574493933
154457,0.0004563668058371879
154458,0.003178259535255281
154459,0.001108026049833162
154460,0.0023941980847817738
154461,0.002212652849439394
154462,0.0050729365923734195
154463,0.0007120394878205193
154464,0.0026516492882737957
154465,0.0006099956757695888
154466,0.0004793116967311274
154467,0.03147361241676646
154468,0.00415102341354281
154469,0.0032167534077239632
154470,0.0019782256401602583
154471,0.005018804119802987
154472,0.0005017174868603224
154473,0.0005273233483297623
154474,0.0007412576065058123
154475,0.0011862168620618838
154476,0.0025065984473408628
154477,0.0006777880357462949
154478,0.002000034950593691
154479,0.001819130097757405
154480,0.0004791883397760798
154481,0.0006921071968070739
154482,0.0015202421194126562
154483,0.00378011440893392
154484,0.0012011635921077277
154485,0.0005417597377280422
154486,0.0008313100198496289
154487,0.001631696457116134
154488,0.0009983995119036285
154489,0.0012409907610284026
154490,0.004404739219332556
154491,0.0006260911240763122
154492,0.007470067748142366
154493,0.0013983019134789186
154494,0.0007265893723681161
154495,0.0009989412948590943
154496,0.0012793584541625819
154497,0.001730355915641382
154498,0.0019518411221473853
154499,0.0008151015118380992
154500,0.0006285469545189736
154501,0.0007912014521209758
154502,0.004476663521789898
154503,0.0007316462959987516
154504,0.0007430517653295192
154505,0.003429475384970849
154506,0.0006721767022771466
154507,0.0025108598028439314
154508,0.0022475573776755842
154509,0.0038999114530591816
154510,0.00688868461720176
154511,0.0007424340624786695
154512,0.0003578483636658398
154513,0.0007294916238545137
154514,0.002133886274077599
154515,0.009522284477610048
154516,0.0008171733716228022
154517,0.001546562520746269
154518,0.0005236871450814456
154519,0.0016497841106875427
154520,0.0006432715339073406
154521,0.0005247790772783858
154522,0.0008061863425102983
154523,0.001611333556958825
154524,0.0010341116193922448
154525,0.003021555457428498
154526,0.0002630986480357379
154527,0.0007152189803489449
154528,0.0005754752693606361
154529,0.00051477225029763
154530,0.0006422473306840443
154531,0.0031240645326122167
154532,0.0006968040754136218
154533,0.0006629881362164018
154534,0.004650986144501047
154535,0.0005499334007635605
154536,0.0008332813184822728
154537,0.0014480429663525415
154538,0.0050052048064242495
154539,0.0007186251153678102
154540,0.002737039212849248
154541,0.002282949113013164
154542,0.008009846170473364
154543,0.0009727467469526628
154544,0.0006025283581027678
154545,0.0023560755301364283
154546,0.0010718183815119305
154547,0.0022684231754262754
154548,0.0076012471499733785
154549,0.0010745842535823929
154550,0.0008971026412122502
154551,0.006242953584077416
154552,0.0017934344610935045
154553,0.0007652577869460483
154554,0.0008183067432050062
154555,0.0008957182732844336
154556,0.008277375557149129
154557,0.002410803927924367
154558,0.0015535036691843238
154559,0.0012677759199537196
154560,0.0014580646201047065
154561,0.0005740483187437105
154562,0.0011831562078372672
154563,0.0007086144033127892
154564,0.001121798636682398
154565,0.0005039106376724698
154566,0.0008564876010146141
154567,0.0015330831730879227
154568,0.0014574235952613597
154569,0.0023739320122784964
154570,0.01953997965395718
154571,0.0011519754771542308
154572,0.021579633570071893
154573,0.0017242048897547788
154574,0.0011539436863874314
154575,0.0018305520027481282
154576,0.0038131678046408966
154577,0.002416865852336486
154578,0.0038808979267778787
154579,0.002874406923503678
154580,0.0007361975018224299
154581,0.0012900019657866783
154582,0.0005755946160729031
154583,0.023512425587130254
154584,0.0005311516120195594
154585,0.0006011668687413424
154586,0.0016173080883499975
154587,0.0012709886879073795
154588,0.0006461432127304447
154589,0.0006159930147314363
154590,0.0008472279188905592
154591,0.002850842299773561
154592,0.0008861280109241547
154593,0.0005861312113147421
154594,0.0015543273901034273
154595,0.000735212369378896
154596,0.002834146936890219
154597,0.0005975205158404654
154598,0.02182688919155558
154599,0.0025757439974860843
154600,0.005033361405589104
154601,0.000684545931463634
154602,0.0013318590772253575
154603,0.0018181018913993043
154604,0.000796560852694245
154605,0.007416520209310671
154606,0.0005355707958976379
154607,0.004170072631982148
154608,0.0025453929032012218
154609,0.00046248155573189246
154610,0.0010653922635855022
154611,0.0008241434804471051
154612,0.0009358877571753847
154613,0.0007030510795603568
154614,0.0017576825027399612
154615,0.0006372714492304162
154616,0.014864171851481811
154617,0.0012245647715053746
154618,0.0012338671438950357
154619,0.0009284008134542616
154620,0.0007936240470235404
154621,0.0058649268813881
154622,0.0009906657134556925
154623,0.0017432500894616642
154624,0.000769681410944447
154625,0.0019370335459462712
154626,0.000732169839134779
154627,0.0012640991612886982
154628,0.0025784526046529572
154629,0.040072613157130135
154630,0.01286086522439046
154631,0.0014971568635324395
154632,0.000919964332127632
154633,0.0025846737195099603
154634,0.0013733927443763784
154635,0.0006011763030007485
154636,0.0037515039000240776
154637,0.0008392942760372025
154638,0.0006374596388710105
154639,0.0014471310737591719
154640,0.0008157268571704313
154641,0.002977281316868669
154642,0.0005421761991732188
154643,0.0012236289327576793
154644,0.0012267575492899308
154645,0.0008604000214680117
154646,0.0018959794597705742
154647,0.002844217969370529
154648,0.003584050635020961
154649,0.0032129752499866944
154650,0.0004928915463238445
154651,0.0038333118386347136
154652,0.022631391562355725
154653,0.000639895896906151
154654,0.0019592394943194
154655,0.0005395539775404164
154656,0.0017097930871912905
154657,0.002230017894373828
154658,0.0062885327738931305
154659,0.0008114278112885688
154660,0.01958833837346483
154661,0.006073220831396147
154662,0.0007175139206377833
154663,0.0008266410625520007
154664,0.01379574836422319
154665,0.002930475836987406
154666,0.007177196543183136
154667,0.13490483345441961
154668,0.002129424949802904
154669,0.005239772693857302
154670,0.0010699203463307128
154671,0.001133490732060329
154672,0.0038951364008151185
154673,0.0016152458068198657
154674,0.0007160471902425634
154675,0.0006742745578608259
154676,0.0013705056765575903
154677,0.001410433787213033
154678,0.002680399098560492
154679,0.0025778906334538144
154680,0.0006620420464909637
154681,0.0013752244919597097
154682,0.0019654692194002706
154683,0.002605882395598101
154684,0.0008082855790290501
154685,0.001605143886035111
154686,0.0009293707247084101
154687,0.000683081396312044
154688,0.00907646577097133
154689,0.0010513602349114348
154690,0.0016450397189749864
154691,0.0008958619852936734
154692,0.0015899105449209048
154693,0.007654712541791954
154694,0.0024012893324261587
154695,0.0009191761827846722
154696,0.011041317281312555
154697,0.003948567040272835
154698,0.0005637546085109496
154699,0.0022186609853291498
154700,0.0006338888833340511
154701,0.002157014252217356
154702,0.0011811743937506299
154703,0.004943268663947311
154704,0.0022839823474989102
154705,0.06652481334930994
154706,0.0007396905295543361
154707,0.0008075356422497814
154708,0.004824162623979694
154709,0.0005613041218176257
154710,0.0011100951961158494
154711,0.026052170716675854
154712,0.0007869112868094811
154713,0.0013774265704400946
154714,0.0007161414052637167
154715,0.0006589447326405921
154716,0.0010579056312365843
154717,0.007868567311038764
154718,0.0009522448267821005
154719,0.0024651786536811237
154720,0.0011168054707880143
154721,0.0005927352972786902
154722,0.000969904885161275
154723,0.0008067573698994921
154724,0.005362760457124836
154725,0.0005773401810277941
154726,0.0007506849554585813
154727,0.0013974521761512268
154728,0.0011521145974755515
154729,0.0008117217146071211
154730,0.0008069968915392263
154731,0.0019543355832466348
154732,0.000822599544637764
154733,0.002555287236824623
154734,0.0009626959924141252
154735,0.000979129039411576
154736,0.0007318925289888819
154737,0.0008692829630635938
154738,0.004330553283639928
154739,0.0009132968131584435
154740,0.000579112908305722
154741,0.0017872085689888007
154742,0.0012471919340237172
154743,0.002194037088220835
154744,0.0009263903280834866
154745,0.0007282389907054344
154746,0.0014855064021634748
154747,0.0009837551843056363
154748,0.0006359461661300896
154749,0.0004404022180173379
154750,0.000522989498649387
154751,0.0004424383821603849
154752,0.002246951107830202
154753,0.0008914914615815466
154754,0.000587618922522945
154755,0.0008527696999663897
154756,0.0015880303083445758
154757,0.0006813274555981881
154758,0.005906688240843642
154759,0.002030069149959168
154760,0.0008790188473970848
154761,0.003917660706218433
154762,0.0010302118089731975
154763,0.000807046325461633
154764,0.012193013910166863
154765,0.0008803697660255343
154766,0.0005918680859755165
154767,0.0009726253064876683
154768,0.0031494995493632936
154769,0.000593544732622998
154770,0.015886744433583195
154771,0.0030314223622994766
154772,0.0009388700576664264
154773,0.0005445919858471236
154774,0.0007983886614626395
154775,0.0006485971497591159
154776,0.0004774249404746197
154777,0.005899901056163279
154778,0.0007204633018547207
154779,0.0008191326794365044
154780,0.0010560448252269542
154781,0.0005774450297024341
154782,0.39712631305440943
154783,0.0005676084378837499
154784,0.006575056271081074
154785,0.0018963851697998387
154786,0.01367846365663939
154787,0.0034402181266644447
154788,0.00859437981229396
154789,0.0006436383297420234
154790,0.003047973106076155
154791,0.0004804502295133986
154792,0.006606061231167035
154793,0.003292987584693658
154794,0.0008340991673222663
154795,0.001242526396193187
154796,0.0005664510412531625
154797,0.0008000957722359588
154798,0.012811563049619737
154799,0.0014099044365055132
154800,0.001185813263245487
154801,0.0006504804949890317
154802,0.0025276804614021613
154803,0.0008650818570048908
154804,0.0006488226056816531
154805,0.0005080866475709794
154806,0.0014678634697925458
154807,0.0005901685988274059
154808,0.0007702954509368691
154809,0.0007203737662523038
154810,0.0009330399641276467
154811,0.0006169425671619313
154812,0.001291494546232781
154813,0.000811339742117949
154814,0.0019708899782773363
154815,0.0010819081493356846
154816,0.0007115581052035173
154817,0.0005159265734646084
154818,0.002861115411800727
154819,0.008070392257491996
154820,0.001068722758952678
154821,0.0031437092494068257
154822,0.001357080734981002
154823,0.0013328392749672319
154824,0.0007193166492495935
154825,0.007729018134421416
154826,0.002890357976026197
154827,0.0030007257105730987
154828,0.0007193888721477584
154829,0.0005786232098921866
154830,0.004367018462219185
154831,0.0011027756708379187
154832,0.0010565858120746446
154833,0.0005238828092341602
154834,0.0016947898481321727
154835,0.0007520706901990464
154836,0.0011092461788188184
154837,0.0034661680035471933
154838,0.001970883447513414
154839,0.007527932041461344
154840,0.01650162155258127
154841,0.0008288020923519076
154842,0.0018849613849297258
154843,0.0005356805594537681
154844,0.0008237115884684781
154845,0.0016065378048677186
154846,0.0010493716628083136
154847,0.0009585751054101482
154848,0.0007203786485837425
154849,0.005186816171068614
154850,0.0011198905692686918
154851,0.0051671499431487035
154852,0.007610053952487326
154853,0.0008167207537465833
154854,0.0005207288038055971
154855,0.0009692982951739945
154856,0.0004426830663048961
154857,0.001241777980752036
154858,0.0018757666367030178
154859,0.0020972038083095024
154860,0.030296428116031757
154861,0.004729862480171489
154862,0.00043864066306063197
154863,0.0020765887410668115
154864,0.00040856679859711445
154865,0.002641364346599887
154866,0.0005057896424045193
154867,0.0006035461532263353
154868,0.01721083356912458
154869,0.0010835997640644287
154870,0.006517311177516298
154871,0.0034820614895500566
154872,0.000537249054029952
154873,0.000398774117339556
154874,0.002048917130850753
154875,0.000660002600853432
154876,0.0007823898535059672
154877,0.0006805382850567095
154878,0.0006774925372033195
154879,0.0023474191946011597
154880,0.0006526384673167556
154881,0.0012864173844320966
154882,0.0017023989299969461
154883,0.0004503352740988572
154884,0.004533260713228259
154885,0.0006636624056845901
154886,0.0006176995743403683
154887,0.004374796744433364
154888,0.0022568807198386567
154889,0.0011716388015901328
154890,0.0007493039517961312
154891,0.20232565263151006
154892,0.0004977847147054201
154893,0.006257694878922398
154894,0.000754996448818242
154895,0.0006048580352853452
154896,0.0032923174643354237
154897,0.000764684594445026
154898,0.0030072015472364174
154899,0.0007335424879754914
154900,0.0004928882291404103
154901,0.000741366551605877
154902,0.010294976689296884
154903,0.0005569843251710215
154904,0.008240067629840562
154905,0.023457069249019757
154906,0.0004353739120779243
154907,0.0010737190574339008
154908,0.0013374354973832094
154909,0.0011972455425843845
154910,0.0005656350376948927
154911,0.0009438560605122667
154912,0.00077975160355116
154913,0.0008633319600608897
154914,0.0005849705687725189
154915,0.0005983473084997309
154916,0.0009420715901111036
154917,0.0011109508922488617
154918,0.00515026329553944
154919,0.0059779855060363134
154920,0.0005161964550148693
154921,0.0023530298894339496
154922,0.000870734679895659
154923,0.0006252938692548544
154924,0.0018574810522435138
154925,0.0009718426531836212
154926,0.0008940496460582606
154927,0.0018625331950359357
154928,0.0004730670106193548
154929,0.0015256325786232338
154930,0.0006548837690147377
154931,0.0016743508141181395
154932,0.0013399962189284528
154933,0.0006054373574481945
154934,0.0018165647647108406
154935,0.005556981707770008
154936,0.0007935865130245506
154937,0.0006973115991485931
154938,0.0006828275829274554
154939,0.0006127959404612599
154940,0.0005380162100333569
154941,0.0009832667137035268
154942,0.0007818937873658661
154943,0.009850356257473583
154944,0.0008689466394974079
154945,0.004770026687014775
154946,0.0010628853407373532
154947,0.0007684112222684768
154948,0.005654545554501166
154949,0.000851367545944654
154950,0.0014691620846727614
154951,0.005450209881801902
154952,0.001562064001432243
154953,0.0007584149684387052
154954,0.0007402782670206966
154955,0.0007073625345915902
154956,0.0004159886726600902
154957,0.0090727490654
154958,0.017506272790100943
154959,0.0005636096687793942
154960,0.0007875181667472068
154961,0.001169872554067857
154962,0.001045489211289536
154963,0.0005393862580790707
154964,0.0005854128932994513
154965,0.0006136707536706713
154966,0.005374410471878106
154967,0.0009722588178637216
154968,0.0005092564724148145
154969,0.0007057315980545325
154970,0.00891813714866124
154971,0.0023402542966541127
154972,0.0005871968839817637
154973,0.0017236299828142423
154974,0.009794302558837483
154975,0.001755715108455462
154976,0.0008326580108285861
154977,0.0008674894563875904
154978,0.05802990812373732
154979,0.0008541313630309354
154980,0.009922300125639223
154981,0.0011054911244928554
154982,0.00045780685619067055
154983,0.002367659489529818
154984,0.0008280877704567338
154985,0.008692708274507164
154986,0.0007691046655455581
154987,0.0019499375705235322
154988,0.0006101932380116936
154989,0.008518380363437104
154990,0.000719955417260377
154991,0.003860908407736764
154992,0.0006117634367432283
154993,0.00359957105719311
154994,0.000724918239595175
154995,0.0019025299870409997
154996,0.005712219866627167
154997,0.0016302785452297964
154998,0.021518488502296793
154999,0.001566201032997663
155000,0.007590608202950315
155001,0.01879435387726583
155002,0.995036743641117
155003,0.0028167340994536497
155004,0.0016133955272426821
155005,0.0006385311203769049
155006,0.0007870574326929224
155007,0.0035854644340366244
155008,0.0040315413393424504
155009,0.0009201143066539248
155010,0.0034333286777116206
155011,0.000607622318680755
155012,0.20079108747529703
155013,0.0007304166948969935
155014,0.0006489605720333357
155015,0.0008145414752019564
155016,0.004584775856311849
155017,0.000598256729551217
155018,0.0008167893796890431
155019,0.0038206134366391372
155020,0.0003716869965191187
155021,0.0007125226865708408
155022,0.0010069341793087563
155023,0.9955507486393825
155024,0.004285712339507532
155025,0.003152963377435787
155026,0.0009638604979622374
155027,0.0009915236155832857
155028,0.0013300472855530927
155029,0.001831034033825714
155030,0.0011901136935947509
155031,0.0006190229558501956
155032,0.0035203663481286123
155033,0.0005371245967644295
155034,0.006772238368363522
155035,0.008779811714157877
155036,0.003971393075036192
155037,0.007311722264541396
155038,0.0005712341196372718
155039,0.0008663190880315361
155040,0.00068463127407166
155041,0.0035039675361032124
155042,0.0017044695417500963
155043,0.0015818346200008957
155044,0.0005745843821436782
155045,0.0022457560917996215
155046,0.9915295125956429
155047,0.004079393796288431
155048,0.0008750764454063199
155049,0.0019643071794924107
155050,0.0007932813353733032
155051,0.009012676011870217
155052,0.0006397999710770123
155053,0.0005802410762949593
155054,0.9502586893703456
155055,0.0006853272591924869
155056,0.0011993344266266587
155057,0.0004499147211575138
155058,0.0006302219977033609
155059,0.011894152063623143
155060,0.0014672212845227692
155061,0.0004969692878595412
155062,0.027331004597167027
155063,0.0006604311300266446
155064,0.000528991254734806
155065,0.005307402413425283
155066,0.0006946563077633522
155067,0.0009761401669031848
155068,0.0004335431732211325
155069,0.0034827858491723995
155070,0.0012097767669590337
155071,0.000748009073326371
155072,0.004692822397178996
155073,0.0005716280924366744
155074,0.0008519838606081244
155075,0.0009478477207534343
155076,0.0008360877820528078
155077,0.0006197706474479668
155078,0.0018005139877829495
155079,0.0006371871113672621
155080,0.0020288955463924185
155081,0.0010766853028990006
155082,0.03788162865281505
155083,0.0015433654727354537
155084,0.002171219046714355
155085,0.0011073011470153138
155086,0.007287556558514624
155087,0.001968645753819858
155088,0.0005337576256192371
155089,0.0005741348605311613
155090,0.0027740811472785998
155091,0.005299814741373247
155092,0.00043184076372092955
155093,0.005812430761131072
155094,0.006998579513582378
155095,0.007343236962499242
155096,0.0005013889380547152
155097,0.0016734749513538602
155098,0.0007713874896513454
155099,0.007656350750693368
155100,0.004876519979117184
155101,0.0005803122350557955
155102,0.005749356335289816
155103,0.0011823229344484988
155104,0.0006137674925889392
155105,0.9909270339393487
155106,0.0004657074711242235
155107,0.0006486779397891526
155108,0.004082162819157232
155109,0.0005984374283317355
155110,0.0026060855056867028
155111,0.0018549380904729568
155112,0.005005038056177864
155113,0.002031892857798436
155114,0.000702340502884185
155115,0.002135934560336333
155116,0.001220595980291362
155117,0.001720082114953875
155118,0.0008612149316401735
155119,0.0007485601163754344
155120,0.001827832598912347
155121,0.0005072636835167739
155122,0.0007304018965742266
155123,0.005375593265529757
155124,0.003477789644239242
155125,0.005947769246297805
155126,0.0014473241694776707
155127,0.00493399696779981
155128,0.009238242146335254
155129,0.000519852046581073
155130,0.12051275058880516
155131,0.0005576367545023978
155132,0.00502745011840511
155133,0.0003233774752464704
155134,0.0013246033817729734
155135,0.0012278628225223245
155136,0.003210375210256564
155137,0.0010402001860158898
155138,0.010577432593818853
155139,0.0005558402435172282
155140,0.0011317528191993132
155141,0.0005993921453366852
155142,0.0037535629284429933
155143,0.0005708735297857102
155144,0.0007783544266593948
155145,0.0007151118437678976
155146,0.05888142149527534
155147,0.00048314761831907033
155148,0.001098950658531139
155149,0.0014680216549104504
155150,0.0006190576907948495
155151,0.0006235230780297965
155152,0.0019401175131969774
155153,0.0008961327677914463
155154,0.000517069636567907
155155,0.0007779140018868023
155156,0.0008382033200307355
155157,0.0005684882933357932
155158,0.0006874804284229666
155159,0.000876923141085474
155160,0.0009137229899620574
155161,0.0016900192399807454
155162,0.08446025642721994
155163,0.00282130650627901
155164,0.018301779715410593
155165,0.0008199099189188413
155166,0.000534082565172429
155167,0.0010168539968520972
155168,0.000840084212204378
155169,0.0006425823383087075
155170,0.0018530816410797053
155171,0.0004381451837731314
155172,0.0023468297023725316
155173,0.0007391344827006464
155174,0.005591863007460744
155175,0.0007204668197538303
155176,0.009003114372950543
155177,0.0018041180934126482
155178,0.9983069372463467
155179,0.0007663170759585268
155180,0.0014680335666436984
155181,0.0005782287010690838
155182,0.0005835194962632829
155183,0.00046578909510507343
155184,0.002231478723143201
155185,0.0005779262650525253
155186,0.0004855312701620149
155187,0.023117418282440363
155188,0.0011609738115221206
155189,0.011114196943394529
155190,0.0009434108283985692
155191,0.0011692356287902475
155192,0.014262226023024363
155193,0.0007182686691123473
155194,0.0012107868389445839
155195,0.0020672975651023036
155196,0.00048057843046630486
155197,0.00046529645848291035
155198,0.0013404571288232008
155199,0.0004758190468857657
155200,0.009197726336546384
155201,0.05304237198051822
155202,0.0011307628767715776
155203,0.0007547305091919649
155204,0.0012406914699016045
155205,0.0015105613936576014
155206,0.0006031506778016146
155207,0.0009307539962875237
155208,0.006737006986318369
155209,0.0014511367108027231
155210,0.0007837929610328739
155211,0.0006283746004617876
155212,0.0008034757423908408
155213,0.0005150469501634653
155214,0.0010746157639332991
155215,0.0011765482593575505
155216,0.005824396048169575
155217,0.0020029655143550843
155218,0.0007975856514263614
155219,0.002927653417683515
155220,0.0015593526240933917
155221,0.014651287607666274
155222,0.0006689551713931175
155223,0.001903387728787587
155224,0.00264585017732433
155225,0.001783816841881403
155226,0.0005720036391115604
155227,0.0010619436667843956
155228,0.009854357837682615
155229,0.0032640109824840315
155230,0.0020227200802440167
155231,0.0006875246225119018
155232,0.0012063422872156016
155233,0.00048386902102927234
155234,0.0009799044235372432
155235,0.0005720555916915039
155236,0.004032855052100562
155237,0.009031295157649784
155238,0.036105373284940345
155239,0.0006124401265828456
155240,0.002042443855721892
155241,0.0006624776370662997
155242,0.0007176354577862222
155243,0.005040162855715501
155244,0.0005307006667090412
155245,0.001045916929628357
155246,0.0007381038487511149
155247,0.004494293744003022
155248,0.0013495694057572057
155249,0.0014627168759819452
155250,0.0006148797343154462
155251,0.0016107801147970616
155252,0.000441477023697733
155253,0.00047935801349930946
155254,0.0020478015239630623
155255,0.0011816415860742373
155256,0.9980597459543987
155257,0.005194289807485211
155258,0.0008581330505111325
155259,0.0006557903216215446
155260,0.0005514135503735402
155261,0.000619604348642813
155262,0.0008716453270251573
155263,0.0061621067443345025
155264,0.0006207536376298531
155265,0.02507951981888589
155266,0.0005162632953484385
155267,0.0006891732639090593
155268,0.0017600643117866611
155269,0.0007200462441664011
155270,0.0019835474400929165
155271,0.003908384599792055
155272,0.0012818192729820135
155273,0.0007197697945089485
155274,0.0069822933037765695
155275,0.000658161503479845
155276,0.0010772687755487816
155277,0.008993598332617592
155278,0.0034482207626896372
155279,0.001837093658564918
155280,0.00137154270603392
155281,0.000982001318752951
155282,0.00205203586801053
155283,0.0025970867634849855
155284,0.0006962065226236893
155285,0.0018032562764250257
155286,0.0018736295381627053
155287,0.0010079476903273386
155288,0.0007473052046832261
155289,0.0014160967702415324
155290,0.0006057774060161535
155291,0.0008937764655501517
155292,0.001863237098357549
155293,0.0024239793818680837
155294,0.0010901204253509261
155295,0.008119290609261445
155296,0.002961023881333124
155297,0.0004732691002293932
155298,0.0004174252168823632
155299,0.0009841301613002838
155300,0.0005427243370690392
155301,0.0023247825612411435
155302,0.0020504093609449423
155303,0.003896644041526443
155304,0.0017526912838267481
155305,0.001505345571920507
155306,0.0007382999118319084
155307,0.0005262659432109349
155308,0.003330873873429116
155309,0.0007935142954754611
155310,0.0014908289891520082
155311,0.0015748128530025008
155312,0.0004104196872897699
155313,0.0006921985930305074
155314,0.0014210622149757074
155315,0.0029536270890222786
155316,0.00211130491168339
155317,0.0007610731313212716
155318,0.0014832672860997744
155319,0.001221923976423899
155320,0.0018775234054960136
155321,0.01920571953217046
155322,0.006406642426585993
155323,0.005870517386869783
155324,0.0005478532672377042
155325,0.0004978287079861835
155326,0.0007224570093066656
155327,0.0005804187845298739
155328,0.0015232085194178363
155329,0.0006109036364132022
155330,0.000492630412921238
155331,0.0007881292106437273
155332,0.0006219801718396075
155333,0.0028659746405663078
155334,0.0006599546376466691
155335,0.00054738349396313
155336,0.0008078532793719755
155337,0.0011040801392078238
155338,0.0010087989746731594
155339,0.005587112375418521
155340,0.0009574824832880671
155341,0.0007670647780464422
155342,0.0010285157251394765
155343,0.0018123593580041406
155344,0.0019583390147870014
155345,0.0006536972040364177
155346,0.0007687432714327715
155347,0.0044619187833351065
155348,0.008020302565391746
155349,0.0037257793872439507
155350,0.0004427062042818864
155351,0.0016416820582318369
155352,0.00056278206779102
155353,0.0012326684341979173
155354,0.001687143559680488
155355,0.001506463676905522
155356,0.0005909351551613023
155357,0.0004725780173634014
155358,0.0009648876535145829
155359,0.0017994650256717038
155360,0.0008355882396695916
155361,0.002383686119442875
155362,0.005946552787725133
155363,0.0005396021228561326
155364,0.0005662278532853309
155365,0.9890025562564977
155366,0.01783553458102416
155367,0.000973856908609579
155368,0.001634736805996679
155369,0.0006995580738424601
155370,0.022031882541075083
155371,0.0005051941506763559
155372,0.0024778836678905924
155373,0.00046688045562546707
155374,0.00291315144768068
155375,0.00321065437977723
155376,0.0006980950995956144
155377,0.9954464564065617
155378,0.016688878911238093
155379,0.0021702368073649174
155380,0.001083466667280764
155381,0.000585910038055388
155382,0.0007038488305958453
155383,0.013400671378150226
155384,0.001081623063729718
155385,0.0009077565732632303
155386,0.0006390432663259942
155387,0.0006844587351398522
155388,0.0005778179648695402
155389,0.0009562589784395377
155390,0.0008245255768962925
155391,0.0032031964135758443
155392,0.0006329402016125089
155393,0.0004772390253880568
155394,0.0009011627714100904
155395,0.0007102843530437201
155396,0.007848318939306277
155397,0.001422837712651866
155398,0.002998964067714664
155399,0.030098486618187127
155400,0.0016833107477281614
155401,0.0006347136601907604
155402,0.0032644243157276525
155403,0.002650347414871305
155404,0.0008501265438910116
155405,0.00070049990734886
155406,0.001968544451759418
155407,0.0005246474287639317
155408,0.0009474908334003893
155409,0.001299514538484585
155410,0.0008323060124344891
155411,0.00521455775393895
155412,0.00044398886794887356
155413,0.002085861394292394
155414,0.004699153999181124
155415,0.0007531362764285816
155416,0.0005589027986608651
155417,0.05875206470740524
155418,0.006473629712679892
155419,0.0031331769817886314
155420,0.0018284813749589153
155421,0.0008969724430590884
155422,0.0010265090549833305
155423,0.0022064753666224826
155424,0.001961746149798359
155425,0.0006405521424104523
155426,0.0030639326641014666
155427,0.001102523319522545
155428,0.0017029208825629777
155429,0.0014642993991512768
155430,0.01028279772826271
155431,0.0008406484083178691
155432,0.005249432477914652
155433,0.0008201986056536963
155434,0.013160407476466372
155435,0.00042122956966451875
155436,0.0013711895789267781
155437,0.000810420050294493
155438,0.002494901144681117
155439,0.001193863095455357
155440,0.0030998186177696985
155441,0.0006410507441794458
155442,0.0012043020809451572
155443,0.011235870019668538
155444,0.0008263741992246062
155445,0.0014769571705269338
155446,0.0004462388435635909
155447,0.0006887942805653291
155448,0.008657723211815767
155449,0.0006197086685493985
155450,0.00080723983881056
155451,0.0005056900893381805
155452,0.0031497441801386036
155453,0.9961572685340319
155454,0.007309538292441542
155455,0.0007776267365073309
155456,0.003988676936116686
155457,0.01852666970563399
155458,0.00552787315193236
155459,0.0025611547118242206
155460,0.0008634815662872124
155461,0.004608070670160653
155462,0.0056359815517562604
155463,0.002430176271011144
155464,0.0007254439984199229
155465,0.0005653784708704058
155466,0.0006223139009980184
155467,0.0008126758112548924
155468,0.000845959145388946
155469,0.003011608479854981
155470,0.0005865212756265482
155471,0.0010093515038546914
155472,0.0010147257172485346
155473,0.0027118416677275963
155474,0.0011643801908370684
155475,0.0005569487221110847
155476,0.000548770735580889
155477,0.004587798128443298
155478,0.00046105051707729446
155479,0.000550009655940209
155480,0.0004410244406814893
155481,0.0007193560866005211
155482,0.0018651816468388102
155483,0.0004155897043963832
155484,0.0021372608331556497
155485,0.003159700919350663
155486,0.0005583438453934028
155487,0.0014696758482016829
155488,0.0028870197734765647
155489,0.0006560006377808259
155490,0.0005660018506508226
155491,0.0005012561062366916
155492,0.0005722975285447375
155493,0.0018472608982634429
155494,0.08169622097845276
155495,0.0005475377780999064
155496,0.005479665375986391
155497,0.0006501918518651351
155498,0.0005876212631650813
155499,0.004390592396915573
155500,0.0014096532223683666
155501,0.0013952589218987062
155502,0.0005615330775175742
155503,0.0015344835415606
155504,0.000998572885025628
155505,0.0006298371258117796
155506,0.0011309198292775756
155507,0.0006327524540337029
155508,0.0006268636947915796
155509,0.0005849869354623351
155510,0.0036143409659501525
155511,0.0015444398340347268
155512,0.0005297173976827366
155513,0.0014609590662964078
155514,0.0006036766880241434
155515,0.003724585554920685
155516,0.0007323999685491169
155517,0.005715798158881083
155518,0.0011506152639456126
155519,0.011786816796311836
155520,0.002982681395874595
155521,0.0065641881651810376
155522,0.003988192486529461
155523,0.0004885220615304175
155524,0.007277270710945627
155525,0.000868304384972937
155526,0.027258045789639
155527,0.000469772886632776
155528,0.000562144549599324
155529,0.0008816975674578948
155530,0.001606428571776499
155531,0.001345382527599904
155532,0.008063973576050192
155533,0.0009948276370225653
155534,0.0010908998717533832
155535,0.001227344927387806
155536,0.0007089466221145316
155537,0.0004208671443134488
155538,0.0007858547717703359
155539,0.0006414431615937498
155540,0.0032433344246617776
155541,0.001982472206580388
155542,0.006272128291425412
155543,0.001686134996410505
155544,0.003778350468065231
155545,0.0011914932397611515
155546,0.001987369548276821
155547,0.0026942995155180478
155548,0.00560766604829957
155549,0.0021041464171447136
155550,0.0007870289963128952
155551,0.00105552269661516
155552,0.00046433070940139705
155553,0.00043650041135794005
155554,0.9927736970269264
155555,0.000591814013941341
155556,0.004181638177854996
155557,0.16637805294751473
155558,0.0025416505436504063
155559,0.020904402333428364
155560,0.0005981033355662334
155561,0.006502669414547387
155562,0.0004641925057928232
155563,0.0007945222146089251
155564,0.002011260322785274
155565,0.0014592077149553568
155566,0.0011936789805003546
155567,0.0008274650200219005
155568,0.0011641037892721857
155569,0.0013029367307478227
155570,0.0010164912477227065
155571,0.0025553859477883004
155572,0.0013203634442624586
155573,0.0007846499043876927
155574,0.0006366316473797762
155575,0.0009722117476583133
155576,0.0005996579020495225
155577,0.0008909200502247537
155578,0.0008069441344834818
155579,0.000529705759572362
155580,0.0007309328547066089
155581,0.015588601249758145
155582,0.0020445576130749114
155583,0.0018168993578028285
155584,0.00048070320158488146
155585,0.0019396872300829118
155586,0.0013258880757754403
155587,0.0010703412716273712
155588,0.0015673037985940675
155589,0.0010954057739883723
155590,0.0008576180395273369
155591,0.001870921468311935
155592,0.0006566578090191227
155593,0.006391830539016451
155594,0.0015508074861239592
155595,0.006125256205974049
155596,0.0014120843080668334
155597,0.0037973005457276597
155598,0.0007160798857832976
155599,0.00046727349222753736
155600,0.0009708118553974507
155601,0.001084811519545589
155602,0.023990677552910983
155603,0.0006121740089385969
155604,0.0010462523491776212
155605,0.0005050188574853857
155606,0.001042402965062885
155607,0.000592073587198461
155608,0.0011166483222769014
155609,0.004367821191508722
155610,0.00047045438503141146
155611,0.0008653954615984259
155612,0.0010843835970856315
155613,0.0005363902013564535
155614,0.0011399878528286856
155615,0.005996387400730842
155616,0.000564427578780564
155617,0.0006525536870368911
155618,0.001979608049501271
155619,0.0008707663288756576
155620,0.0011591492667290702
155621,0.0007479638017873442
155622,0.0007604592829708111
155623,0.0006611348801252283
155624,0.01372469777228528
155625,0.001347612334069667
155626,0.004321002948594286
155627,0.0007319580521086176
155628,0.0043203674441917705
155629,0.0012636473168551846
155630,0.10799134500177048
155631,0.0013619946634107905
155632,0.0006661917337818759
155633,0.0004587653563410385
155634,0.0007503345052945214
155635,0.001964444391655865
155636,0.0008041845575004474
155637,0.0005454625187864901
155638,0.0023692702348775013
155639,0.0030065380935101246
155640,0.0007998888143389635
155641,0.0010617452893290997
155642,0.005083936002322349
155643,0.0009640569993548287
155644,0.0034928338151530977
155645,0.0005007508927489402
155646,0.009653330035477733
155647,0.0006522763025783866
155648,0.0010888332106870299
155649,0.0009946947641241858
155650,0.0005828836020030118
155651,0.0016328231977067514
155652,0.0030913519370594144
155653,0.0007446385204674022
155654,0.0008624589827095801
155655,0.0007084958026817717
155656,0.0010397673124037557
155657,0.000506299606718688
155658,0.00408539878896247
155659,0.0008244611752764254
155660,0.0013407623007584534
155661,0.0007591481058760666
155662,0.0010328452354058252
155663,0.00100996274874196
155664,0.005263994270739985
155665,0.0022829242441171106
155666,0.0004096656292012641
155667,0.0010542284686130233
155668,0.000736978279943469
155669,0.0004524326608674642
155670,0.0006162059557562236
155671,0.002627660924193191
155672,0.0017314440089608184
155673,0.0006813346572672242
155674,0.01956536128483267
155675,0.0005248350694268966
155676,0.000454607344692198
155677,0.000538672876503139
155678,0.0007115857701342582
155679,0.000749456714986803
155680,0.001682756724555105
155681,0.009542699203098562
155682,0.0008639171413967321
155683,0.0015952908217815298
155684,0.0007392499095631554
155685,0.0007796925812375916
155686,0.0010510336762364829
155687,0.000724565362541922
155688,0.0012234999416657036
155689,0.0007003119871342329
155690,0.0013165422418288252
155691,0.0017834774556535944
155692,0.002511228644985738
155693,0.001809490411661896
155694,0.0012363939842451237
155695,0.002092850977747183
155696,0.0014029856504635158
155697,0.0006049839411724337
155698,0.004875872018814422
155699,0.0013105559706858773
155700,0.0027881716833446065
155701,0.0057790551390565345
155702,0.0006883039192568726
155703,0.0014164476202475013
155704,0.005976273121918601
155705,0.004039774788796427
155706,0.0011418021998122012
155707,0.0063848729557679776
155708,0.0005204465780123975
155709,0.0009604089689059659
155710,0.0005281534428175686
155711,0.0018009138979060823
155712,0.0010463773657979707
155713,0.05394488555119381
155714,0.025198258282269355
155715,0.015598262933680433
155716,0.0034109179851429996
155717,0.024991562971085256
155718,0.007271415436355068
155719,0.004555759771592539
155720,0.0006539309114820422
155721,0.0006769134384334743
155722,0.0006138759017896926
155723,0.000481651795361794
155724,0.0010818773555934216
155725,0.0021264943706726727
155726,0.0023794502089959646
155727,0.0009337284881490559
155728,0.0015483884016161283
155729,0.0007109350174241381
155730,0.0004132826493401704
155731,0.001104764938864178
155732,0.0026074166659390634
155733,0.0024008350367336184
155734,0.000585027612997405
155735,0.0009213719689574601
155736,0.0011044522713317133
155737,0.0007552085845076216
155738,0.006193209034272866
155739,0.0059071441417717484
155740,0.0006237102921057137
155741,0.005719047957266632
155742,0.0005863991278280442
155743,0.0005914368457899772
155744,0.0006053101714643164
155745,0.002181335638375295
155746,0.0006333161183609568
155747,0.0006150785274868845
155748,0.0013637747855023542
155749,0.0009224653205539153
155750,0.0006035281666477865
155751,0.013228700525997488
155752,0.0006635013374881385
155753,0.0007826048779801605
155754,0.001690890098008476
155755,0.0019517270866430615
155756,0.0007027396013407365
155757,0.0004767256317145006
155758,0.01210521130182042
155759,0.0006282366415847568
155760,0.000659828042116441
155761,0.0013028813006218478
155762,0.0008920161351559067
155763,0.005549859611913909
155764,0.0004411014283926888
155765,0.0005678722514132232
155766,0.0010245735575196068
155767,0.048698390580568
155768,0.00042923025894364784
155769,0.00100747110549623
155770,0.003212577215350422
155771,0.0007312011547499695
155772,0.0006925888675656435
155773,0.0005208054176530561
155774,0.0016312886911195516
155775,0.0008464226981754021
155776,0.00129975342185261
155777,0.0015889784989613618
155778,0.0005793467859110793
155779,0.0006475783942289865
155780,0.0019202529564446413
155781,0.0004478033379575844
155782,0.0018303624984684075
155783,0.0009484589322228589
155784,0.0045358829261524635
155785,0.008167066514070868
155786,0.006734170182535446
155787,0.0030727984757141415
155788,0.0006237953934494766
155789,0.0009526986931788193
155790,0.0004743172527584753
155791,0.0005771987351292255
155792,0.005889598397025872
155793,0.0011895917330398645
155794,0.001222933935947875
155795,0.001408957506175348
155796,0.0007075396139131593
155797,0.0007272105416240755
155798,0.0004653397791081257
155799,0.0005145671547697772
155800,0.0004295943636288319
155801,0.0006099451146469047
155802,0.000658520182434602
155803,0.0013127745235227166
155804,0.0006474136884673108
155805,0.0006539805461967895
155806,0.0014295903180304983
155807,0.000707215694667215
155808,0.0008662376676067401
155809,0.0018002110392765453
155810,0.000888939700777112
155811,0.0005083511654498888
155812,0.0022280762173478505
155813,0.007668022615085901
155814,0.0007108848288329702
155815,0.0007016146315675685
155816,0.0006057662156682541
155817,0.003696609082822067
155818,0.0023879450584225956
155819,0.005798430909875397
155820,0.0017577226458220878
155821,0.0008159177289042856
155822,0.0006635159836698856
155823,0.0014263490421412108
155824,0.002625558180169033
155825,0.004227039763755551
155826,0.0007950334755906601
155827,0.0006491324963874029
155828,0.0006472308966027338
155829,0.002779752342075181
155830,0.000646720282531738
155831,0.0017416413076981113
155832,0.0010553343051675436
155833,0.0008268143868190745
155834,0.005588423461456835
155835,0.00044793555224009203
155836,0.0010232554673664316
155837,0.0018065840969861023
155838,0.010786703709477027
155839,0.0007717803690135121
155840,0.0034983856220112447
155841,0.00045573740750243957
155842,0.0005086715334110358
155843,0.0017357881559122046
155844,0.012892695315926694
155845,0.0007087690260470416
155846,0.0006486555800741399
155847,0.0045497117634833075
155848,0.0004766978471543521
155849,0.0019232857465071372
155850,0.0010025297691558359
155851,0.0005965829713173757
155852,0.000773465082361387
155853,0.0005834990695374666
155854,0.0004479620189863962
155855,0.0009764971651258091
155856,0.0005386828600831553
155857,0.0015508716339402238
155858,0.0012458897913144992
155859,0.0009656354991219116
155860,0.000793338241736169
155861,0.0012178760190483954
155862,0.0005360260704572274
155863,0.0007093625392747824
155864,0.0010744061957233932
155865,0.0008216750195596714
155866,0.0021196518652574717
155867,0.0013754274038184702
155868,0.00048825890292094216
155869,0.002062020145453125
155870,0.0016337127608107584
155871,0.0012562210183480454
155872,0.0011877211071763206
155873,0.0006529369176901297
155874,0.0008086412081364595
155875,0.002218973735985084
155876,0.003081479839621906
155877,0.0010023113530170436
155878,0.014637963084224315
155879,0.0009067303807781366
155880,0.010238009104526621
155881,0.000784409428840221
155882,0.0028364536804095985
155883,0.0004839819240297165
155884,0.0005946780916765336
155885,0.0006716807271657508
155886,0.0005488123880581597
155887,0.00045956321042123514
155888,0.000912720570543692
155889,0.000834849981191561
155890,0.0009282870513048336
155891,0.0007912927851239102
155892,0.0009798560798085646
155893,0.0005490033303478264
155894,0.0017100330121680996
155895,0.0009121080918577927
155896,0.0009414706854486115
155897,0.03689780750194406
155898,0.0017111880027879047
155899,0.0006955918066125983
155900,0.0008317229161901062
155901,0.008030240312362312
155902,0.0011295195315608147
155903,0.0010223233965626036
155904,0.0035630242653283614
155905,0.0007716179191293727
155906,0.0011274267839655192
155907,0.0009221236423173375
155908,0.001524679877623194
155909,0.006297474112529897
155910,0.06294937927671286
155911,0.0022777688981370494
155912,0.003976506411719487
155913,0.015707568608624857
155914,0.0005548464449560146
155915,0.0006014827266175554
155916,0.00044809255237791395
155917,0.001159301526844163
155918,0.0008324485488113246
155919,0.00613688810291407
155920,0.0005201702936361375
155921,0.00239679174171396
155922,0.0007548928688209107
155923,0.004770713116811785
155924,0.0007906514080505601
155925,0.0008674127209459066
155926,0.001297300236403482
155927,0.0004960070170529755
155928,0.004771400672550636
155929,0.0011591570494200272
155930,0.001274910892166137
155931,0.0009203636892568711
155932,0.0025126572107417406
155933,0.0006782283150229122
155934,0.0009569771673364068
155935,0.0017219404140382624
155936,0.0008563131428310041
155937,0.0007409908730172032
155938,0.0007658315224910908
155939,0.0032076269393336732
155940,0.0005510789502230848
155941,0.0022057111480587453
155942,0.010212027888901897
155943,0.0006471081115803487
155944,0.14212337606759812
155945,0.0009777892617520438
155946,0.001809543261347212
155947,0.006350195812203907
155948,0.0021759436115457087
155949,0.0005847331062172549
155950,0.015072339547616592
155951,0.0009026218611042722
155952,0.035442473089129484
155953,0.010092672769674661
155954,0.0057968120258281965
155955,0.0008213838080566277
155956,0.0004997346961829775
155957,0.003952389656823844
155958,0.001140252731251139
155959,0.004066334785008558
155960,0.0004985844415860656
155961,0.0015762204362172448
155962,0.0007341824598337518
155963,0.0006368975726709224
155964,0.0005138331943179158
155965,0.0029865081145385745
155966,0.0005971966723189884
155967,0.0006727116912033926
155968,0.0012760136079406636
155969,0.0014715983258341502
155970,0.0018218762129866618
155971,0.0004966167141511141
155972,0.000965546604671534
155973,0.000626854240502112
155974,0.0006083490305097716
155975,0.0028188911480200936
155976,0.0009050964855037855
155977,0.9540304555767348
155978,0.017983243593763833
155979,0.0006566416726220181
155980,0.000582398849381545
155981,0.00233836459553339
155982,0.0006586437355349617
155983,0.0007315298319944279
155984,0.013990675363660585
155985,0.001450514709104315
155986,0.001104746773014024
155987,0.0013526927758960175
155988,0.0014344456213780193
155989,0.000612463261041042
155990,0.0008167645208346037
155991,0.0005935862801513679
155992,0.0009208189656963667
155993,0.0005490057168996602
155994,0.0006603731156558968
155995,0.00472064987488463
155996,0.0009057220835767734
155997,0.0006805633436025018
155998,0.0004417994006975644
155999,0.0007894906366553618
156000,0.0005791730891613325
156001,0.0009187407245615089
156002,0.0014387537607562244
156003,0.0007701717188374276
156004,0.0005955834885161329
156005,0.001361436710514284
156006,0.0012061719492952251
156007,0.0007948675399256193
156008,0.0006978865237624462
156009,0.0013922079921603217
156010,0.0004307376245918112
156011,0.0006030330719044908
156012,0.00201965710345018
156013,0.003393104477241794
156014,0.0047677679097656725
156015,0.0009823601866246006
156016,0.0012099840243347032
156017,0.0006792166825890392
156018,0.0007400196625358335
156019,0.0024973720211320573
156020,0.0035609529229377462
156021,0.004084193832960973
156022,0.0005959498956612971
156023,0.000696881678641906
156024,0.003556615780574705
156025,0.00034752587648740246
156026,0.0006473993876755505
156027,0.0008344982999993458
156028,0.000543034234579215
156029,0.9809482331197241
156030,0.0012871676458036743
156031,0.0031832703414874874
156032,0.0006884952483195126
156033,0.0018309215583376048
156034,0.007592523764539016
156035,0.0004607295144366965
156036,0.010316016487224657
156037,0.0006328921214283779
156038,0.003780531198105877
156039,0.0007086397695167231
156040,0.005087383840607567
156041,0.0004411266081040925
156042,0.0020232722254579024
156043,0.014748873289277976
156044,0.001985208411337305
156045,0.0024000275535210574
156046,0.0006549765460339726
156047,0.0004872338509236685
156048,0.0005346932805650076
156049,0.0005641012854279929
156050,0.00537274312270955
156051,0.0005804037893466069
156052,0.0014623041847768806
156053,0.0009651973438991419
156054,0.0008132946920712675
156055,0.0009016152551419381
156056,0.004870830827029091
156057,0.0012610155733581295
156058,0.0004968660321539972
156059,0.009622661430362806
156060,0.0004930476189299846
156061,0.003151341620288373
156062,0.001500733003048811
156063,0.000632960847441282
156064,0.0188913818882653
156065,0.0005879315397901052
156066,0.0005579317322773312
156067,0.0006552138234953198
156068,0.0009713599365612441
156069,0.001370721357276223
156070,0.0007536269872788656
156071,0.0010639593113841094
156072,0.0006814928772251724
156073,0.010256335893715735
156074,0.0009133594176296923
156075,0.0006395299732240244
156076,0.0007963372624533365
156077,0.009241442960114806
156078,0.0017389896945263878
156079,0.0022910692808199755
156080,0.0015784643132273832
156081,0.0004510140940006986
156082,0.003256228178799506
156083,0.0005150743384163516
156084,0.0006275394852441711
156085,0.010212617638165172
156086,0.0009522226475757072
156087,0.0009316323804730122
156088,0.0028162646237115787
156089,0.0007432365407003418
156090,0.022190828631466236
156091,0.0005431083277804348
156092,0.9964029709260216
156093,0.0032514803860207754
156094,0.004720939824820959
156095,0.001067541435159945
156096,0.0006482437150737833
156097,0.0032292057629495193
156098,0.10874292027959911
156099,0.0006855333440435262
156100,0.0008757446182997048
156101,0.0008731064848529779
156102,0.0006092001927031109
156103,0.002488494055214713
156104,0.0006635441550866178
156105,0.000739447032223287
156106,0.0020573558568235412
156107,0.0009735647103206234
156108,0.0005682193255200308
156109,0.0012807971698099167
156110,0.0030233468139505048
156111,0.0008817655521733898
156112,0.0007078186506936767
156113,0.0017570000761591837
156114,0.0037021011176410945
156115,0.0038502670245764634
156116,0.020568659769377887
156117,0.0018311370158586471
156118,0.0021002467441531346
156119,0.003924444304982956
156120,0.01444995735598752
156121,0.0008833385408422384
156122,0.0009851462036854003
156123,0.0007209807530716122
156124,0.0017587353308361618
156125,0.02734202505122454
156126,0.0014300226473869858
156127,0.0023153086931510447
156128,0.0017476141942896633
156129,0.0006105397119277738
156130,0.0006243985445694446
156131,0.0017074149735173889
156132,0.001427013015265993
156133,0.0023781564275049943
156134,0.005007508129335363
156135,0.0015108502522400437
156136,0.004936157311846608
156137,0.004820673753227091
156138,0.0005586901535319682
156139,0.0005288213365989495
156140,0.0014114887619354824
156141,0.0034582612388557067
156142,0.0015690945148812353
156143,0.0008685222076512406
156144,0.0007126556498026198
156145,0.0016675415787373792
156146,0.0013987944338861
156147,0.018056781786538502
156148,0.0007596398131402612
156149,0.003545977412459364
156150,0.0007669291554055055
156151,0.0007454905506091465
156152,0.0006740099533559847
156153,0.0019440620764644566
156154,0.0008150558533226355
156155,0.005366326172126171
156156,0.00294357176839827
156157,0.0008316848251822017
156158,0.0005649341600165122
156159,0.0024796176797698757
156160,0.0005926680921873497
156161,0.0008290234447505371
156162,0.0014706179318437632
156163,0.0015506257151311335
156164,0.007801314053110544
156165,0.0018958205205488014
156166,0.0006542268343252988
156167,0.0016841145011409204
156168,0.002128397178345542
156169,0.004767576013353361
156170,0.0006524651651509453
156171,0.008518721630070338
156172,0.001554320860840584
156173,0.0010501660358712577
156174,0.0006970236951695907
156175,0.0008878737073822686
156176,0.0011120667500439249
156177,0.0013222959475656347
156178,0.057035614487673233
156179,0.0005723112731253429
156180,0.0007413699661174852
156181,0.0027733575030789302
156182,0.005302831060266867
156183,0.0017552576625157533
156184,0.0006258086883680811
156185,0.0011239052438857845
156186,0.00723464836417927
156187,0.0015691805461912093
156188,0.0015308056681729715
156189,0.0026710713587924395
156190,0.020446598361820372
156191,0.0008353304068784461
156192,0.00315408413581845
156193,0.0008685242835704766
156194,0.0004157418324911134
156195,0.0005716493117370281
156196,0.006075051798125039
156197,0.0006446884034833502
156198,0.000540623606593312
156199,0.0017026297593107187
156200,0.000912746068655188
156201,0.012354078534483302
156202,0.005090627314435049
156203,0.000803515746075351
156204,0.0007412220236984682
156205,0.008368693090839988
156206,0.011719684271881158
156207,0.0006638268299187834
156208,0.0007474247994558914
156209,0.0008565811678221092
156210,0.0023648362211375995
156211,0.0027555396352049203
156212,0.0005167401830471995
156213,0.0007556664314088314
156214,0.002823852152158462
156215,0.0004893436766847799
156216,0.0007840212550182233
156217,0.005730485320786378
156218,0.0006159848699468333
156219,0.0038253985851461835
156220,0.00399082150380128
156221,0.001305651059741721
156222,0.0008672870059834811
156223,0.004298395768072853
156224,0.002365411482152392
156225,0.000529539767213853
156226,0.0008043185676765184
156227,0.0010811173991677149
156228,0.0008281861654780225
156229,0.10997326688809686
156230,0.0005034352552641786
156231,0.001121649094828073
156232,0.0073601173909316475
156233,0.0014363499992395361
156234,0.004542375911291592
156235,0.002711317688889616
156236,0.0011325192383885702
156237,0.001645826672938784
156238,0.00075976813903243
156239,0.0034102388528155746
156240,0.015500961659824848
156241,0.0005428669672226873
156242,0.002432413720330814
156243,0.0007636037882150018
156244,0.005711555143740309
156245,0.0006970661819596837
156246,0.0006979456972449827
156247,0.002462457717137964
156248,0.0005109841534460924
156249,0.0004861424909358779
156250,0.0005780206448701091
156251,0.0010127771972521361
156252,0.0038002847289696417
156253,0.23969435569653144
156254,0.0007987953117686128
156255,0.0005654463976873116
156256,0.0006219057029648969
156257,0.004337071737527989
156258,0.0015588260108567046
156259,0.0009064426109774168
156260,0.0005184078349310104
156261,0.10823151357823436
156262,0.0005546729877633646
156263,0.0005242902008016563
156264,0.0007336782246517811
156265,0.001067783877875055
156266,0.0012483158602116166
156267,0.0025649672062196018
156268,0.0006638785320782829
156269,0.0033387538950425703
156270,0.0013472920877266718
156271,0.007500428553966008
156272,0.0010538223574297957
156273,0.0006322019929206595
156274,0.0051800088321712085
156275,0.003985348264742714
156276,0.0008630865248077872
156277,0.002877703766303452
156278,0.0006218928083530841
156279,0.00040948371675251973
156280,0.0008780112268841447
156281,0.0006676710787196043
156282,0.0005438910908481698
156283,0.007210419150549556
156284,0.0034796825028239648
156285,0.0006051518973650833
156286,0.008613691045600495
156287,0.0006295950652663769
156288,0.0064502487994600975
156289,0.0006668526307569047
156290,0.0018754633984955174
156291,0.0004584519140324055
156292,0.01083639543294219
156293,0.0015924874197096686
156294,0.0008715520313007108
156295,0.001409720155803843
156296,0.007669753629571486
156297,0.0006069593470972638
156298,0.01551417639332997
156299,0.001542073978995604
156300,0.0005162051820559681
156301,0.001142540989453531
156302,0.000720971579993701
156303,0.1768968514425625
156304,0.003138105662294845
156305,0.000661832910499343
156306,0.0016584358482208354
156307,0.0020204391210399053
156308,0.001574410576079135
156309,0.0033087176829141854
156310,0.04255604821103461
156311,0.009030137896785667
156312,0.0008933123790583688
156313,0.001609732187588231
156314,0.0008419633796502824
156315,0.018219843225843326
156316,0.015514154028227055
156317,0.0007025634418188313
156318,0.010412599121681895
156319,0.000980423863187182
156320,0.0015253627555497
156321,0.002846797118996593
156322,0.0013138648282046586
156323,0.0009619233089250706
156324,0.0022224929212753377
156325,0.0006155597931560323
156326,0.0015181082579145523
156327,0.0011562398377403301
156328,0.0006805013956160072
156329,0.010435453762919648
156330,0.0004218044966734192
156331,0.0004893561012112738
156332,0.00110266606710586
156333,0.003487538646158458
156334,0.013202999152671927
156335,0.0006169571750920021
156336,0.0008171639926074579
156337,0.0007620053565693149
156338,0.0008192866931634084
156339,0.0008611983391666692
156340,0.011177214899048809
156341,0.0007041853773410549
156342,0.9978553783446916
156343,0.001642665613602266
156344,0.003079582707545825
156345,0.001019474946086124
156346,0.005247961397745306
156347,0.009679971419565577
156348,0.0018608503265609012
156349,0.0006596166954416227
156350,0.0015636588869291515
156351,0.0009511098000074344
156352,0.0036220271021588576
156353,0.0004572345893019218
156354,0.00278903753071732
156355,0.0006086296437478871
156356,0.0005187308240639937
156357,0.0050939339551920055
156358,0.0031553072254008885
156359,0.002555827537616381
156360,0.0010927430426900808
156361,0.004965966570034843
156362,0.0009633205642900932
156363,0.0004101243490477404
156364,0.0005951362967148146
156365,0.0007558700916414105
156366,0.012588647033939653
156367,0.009398691748640407
156368,0.0007927038656172037
156369,0.002358670649804547
156370,0.001014110922119346
156371,0.0012947546952422632
156372,0.007191790608475028
156373,0.0014107742132489992
156374,0.0035742960141646363
156375,0.0034251177322480045
156376,0.0007511690181346642
156377,0.9891385351914685
156378,0.0005341373294821741
156379,0.0005629411154208808
156380,0.006112109190822977
156381,0.0013838472537845647
156382,0.0037774263423348323
156383,0.0006841317258839782
156384,0.0038412426969773993
156385,0.0004744080673615483
156386,0.0011633049697883624
156387,0.0007594387705877814
156388,0.0013250992779399817
156389,0.0009451590755073013
156390,0.001422048818703232
156391,0.009376174541272549
156392,0.0015611597298700306
156393,0.10793173923077191
156394,0.0012532745559801959
156395,0.0009615480633278238
156396,0.0016183286250885112
156397,0.0020427969824416054
156398,0.0012688540230950435
156399,0.0007532289029637413
156400,0.0028990076982910377
156401,0.0004547053945657369
156402,0.0005922083758302631
156403,0.0028574984164411545
156404,0.0003394412102135048
156405,0.0007676689840392099
156406,0.0004310101599637562
156407,0.0028948502628380456
156408,0.0008688600481185358
156409,0.00035530418986717106
156410,0.0008572501802034869
156411,0.0019605754902395495
156412,0.0020733179301362006
156413,0.0006060467096832877
156414,0.0008089822684924717
156415,0.0005937060048751017
156416,0.0006559203570200479
156417,0.00584879298023351
156418,0.0007499549809431947
156419,0.0005688033028741038
156420,0.0006676142732287848
156421,0.0005923646434221898
156422,0.0010105758550516789
156423,0.0013295121908164682
156424,0.0009401557532092864
156425,0.001440744228654883
156426,0.00044472134324074835
156427,0.001338629392735146
156428,0.0005036380915262737
156429,0.0008967540343994101
156430,0.0010093204275970274
156431,0.0033025142447234827
156432,0.0010878811150071698
156433,0.00047407119202358134
156434,0.000759506552482727
156435,0.0005287827034186233
156436,0.0006569970759800806
156437,0.0007909513679310348
156438,0.0005530588325971576
156439,0.000652702958461006
156440,0.004423388440685731
156441,0.0005056125442624825
156442,0.0020832057108654137
156443,0.0009490720063728949
156444,0.001754841617586107
156445,0.0008845874012181579
156446,0.0010542764201572682
156447,0.0011934447061595378
156448,0.0009436720593619353
156449,0.0008530833300067758
156450,0.0005044105205476626
156451,0.0019440316201230867
156452,0.0008923111045859682
156453,0.009607904552749673
156454,0.0005036208929199768
156455,0.005860703385405174
156456,0.0009752271358272602
156457,0.0004562189531421583
156458,0.0009518716414800494
156459,0.0009130839471487556
156460,0.010095635119741648
156461,0.0014687189331067075
156462,0.00134460055801338
156463,0.0006443058244818009
156464,0.0014263117697244166
156465,0.0005408719380816631
156466,0.01164455194759633
156467,0.005643544150730783
156468,0.004894022352283306
156469,0.0013961917692344222
156470,0.006143284539569714
156471,0.000540611432167928
156472,0.009677679820230375
156473,0.0004774850317846744
156474,0.0006746887398784803
156475,0.0009011490886357829
156476,0.0005469394055410665
156477,0.000580228488205953
156478,0.0038772233474220538
156479,0.0008700430194009913
156480,0.014378751977499176
156481,0.0005396583815837376
156482,0.0006035351331061591
156483,0.00044950663389879046
156484,0.002491671602369589
156485,0.0007308103983453246
156486,0.002607889131576155
156487,0.0020625697560472545
156488,0.0006489151182815436
156489,0.001247385438084406
156490,0.0006928421089273029
156491,0.03193220524080772
156492,0.0005113080725263078
156493,0.0007216375668190999
156494,0.0006820750095262714
156495,0.0016169502196695072
156496,0.004440812117924665
156497,0.005471455899138415
156498,0.0007595333943586908
156499,0.0007872769297908315
156500,0.290961015064336
156501,0.0006336658464838126
156502,0.0017656926668113073
156503,0.004760884883950467
156504,0.001867987371738312
156505,0.000687665425823119
156506,0.0009144325657543594
156507,0.0005426601121693177
156508,0.0008678056671768818
156509,0.0006711439265174913
156510,0.0008935940234128083
156511,0.0013967252804603088
156512,0.0017272893126019052
156513,0.0016409346375524671
156514,0.0009233914454551666
156515,0.0005692404176609494
156516,0.00046138004966074346
156517,0.006028768966821102
156518,0.0005434205747686278
156519,0.0004670717753760969
156520,0.003197924287009586
156521,0.0017775835260118228
156522,0.0010304845396719687
156523,0.0011254088158412557
156524,0.9933592634776446
156525,0.0005382143798087322
156526,0.0009994933307010108
156527,0.005015957280873545
156528,0.0007786612761673691
156529,0.00039377363458991874
156530,0.0008458444471214467
156531,0.0005188194347415971
156532,0.0005005017187491498
156533,0.0004687651577394569
156534,0.0006086555070806622
156535,0.0009661063032830469
156536,0.0005297569034987251
156537,0.0006709628476559394
156538,0.0011259989137200016
156539,0.0009189430153909878
156540,0.0041341363827779734
156541,0.0068311331047715175
156542,0.000773068113845975
156543,0.0013495345077166906
156544,0.00213617634121868
156545,0.0010801752279551268
156546,0.0014824092515144619
156547,0.00033700814757141025
156548,0.0007652437588632032
156549,0.031088760261133774
156550,0.0010138697593189909
156551,0.0007160589337445141
156552,0.0013231233982087674
156553,0.0010966934508447389
156554,0.006049306791646231
156555,0.0009048100807894587
156556,0.001018932776761238
156557,0.0005107310762421987
156558,0.0004099917944196688
156559,0.004127714330915747
156560,0.0005400142809401466
156561,0.007818584803863955
156562,0.000676103269636603
156563,0.0008923797157056024
156564,0.0011273414033278418
156565,0.006238179538460478
156566,0.013395104130828554
156567,0.0006730452076172261
156568,0.000529693633284798
156569,0.0007438441191261266
156570,0.0008197313563820902
156571,0.0009094770186668306
156572,0.9983941746299075
156573,0.0009083783078884152
156574,0.0004890515419748905
156575,0.0015087277014020745
156576,0.005614125722349876
156577,0.0005699375241631583
156578,0.002107498958469055
156579,0.0005503334517921313
156580,0.0011577877677658725
156581,0.0005509941664116864
156582,0.0006605900347815598
156583,0.0015773909820283
156584,0.0006911331585656134
156585,0.0005190379480181475
156586,0.009274969616311744
156587,0.0005542967611487181
156588,0.00198833263063467
156589,0.0010654186658071024
156590,0.014714480970099812
156591,0.0005069896445807083
156592,0.0014645280908022222
156593,0.002071260843189645
156594,0.0057707731525835845
156595,0.13165283298369257
156596,0.001973315297252934
156597,0.0004257743520129268
156598,0.0004336872086679338
156599,0.00040434056915065894
156600,0.023975032631372885
156601,0.0021698629918387984
156602,0.0006400647705771767
156603,0.004755246142028911
156604,0.0005534878261251391
156605,0.001683821500998317
156606,0.0009564817896149092
156607,0.0015179077153374275
156608,0.0031500041683007306
156609,0.001325639010431227
156610,0.25467488182817655
156611,0.0008362607475621889
156612,0.000613867577735646
156613,0.01633708318840669
156614,0.0017418995242024138
156615,0.0005106195109468509
156616,0.005328252754858083
156617,0.0006664339778506403
156618,0.0007873670314621157
156619,0.0009296038938135759
156620,0.00106189567775481
156621,0.0005156767781478403
156622,0.002451026474892604
156623,0.9958708227524284
156624,0.007434236221356609
156625,0.0010810736118719824
156626,0.0008229067867401567
156627,0.0013769380091839228
156628,0.0009535372865405838
156629,0.0013364946458328212
156630,0.0005121715912734389
156631,0.0005699122318622326
156632,0.0005148402868500391
156633,0.0006016121438066919
156634,0.0011026971294140818
156635,0.000509866978269787
156636,0.0004352046659732804
156637,0.010865696158418252
156638,0.001537851664884399
156639,0.003968949610039255
156640,0.0007082191400077952
156641,0.00251106651018113
156642,0.0006583459890756048
156643,0.002986944967232548
156644,0.0009027667665716612
156645,0.0006805136767319197
156646,0.0029344385263553206
156647,0.0015313549375851815
156648,0.0020531572918031393
156649,0.0005159777373278346
156650,0.005257853771824219
156651,0.0007002540860869431
156652,0.0008177982631624474
156653,0.0008728770253842672
156654,0.000842830121066171
156655,0.0006689927047698665
156656,0.002533325906200935
156657,0.000537909337412873
156658,0.0039905363500322985
156659,0.0008520652113441533
156660,0.0004789243083400002
156661,0.0018933884419457358
156662,0.0017155755718865746
156663,0.006994797826882979
156664,0.0005559957488076223
156665,0.0006764330290602429
156666,0.0038277257196945623
156667,0.0036191604628187006
156668,0.010073634049019533
156669,0.0012180650332119089
156670,0.0030897762653273137
156671,0.0007083515711879939
156672,0.0006220094790787197
156673,0.0010048777090586414
156674,0.0016968849761365874
156675,0.0006229804696140065
156676,0.0024510080714974652
156677,0.0025880188696428066
156678,0.0005026252192378802
156679,0.0017705661613932754
156680,0.0007703068255161963
156681,0.0005396248665049783
156682,0.0010438694791778708
156683,0.0016467377692296829
156684,0.0015604742467775384
156685,0.0006686606228177236
156686,0.0005368472574997295
156687,0.00041174533185494243
156688,0.00047668280722534644
156689,0.0029897160543933578
156690,0.005240917261805862
156691,0.001444351860399306
156692,0.00046378350562746546
156693,0.0005845580054508368
156694,0.000733049543121895
156695,0.0012758250751180797
156696,0.012113633877867108
156697,0.0020494966658920807
156698,0.0016895311153445342
156699,0.000724033706145179
156700,0.0005663060365022535
156701,0.00037275911727283165
156702,0.0014015002008117108
156703,0.0014788197872837804
156704,0.0009085915750618778
156705,0.0024551482879623474
156706,0.09964473033771476
156707,0.005111392897387696
156708,0.0010140826943481106
156709,0.0026607087830130766
156710,0.0010123974123005335
156711,0.00039343617887122755
156712,0.04624634540307896
156713,0.0005544179280494633
156714,0.0006174191271296313
156715,0.0009140806316437859
156716,0.0007037260418105368
156717,0.011095354389971553
156718,0.0014598351264320537
156719,0.0005680450440925661
156720,0.012105690832618475
156721,0.0017566563068670547
156722,0.0003759227803683816
156723,0.0012815829382595355
156724,0.0011016206534052472
156725,0.0016396009915977884
156726,0.014594781652249623
156727,0.0007901466255003172
156728,0.0017292723535020167
156729,0.001050698372255656
156730,0.0015016900738100774
156731,0.0010149159479095244
156732,0.0027306134030195073
156733,0.003313152465128805
156734,0.000931349721286247
156735,0.0005127784060764747
156736,0.0004902516955114565
156737,0.0012034524838808766
156738,0.0010536590544260064
156739,0.0004803655487653991
156740,0.006411453566484655
156741,0.0009065744569207217
156742,0.0004395108489043308
156743,0.0005784585997255293
156744,0.0003296085117225804
156745,0.0009010712850681965
156746,0.0007093120089708969
156747,0.004292862525568399
156748,0.0006591247193237606
156749,0.0008290411553549685
156750,0.0005912661158689743
156751,0.0019464613063939582
156752,0.002195935926818785
156753,0.0006049586214318941
156754,0.0004289873239824588
156755,0.0022894670436588074
156756,0.002793387711249881
156757,0.0008883928578254327
156758,0.001681585274965796
156759,0.004819733321927549
156760,0.001659541458174678
156761,0.0004485580412439883
156762,0.0009387394806028443
156763,0.0009579646368568314
156764,0.0006664217167564824
156765,0.0005978292421763776
156766,0.012673853708620236
156767,0.02319537049364246
156768,0.20029286949086808
156769,0.002183416099819444
156770,0.002119865397815202
156771,0.0064962877516909455
156772,0.005630168474841407
156773,0.002472358584185513
156774,0.0006454596074481538
156775,0.9937194193643066
156776,0.0006724627930567017
156777,0.0011267060993577379
156778,0.00806248228825136
156779,0.0007425901648686545
156780,0.010030934902032752
156781,0.004054371271402294
156782,0.0010505822262853962
156783,0.0010001275783449112
156784,0.0005822448502667043
156785,0.003227198897318858
156786,0.0009205320669784555
156787,0.0005351564678586489
156788,0.0007386224898751367
156789,0.0037497565734807507
156790,0.0008991156947149001
156791,0.0007083231881590333
156792,0.014969154610007855
156793,0.0010881771241530338
156794,0.0005892236870111006
156795,0.0005505874674081742
156796,0.0005708370856163789
156797,0.0016074348899299765
156798,0.0009047152065777312
156799,0.005161921315773865
156800,0.0007564763126214546
156801,0.0007068270175985343
156802,0.0012154316865635902
156803,0.0005906430901082246
156804,0.001541076952670347
156805,0.0005524609067396362
156806,0.0006919279654648942
156807,0.14395311732957003
156808,0.0006863431107600154
156809,0.0007017112060985508
156810,0.0005422947663051772
156811,0.0010762567366236304
156812,0.0006823527347266157
156813,0.020378463173982224
156814,0.002910591380495108
156815,0.0006279560000162725
156816,0.0023950603724672784
156817,0.9956904220678352
156818,0.0006034298449336664
156819,0.00037536567379804016
156820,0.0020668827236125244
156821,0.0009848051257068462
156822,0.027457512141534534
156823,0.0005872625424276907
156824,0.000836759866528062
156825,0.007446649142680241
156826,0.0008172933595479023
156827,0.00870741577085137
156828,0.0007246738280608766
156829,0.0004255330512457631
156830,0.0008180220791785804
156831,0.0007274957622429284
156832,0.0005158577333133066
156833,0.0011912547441573695
156834,0.0017843327582072847
156835,0.005731698728898806
156836,0.0009959986855114173
156837,0.002803875505475126
156838,0.0008059355455462412
156839,0.007293998694672212
156840,0.0007221106892373061
156841,0.001743340645330037
156842,0.0014567493296502284
156843,0.0007587216615988409
156844,0.0006149864641391374
156845,0.0007672484716752429
156846,0.0007124410275478674
156847,0.004216550623596001
156848,0.0005533839638091227
156849,0.0007404086810203994
156850,0.0005173932600880885
156851,0.0008220580238333557
156852,0.0007701619801215337
156853,0.002406595674302763
156854,0.002894663275478406
156855,0.0011827532936064858
156856,0.0005740198818832492
156857,0.0008229479125998827
156858,0.00136023008527011
156859,0.000485081110147949
156860,0.0005939844092184367
156861,0.0008559375581543286
156862,0.0009160382741171789
156863,0.01309744035377287
156864,0.9949474616711637
156865,0.0005565718349519569
156866,0.007509497786032918
156867,0.005247413627329478
156868,0.0006055420656386217
156869,0.0009913824327765985
156870,0.00063329032889441
156871,0.0010168642097942463
156872,0.0005109857914611515
156873,0.01749264841548132
156874,0.0006873096250785353
156875,0.0009085718781913314
156876,0.001907149880566408
156877,0.0017573400204932798
156878,0.0004411578035064971
156879,0.0016669562596551596
156880,0.0012494231949104376
156881,0.0007867297812835231
156882,0.0011669110674170547
156883,0.0008965484292162997
156884,0.0010921754745714925
156885,0.0006420530332375432
156886,0.0009532817692031125
156887,0.0008329690180908635
156888,0.001051493000214978
156889,0.0038004804029631517
156890,0.0008967445950666286
156891,0.9980381727697047
156892,0.0006850940452634582
156893,0.0006997811534662223
156894,0.0005933380781126222
156895,0.0041584286681786665
156896,0.006889055530935507
156897,0.0011816118968427881
156898,0.0006785180684710249
156899,0.0003766559665301759
156900,0.0020425801281565375
156901,0.004927122490479991
156902,0.027053877139701723
156903,0.0011620680822379608
156904,0.0012196294079240531
156905,0.0008723256971601911
156906,0.0004634335500708876
156907,0.004270043735559868
156908,0.004001264365507717
156909,0.0006288000277517774
156910,0.0010937212125963433
156911,0.0018849095250091162
156912,0.00338828981647055
156913,0.0011419159276627867
156914,0.0005580348323997761
156915,0.0005841222390327164
156916,0.0005599867452790358
156917,0.0023000363820757956
156918,0.010335269155394986
156919,0.010309776764087957
156920,0.20139669867370055
156921,0.00043825678814529316
156922,0.0008373406165626327
156923,0.0007151780634740812
156924,0.0019780889379359713
156925,0.0007397612125483396
156926,0.0006121563384051828
156927,0.008259998628768651
156928,0.0003839179927798602
156929,0.0033266287941167445
156930,0.0014458391406642832
156931,0.002618693741448315
156932,0.0008205110970960078
156933,0.000670224211335974
156934,0.0013735081449733092
156935,0.0007589002337892336
156936,0.0005345183853847099
156937,0.0008692912301706617
156938,0.0021339834845193555
156939,0.0034763824757079002
156940,0.0019751918595456866
156941,0.002681065026606628
156942,0.0007342759878348353
156943,0.0008045955946267987
156944,0.0006612320711637412
156945,0.0004981398718851205
156946,0.0005450613025616742
156947,0.005047314578542856
156948,0.002271533429082026
156949,0.994071091769369
156950,0.0019334218379643718
156951,0.002661491671384096
156952,0.002357375634469217
156953,0.0007110441472036224
156954,0.0016662790864994306
156955,0.028957374786969144
156956,0.003181333252244686
156957,0.0013401961852389707
156958,0.004983023342900315
156959,0.003035569703859543
156960,0.0069389951506314065
156961,0.003911487847450514
156962,0.0006068825253750054
156963,0.0009540009468731585
156964,0.000628457326261059
156965,0.0007251433542369743
156966,0.004711971286455816
156967,0.0006429145291093773
156968,0.0019032771377585928
156969,0.0021743378787787713
156970,0.0009952848851070052
156971,0.001058456519060885
156972,0.022908247457872403
156973,0.005258422098994426
156974,0.002076234279273971
156975,0.001499072838914935
156976,0.0004541276736207638
156977,0.0004533789113985116
156978,0.0008304051137717607
156979,0.0008777153147368441
156980,0.0011701848175405959
156981,0.0006032328071992328
156982,0.0010272884591507763
156983,0.000555027894647914
156984,0.001302098612008829
156985,0.0004922309094189927
156986,0.0037311342202438983
156987,0.001626075550107033
156988,0.0007886941399196296
156989,0.0007224954418059092
156990,0.00047914519602416494
156991,0.0008461685388904748
156992,0.023087628965332653
156993,0.001419600496949849
156994,0.0007152549978968892
156995,0.0010731920187972244
156996,0.0012947238404186511
156997,0.011952991209788258
156998,0.000521730657571618
156999,0.001437630075606895
157000,0.004785965228415383
157001,0.0017622461400943713
157002,0.0006916474989040278
157003,0.0033889522296695652
157004,0.0006821547602651425
157005,0.005283981103765015
157006,0.0014000290657600494
157007,0.0007450962559662844
157008,0.0028864958083177654
157009,0.0017709972955262453
157010,0.0029662025974364417
157011,0.0006056965425635195
157012,0.00048046481189442127
157013,0.00086438688128226
157014,0.0004335769283872112
157015,0.0018960312801983114
157016,0.0012850574034565948
157017,0.0019732636846165877
157018,0.0006835920559374509
157019,0.0007663150340093513
157020,0.0034435413054182194
157021,0.001150327539743286
157022,0.00029370348478129424
157023,0.0011921548973656882
157024,0.000705384401559805
157025,0.9913458652343833
157026,0.0007019409617166007
157027,0.0005030738218842467
157028,0.000651693185994204
157029,0.001526950469634514
157030,0.0005938915690602863
157031,0.0012789831881550556
157032,0.0004306948592137891
157033,0.0015460048388202803
157034,0.003303952559717021
157035,0.004905709554915685
157036,0.0007282390471988786
157037,0.0006369707623335101
157038,0.001236193109492476
157039,0.0007636917828836908
157040,0.0009157303927765745
157041,0.0005220583040910275
157042,0.0017619932747293533
157043,0.00041184190849162126
157044,0.0014784098053496038
157045,0.0008456270432002455
157046,0.0017302076497614327
157047,0.0007211097244365377
157048,0.0008130423591792648
157049,0.001026371919785684
157050,0.0019034773023219602
157051,0.0029403456612911976
157052,0.0012527129900259508
157053,0.003182855252381418
157054,0.0008678351104765378
157055,0.0041627591173590515
157056,0.0008766825052235028
157057,0.0018040939904154084
157058,0.0006802463436620688
157059,0.008166680819423275
157060,0.0025344791891610177
157061,0.00146261742000556
157062,0.0025212270301977367
157063,0.0005461653570083025
157064,0.0005124324864297528
157065,0.0007415405795561084
157066,0.0006884866974541797
157067,0.01441314079031509
157068,0.0009244932656843115
157069,0.0024782118798362313
157070,0.0006282817626736446
157071,0.0009118989637986255
157072,0.0034379136500596744
157073,0.0005314178322123081
157074,0.0005265881038141125
157075,0.0025099929225457025
157076,0.0010692241889663232
157077,0.9967915609676901
157078,0.008785817744582508
157079,0.0008983134045933237
157080,0.0008022285092267004
157081,0.002539938058718664
157082,0.0017894796803511212
157083,0.004542976153433795
157084,0.0034331366617445557
157085,0.0006549896806739835
157086,0.0016353269436674466
157087,0.018562642040178854
157088,0.9898283123898678
157089,0.0014022513705406394
157090,0.00048759402785194335
157091,0.0007315668320152621
157092,0.0013373486832036594
157093,0.0006206032716645309
157094,0.0005490634154665024
157095,0.0005282314684204937
157096,0.0006525376174099719
157097,0.0005832836539289178
157098,0.000553265898431337
157099,0.003420060951518853
157100,0.0007787532218464042
157101,0.0006377761449257299
157102,0.023042566478681626
157103,0.014533704108796432
157104,0.005542360805093295
157105,0.018969683278084952
157106,0.0007410927479504349
157107,0.010002953780764512
157108,0.0005645780030290171
157109,0.0012582394237544928
157110,0.0008979472452609821
157111,0.0029815839859595947
157112,0.00486370110867847
157113,0.000654391187777975
157114,0.0005734183265423839
157115,0.0010121501481002461
157116,0.0028219004150610047
157117,0.0007133215967098124
157118,0.0006562892139872407
157119,0.00047459287831912926
157120,0.0008735356520794637
157121,0.001461877548016889
157122,0.0006001129765211409
157123,0.0009770220613545071
157124,0.0008676218067986919
157125,0.0005295409723228429
157126,0.0032422275716081682
157127,0.0005237552113772224
157128,0.0006489647782896932
157129,0.005148529784034843
157130,0.0007377831499108217
157131,0.0007165342939001152
157132,0.0005467477614257374
157133,0.0014484649725834571
157134,0.0010905829461342065
157135,0.007257561540920458
157136,0.0005635954865805825
157137,0.0031959496006457276
157138,0.002141792058617086
157139,0.0012089227403786662
157140,0.0010928162582077505
157141,0.0006236843456025641
157142,0.0028270177462043854
157143,0.0005126434650441399
157144,0.001267303808175517
157145,0.0007335446352219137
157146,0.0012453777478938165
157147,0.0029738469624669287
157148,0.0015456145691471995
157149,0.00217814037701697
157150,0.0006715230074244481
157151,0.000648874719580342
157152,0.0013043495564337721
157153,0.0007351758837453692
157154,0.0008806610400372019
157155,0.0004949685147266815
157156,0.000480308013431341
157157,0.0006926329304701205
157158,0.0015564532084233395
157159,0.0015427038855763452
157160,0.003815778507632657
157161,0.021194041918109627
157162,0.0007009779278742802
157163,0.0006818846742652128
157164,0.0015758204101627522
157165,0.0012499028778810474
157166,0.0005377979421321357
157167,0.002374729717920358
157168,0.0009823771060278924
157169,0.004251008418147704
157170,0.003876622320372671
157171,0.0009732038050264463
157172,0.001032273874094779
157173,0.0005908402904471212
157174,0.0005610114121955812
157175,0.0004786694176878543
157176,0.0007037853027505261
157177,0.0007196124451386632
157178,0.0005508317411452437
157179,0.0004654618189777755
157180,0.0005580255548494106
157181,0.0005932268663725948
157182,0.0019718194600873854
157183,0.004152785859032024
157184,0.0005074706120067029
157185,0.0006510167146903204
157186,0.00284559250701457
157187,0.002284960875370505
157188,0.0009505628789565743
157189,0.0007542969477244163
157190,0.0008219846318973971
157191,0.011414521394395291
157192,0.00044207750110846904
157193,0.006504114964860949
157194,0.0011048687561351239
157195,0.0004597259874909119
157196,0.0018437197701073266
157197,0.008292510846831625
157198,0.0009102977291668424
157199,0.0009082770273509651
157200,0.0013427840102119095
157201,0.0022332723773835685
157202,0.00047043417285318987
157203,0.0005105037778012851
157204,0.0011067607446394372
157205,0.0005622537321864785
157206,0.0009901924638320181
157207,0.0020156262432911584
157208,0.00046540873850763986
157209,0.0008464635462119348
157210,0.016201502094147432
157211,0.0030269652413499816
157212,0.004814540693848889
157213,0.018647905518839526
157214,0.002000527650034465
157215,0.0019286315403759964
157216,0.004606454283093436
157217,0.002694165966043719
157218,0.0007599442759185818
157219,0.0019873388866859356
157220,0.9673554820343615
157221,0.0013924917263642845
157222,0.003581500655052713
157223,0.000652287633672176
157224,0.001065185191561476
157225,0.001145622378820888
157226,0.0020441268043047394
157227,0.003250965908630445
157228,0.0014688515835461994
157229,0.0009498605026723112
157230,0.0030574405246463873
157231,0.0006533287798975603
157232,0.0006497682932715225
157233,0.0007830219608864044
157234,0.012468538814073202
157235,0.0034081782896761064
157236,0.003316114801310512
157237,0.0019806636141252543
157238,0.001416795395790496
157239,0.0017041082203093953
157240,0.0008251394356547921
157241,0.0006338548571216018
157242,0.0012201803308178995
157243,0.0010477217035880428
157244,0.0006111262347495502
157245,0.000654682513890225
157246,0.0006346810574690502
157247,0.0006236340167853357
157248,0.0014232261687646245
157249,0.0015542496140659697
157250,0.001660972682994057
157251,0.001123338260695725
157252,0.0005638966333948274
157253,0.9906426919101474
157254,0.0010098936071878191
157255,0.002668782104757712
157256,0.0004353358629561433
157257,0.00070071650167571
157258,0.005593815733938517
157259,0.0006990852988392419
157260,0.0007001271179713921
157261,0.0008696561707906693
157262,0.0009068448702686331
157263,0.0024409380931493647
157264,0.004842424335533749
157265,0.008148961862021903
157266,0.0011656984163559646
157267,0.008383845818680994
157268,0.005746234020070964
157269,0.001690987973640712
157270,0.0017246346258638291
157271,0.0010634126291698355
157272,0.0018306865814521995
157273,0.0034575241681675103
157274,0.0006852989020810461
157275,0.0021043356443221574
157276,0.0005158568088856127
157277,0.05029743799190932
157278,0.0005291995250944845
157279,0.0011493912594817079
157280,0.003441225436263717
157281,0.0011621678062514159
157282,0.00588647847878788
157283,0.011284269731967701
157284,0.001174191286842857
157285,0.002710417888704085
157286,0.000698150023206048
157287,0.0006567449933877553
157288,0.002059151385168175
157289,0.0005535553558684418
157290,0.14192484897574187
157291,0.0006727317288228215
157292,0.0012756678918449207
157293,0.02692008295923034
157294,0.0016378210795152692
157295,0.003296530455323476
157296,0.0005787881645910833
157297,0.0022574591712986535
157298,0.00078653316465406
157299,0.0005155588000748033
157300,0.0024488107260467592
157301,0.014257970706790895
157302,0.0006570800315407573
157303,0.0007001057797915666
157304,0.0004748040794289464
157305,0.0005100730694859132
157306,0.001777756910710705
157307,0.0010822808197809702
157308,0.0015131832150056409
157309,0.003343014304030138
157310,0.006080524474372512
157311,0.0010046324859700523
157312,0.0005934753464235323
157313,0.0005299353950480335
157314,0.0018716402742736614
157315,0.0015883599102180482
157316,0.001899104302565676
157317,0.0012970460530629508
157318,0.0003918927954032562
157319,0.004598733371656033
157320,0.0006066301220140308
157321,0.005020379088862718
157322,0.0007964891943625274
157323,0.0012985181923588851
157324,0.0009275957727147937
157325,0.0007700281418747809
157326,0.0009241591853763895
157327,0.1292901220095644
157328,0.0006995422090674281
157329,0.0006361051281919281
157330,0.002410924533245773
157331,0.0009505582388627739
157332,0.0007067480010031341
157333,0.0032372008689192664
157334,0.0034173571124670203
157335,0.0012806010545643421
157336,0.0010975390728556304
157337,0.0007485733667707154
157338,0.0005015211356207963
157339,0.0013553839674417967
157340,0.0011546583515035166
157341,0.007548971159026797
157342,0.0011096835676821558
157343,0.0010098435985448758
157344,0.00118418865376331
157345,0.0008997106454459547
157346,0.000763599181781536
157347,0.0009195162746876503
157348,0.0010262989663973833
157349,0.000700295744629781
157350,0.0018552686160022936
157351,0.0010962659034108296
157352,0.0007607182900899719
157353,0.0005650026676914856
157354,0.0009761785560646853
157355,0.0005302740161848204
157356,0.001790209452030914
157357,0.0006151762145396495
157358,0.0007562021343956051
157359,0.0006829475785622655
157360,0.0006360893123125581
157361,0.0005540919666504548
157362,0.0009651556158606243
157363,0.0012462692434179663
157364,0.0005962718965774776
157365,0.0035979221539951243
157366,0.0008775845386175857
157367,0.0007883337407170786
157368,0.0008445387503420014
157369,0.0017089101957400588
157370,0.9959912830961111
157371,0.0013813129836651875
157372,0.0006668437127270594
157373,0.0028061738410926408
157374,0.0008109341654304954
157375,0.000999199249824571
157376,0.0058594661829970505
157377,0.0005583198306091171
157378,0.0007036934019234266
157379,0.9941022031568001
157380,0.0005696866837241814
157381,0.0009290457330016547
157382,0.0028897484118409183
157383,0.0008695095305497826
157384,0.000631358294494142
157385,0.0017001393953318148
157386,0.00358903328154152
157387,0.002210073310104136
157388,0.00381132603265991
157389,0.0009833536857901544
157390,0.0007251093098208612
157391,0.003509486596792995
157392,0.00038533804462037986
157393,0.004439396454167681
157394,0.002989764614616198
157395,0.0006026466608527193
157396,0.011875842652382177
157397,0.0018542625416990398
157398,0.0007492067923838003
157399,0.0014856282855172254
157400,0.0009444353660303024
157401,0.0004987479453004887
157402,0.0006276903366372828
157403,0.000675340694959922
157404,0.0031595040389699736
157405,0.0011684776537850517
157406,0.0005122580458313655
157407,0.001333332530677791
157408,0.0005659461563892567
157409,0.0006124985255134931
157410,0.0006565506857137062
157411,0.002155439531144947
157412,0.000728831323613232
157413,0.000979115104281605
157414,0.026685957692493427
157415,0.0006800650956112779
157416,0.00313627246067084
157417,0.02292364917854295
157418,0.0005155470862046463
157419,0.000802231536912312
157420,0.0013053090451628831
157421,0.0008498707504173437
157422,0.0015202481025737113
157423,0.0013726566122027667
157424,0.0023765281770104303
157425,0.9953956514171294
157426,0.0005890510525749928
157427,0.0005859986224476193
157428,0.0006904996912877556
157429,0.000469430411705709
157430,0.017333988457668634
157431,0.0008017984510088316
157432,0.0013079604987226495
157433,0.002120783805916683
157434,0.0006121244028771491
157435,0.1993107367864737
157436,0.001577880812421599
157437,0.0008493287094476364
157438,0.0026825726781914538
157439,0.0009103443390221644
157440,0.0006789989089192197
157441,0.0006162460958527835
157442,0.0010204154691503494
157443,0.0033792339012167823
157444,0.0005580965992250243
157445,0.0006962601330705797
157446,0.035353913220668484
157447,0.007853027781961043
157448,0.000709379120156575
157449,0.003118234274813533
157450,0.0009639275320785759
157451,0.0008661766726865893
157452,0.0019542911674871144
157453,0.00043664436498500205
157454,0.005420738122372301
157455,0.0020738211507041818
157456,0.00043477136488954005
157457,0.004958737556843764
157458,0.0008477960984298316
157459,0.0023226062693294624
157460,0.0015338280410842735
157461,0.0007914907216412565
157462,0.0008401569044915915
157463,0.0007335192105743436
157464,0.0008173330694697585
157465,0.0006747021367660335
157466,0.0004888177490620224
157467,0.001205072692717131
157468,0.0008108568551516829
157469,0.0019989960340712006
157470,0.0011750572891003966
157471,0.0008096224687296703
157472,0.0016060793177679047
157473,0.0006894256695409897
157474,0.0023971668152434292
157475,0.0006869422190744426
157476,0.0005781597847082266
157477,0.0008007282854910825
157478,0.001691618179562601
157479,0.0024433588802572964
157480,0.00146453802600775
157481,0.0017111252020572247
157482,0.000664898396884904
157483,0.0012787953729758146
157484,0.0018782992326455798
157485,0.0006468763749154672
157486,0.003821087543597568
157487,0.0005594311128728998
157488,0.0013673935733665222
157489,0.001814273386745893
157490,0.004686762569074909
157491,0.0005614596814404514
157492,0.0007869032927265716
157493,0.0004003892459039208
157494,0.001614933583184402
157495,0.013704382538161773
157496,0.0008998272726493939
157497,0.0006618524790973033
157498,0.0004147276993110214
157499,0.0008107291903982658
157500,0.020440735188770865
157501,0.0004866766128753298
157502,0.0008766723385983954
157503,0.0017630329769585712
157504,0.0010822196180769149
157505,0.0005239104736338433
157506,0.0020621125662936175
157507,0.00052074994194437
157508,0.21262667913378444
157509,0.029302395387040842
157510,0.002383750023888588
157511,0.0009911432173450659
157512,0.0076626516700059105
157513,0.000861524135197045
157514,0.0004796972478927462
157515,0.0008186260462477941
157516,0.0019113203408068532
157517,0.0010979339619870624
157518,0.0007742802962562281
157519,0.00042427319422438996
157520,0.0009896327321114533
157521,0.0016337406832430512
157522,0.015556604215300838
157523,0.0005369813060738393
157524,0.0006779734169498592
157525,0.0017343824451110919
157526,0.0007598672635437581
157527,0.0005104801504907239
157528,0.003666503873906134
157529,0.0014654529934873487
157530,0.002158953667943349
157531,0.021309974621144832
157532,0.0036452318819194833
157533,0.0009744841625325866
157534,0.0034836156856881085
157535,0.000470448436087875
157536,0.001147587081383692
157537,0.001966116276240337
157538,0.0024510036273653153
157539,0.05277020259972941
157540,0.000833997718267987
157541,0.00054001913226741
157542,0.0008578779430227539
157543,0.0006055944459328618
157544,0.0027664994256596555
157545,0.001027596830482791
157546,0.0010449648218406457
157547,0.007290210266441501
157548,0.004821595533377664
157549,0.0007708324274522477
157550,0.003948142706038459
157551,0.0006154449659679138
157552,0.012549943384932488
157553,0.0005371203719575366
157554,0.9975613266784809
157555,0.0012250803332238035
157556,0.0005632981291547357
157557,0.0022109485311248484
157558,0.009560034229088996
157559,0.017336129811948923
157560,0.000931347755574745
157561,0.0005415776754493466
157562,0.00040742178344777013
157563,0.0017938756865669544
157564,0.0028236079383792793
157565,0.03222099613951031
157566,0.0007757359716543657
157567,0.002390875109966215
157568,0.0005035116308649015
157569,0.0009728885449188561
157570,0.000517280232304674
157571,0.0008869270598265999
157572,0.0004423114198448783
157573,0.006691498471476454
157574,0.025809284658423
157575,0.001196964866603663
157576,0.0005576268005501147
157577,0.0015275756984970909
157578,0.20545663956626287
157579,0.002403602327627255
157580,0.0006728196931793703
157581,0.0007436644361689111
157582,0.0017691125584709852
157583,0.0004895971362130875
157584,0.0005637620133699706
157585,0.0006138856227718636
157586,0.0005426319242394994
157587,0.0004889239709789927
157588,0.001314773833941995
157589,0.0021666482548577727
157590,0.004363697546851356
157591,0.0005828663108945041
157592,0.005321285913520869
157593,0.9949105764544786
157594,0.04598251701182464
157595,0.003335291517496086
157596,0.001520596232461673
157597,0.0005795198527238935
157598,0.001868591591474891
157599,0.0014799178037834654
157600,0.0036888145249435135
157601,0.0007980348571224625
157602,0.0035740686622334366
157603,0.0006301090557136345
157604,0.0019203234092836545
157605,0.0004977026266615289
157606,0.0016182306960552664
157607,0.0006842131795041675
157608,0.002167914510123853
157609,0.0007670216979705984
157610,0.0007795890898631955
157611,0.0032231107526627693
157612,0.0010461089347948715
157613,0.0004755362909113755
157614,0.0015109695524867007
157615,0.006988599259015562
157616,0.0019195723390086233
157617,0.0008983661812278394
157618,0.0004422884172755274
157619,0.0024580526544907256
157620,0.0009378059709337404
157621,0.0007023050854578243
157622,0.0007050446201532423
157623,0.0007048981469542379
157624,0.0005023219041339095
157625,0.000808439535056348
157626,0.00048522615969211533
157627,0.0008775701183990438
157628,0.0007505076335060771
157629,0.008236743712218846
157630,0.0005083117648774413
157631,0.003073884944769175
157632,0.002663404087638473
157633,0.004268127277306322
157634,0.0009413261122470107
157635,0.0021397118119156925
157636,0.014898729669722652
157637,0.009591559913910504
157638,0.0021446792404213127
157639,0.0006468786032375231
157640,0.0008136189690426099
157641,0.0007753585868680482
157642,0.00922820515253837
157643,0.0017622929273652505
157644,0.0007487347240339216
157645,0.0011314905282760837
157646,0.0009515804279594343
157647,0.0006727519057748789
157648,0.0015248395162264475
157649,0.003950512200579822
157650,0.004430187789106376
157651,0.0005046159544546702
157652,0.0014653852617386122
157653,0.012654132706576036
157654,0.0005768693688396739
157655,0.0007181888297467033
157656,0.0013270122825732701
157657,0.0009214553205523135
157658,0.0006806112021639269
157659,0.0009610127248661631
157660,0.0009535556066645882
157661,0.0006383400485914395
157662,0.000593511881840184
157663,0.1315721245470875
157664,0.0007307135788999196
157665,0.0005277594337763994
157666,0.0007756487670428898
157667,0.0014933126235022118
157668,0.010608789820096328
157669,0.0014366904386875282
157670,0.00089540252593564
157671,0.0013704986032025464
157672,0.0008639143705716521
157673,0.9943664464906428
157674,0.000555700365011182
157675,0.0025774422812271398
157676,0.0016086503285994915
157677,0.0005498946852372123
157678,0.0006293678166990405
157679,0.007404157453915227
157680,0.0008067525915492369
157681,0.05410112670711799
157682,0.0011575577775242182
157683,0.005383905027209273
157684,0.008849432332492791
157685,0.0015893681955436987
157686,0.002498396586020273
157687,0.0015672421949513952
157688,0.008008753714540282
157689,0.0016144236666831785
157690,0.0005477681486770445
157691,0.003002141252941375
157692,0.0006184626843248042
157693,0.000891358126809309
157694,0.004535023118604617
157695,0.0005164491330987772
157696,0.0006873846283018482
157697,0.0008584821744155539
157698,0.0011121255933562225
157699,0.0008639627634242847
157700,0.0010600450961444439
157701,0.0012685874221943319
157702,0.0006915152503189565
157703,0.001007774558658899
157704,0.000853726893081044
157705,0.0035508377992434547
157706,0.004460398642235122
157707,0.0021320372508737842
157708,0.000496754077875552
157709,0.000754390048636073
157710,0.003628311739483682
157711,0.0013674071950853528
157712,0.007821829314742358
157713,0.0013529285670512963
157714,0.0008553759956402064
157715,0.0009480907057762371
157716,0.003107292859675489
157717,0.0015451621984199824
157718,0.0005564110016034957
157719,0.013849881794022259
157720,0.001626674684312355
157721,0.0007173294874998293
157722,0.002285367235743542
157723,0.0005968214171497452
157724,0.0007833332730115045
157725,0.0016505148322142693
157726,0.0070513154580625565
157727,0.0012824070963234104
157728,0.000902194320402689
157729,0.001657012672860879
157730,0.0006728856400855965
157731,0.01140288705651227
157732,0.0029573271012218938
157733,0.0008403906813601883
157734,0.000936945910598873
157735,0.0017116034644203979
157736,0.00297571564519232
157737,0.9972499188642506
157738,0.0010588384619555557
157739,0.0057883639858969695
157740,0.02822780612388597
157741,0.04947070975408187
157742,0.000631167135250927
157743,0.0004942930658659512
157744,0.002457713365879439
157745,0.006931425020080383
157746,0.0006593862091720862
157747,0.000319615631802127
157748,0.009800761336665156
157749,0.001308249784295564
157750,0.0007073448356725098
157751,0.0005752478944374654
157752,0.007566545692860182
157753,0.004223108486122647
157754,0.0009098135277287556
157755,0.025055595188876262
157756,0.00047608129476091473
157757,0.000618044758307101
157758,0.0010744398411021475
157759,0.0008480407119728823
157760,0.0009124729141165471
157761,0.0006848099510059822
157762,0.0010613647968258826
157763,0.0019497020677254578
157764,0.0004929585457289719
157765,0.0006052118575998475
157766,0.0009153107586096711
157767,0.005683082227804509
157768,0.006206065077314747
157769,0.0008020260060689778
157770,0.0020060625043718597
157771,0.0006530448995589113
157772,0.0005037970095963232
157773,0.0010574517784080301
157774,0.0011176234770348477
157775,0.0012700957136854596
157776,0.0016907527499512246
157777,0.00032571064149441824
157778,0.003308353192820037
157779,0.002796126585019541
157780,0.00666228408561368
157781,0.00038734006801546643
157782,0.0007427761040711936
157783,0.003407445435817742
157784,0.0018502482190871279
157785,0.012119296402455819
157786,0.021569678092789826
157787,0.00041285069005504347
157788,0.0007588231950125613
157789,0.008269273525299152
157790,0.0006147477655237794
157791,0.00045105127594638754
157792,0.0016054738783144178
157793,0.0018630605074859109
157794,0.0043178590446978065
157795,0.0006346712125234535
157796,0.0007226634975216488
157797,0.0031139640554134675
157798,0.0012305588989309612
157799,0.0006062340589612678
157800,0.0013819203087527476
157801,0.0014355471064981958
157802,0.004818856601018689
157803,0.006620262766984015
157804,0.0017023331476051944
157805,0.0009285569279892851
157806,0.0012750553120937595
157807,0.00044444793346789147
157808,0.0009296269428581729
157809,0.00124429575024741
157810,0.007508505222256221
157811,0.00348499849798958
157812,0.0023016669946942492
157813,0.01888586278552458
157814,0.0006394274485472108
157815,0.0003968593749414387
157816,0.0004002794188155247
157817,0.010458365824449641
157818,0.0007413618738945607
157819,0.03757105014329558
157820,0.0010526297028737293
157821,0.009990042462131508
157822,0.00089987851618635
157823,0.0005357929797603985
157824,0.00041900483372566566
157825,0.0008098542188020709
157826,0.0007148265684507624
157827,0.01012560900173045
157828,0.0005689215906285051
157829,0.005767320741025447
157830,0.0018470219188269918
157831,0.0008469707990033298
157832,0.002443021685738158
157833,0.0022536460387273943
157834,0.0005546581108979158
157835,0.0005170966642955993
157836,0.008829660414716214
157837,0.0005878608698918588
157838,0.0008034759639642744
157839,0.0017033443215391806
157840,0.00061106232274752
157841,0.0005899303638691835
157842,0.0042303629373130975
157843,0.004736442038718211
157844,0.0006133365206066644
157845,0.04865199629021119
157846,0.0007431652670028503
157847,0.000713048671774119
157848,0.0024203765246292247
157849,0.0006037985387816395
157850,0.0005164053403969325
157851,0.0007015017539647044
157852,0.0016378344072231746
157853,0.007018815230643542
157854,0.0007858651704713835
157855,0.003089797227708473
157856,0.002761076312396066
157857,0.0010915643540526094
157858,0.002788762584495467
157859,0.0019284169352096858
157860,0.010779310715965697
157861,0.0009158365314744048
157862,0.9972268763351344
157863,0.000602351361737516
157864,0.014668492760918587
157865,0.0040116950586038735
157866,0.0032333977124629457
157867,0.0017174593988545641
157868,0.0007204903919183794
157869,0.0006152211091661793
157870,0.0005732717986119777
157871,0.0006355933517719224
157872,0.0008727361478744253
157873,0.0007736390448344428
157874,0.0021597729615771876
157875,0.9964807023290383
157876,0.001399591897880022
157877,0.0024450381345495088
157878,0.0007148737011609169
157879,0.0005409866965147003
157880,0.000588574364881192
157881,0.0034132075290347324
157882,0.0022995030895181035
157883,0.001960154394375215
157884,0.0032629042981217648
157885,0.0006777635382325946
157886,0.0024195379230031516
157887,0.0007458922899680656
157888,0.0012079132819971003
157889,0.00045658929929596505
157890,0.0020412596271287284
157891,0.0012243262823355445
157892,0.0007255821468734422
157893,0.0034039567371809566
157894,0.002492923663188431
157895,0.0015679286742014422
157896,0.0005240216894767863
157897,0.0006794196080295953
157898,0.0007580819340554914
157899,0.0011560906356151254
157900,0.00043992997052789474
157901,0.0027813601075066764
157902,0.00044406632989661866
157903,0.0011656329468664847
157904,0.0005839419151906231
157905,0.0034596114418838537
157906,0.0006985905968962799
157907,0.0004929928626640843
157908,0.0005315524576903739
157909,0.0003911959063957909
157910,0.0005492909411581407
157911,0.0005702813527928653
157912,0.0008260340569677502
157913,0.014552698173711782
157914,0.0006418705384138744
157915,0.0018267901175498555
157916,0.000999824942290269
157917,0.0040762262466796815
157918,0.0005037924592776987
157919,0.0005623855635325665
157920,0.998230411767344
157921,0.0006866070083628579
157922,0.0044598034871108135
157923,0.000644210928117976
157924,0.0011259801202105142
157925,0.00287370168336982
157926,0.0017785176622478333
157927,0.0012464152723829962
157928,0.0008587595292003312
157929,0.0006150781920705971
157930,0.0012211047284829762
157931,0.011211620542284223
157932,0.003639498116437415
157933,0.0023065836196941077
157934,0.0005172824847723505
157935,0.0007023881602931661
157936,0.0018645627274950782
157937,0.0013131211302289708
157938,0.023456727320389427
157939,0.0005375399260937948
157940,0.00057889185315096
157941,0.0004138750227677119
157942,0.0007078863888009992
157943,0.000643138448396292
157944,0.0009682366432608586
157945,0.0009347902038533524
157946,0.005985625255580434
157947,0.007352156161157276
157948,0.0004116934805633085
157949,0.007454266414861881
157950,0.0008320148849675362
157951,0.002290890864354166
157952,0.001266607435651249
157953,0.0008188270209291766
157954,0.0017848029062789597
157955,0.0015632514226742215
157956,0.007026448985993715
157957,0.0007176415417450839
157958,0.000645775838814458
157959,0.0006299334690657571
157960,0.029675580889664797
157961,0.0019528252895117395
157962,0.0028714447017411924
157963,0.0051954129134695465
157964,0.0017228576784402206
157965,0.001941324433040815
157966,0.9952273455087768
157967,0.0007056003564096648
157968,0.0013534981389385341
157969,0.0010527713738381693
157970,0.00046681377778413674
157971,0.001533028318171379
157972,0.0011796649826502107
157973,0.0005396548704769528
157974,0.0018490682842810101
157975,0.0005615127496536808
157976,0.3679976105753467
157977,0.10007479773753025
157978,0.0003036616100909972
157979,0.003857461269997772
157980,0.0009547408466406653
157981,0.0012945901326941616
157982,0.013682231098028012
157983,0.0024952432462565207
157984,0.0006813764797752923
157985,0.003986206575568921
157986,0.0007681631327508612
157987,0.000897572438431103
157988,0.00048355254672459013
157989,0.0008539848441198219
157990,0.0006109900870064483
157991,0.0005409674418134342
157992,0.0006655644825544995
157993,0.0064801269531290055
157994,0.0015504021146661262
157995,0.0007682072686359339
157996,0.0020921409603906586
157997,0.0010202572159692031
157998,0.0004777426094862973
157999,0.0009054470193408759
158000,0.0005629231105291278
158001,0.11873402051665619
158002,0.0003371342808551436
158003,0.0007287028298315964
158004,0.0006148424072004692
158005,0.0009532590671068775
158006,0.0006802252119613632
158007,0.0007140576666779863
158008,0.0006319257714846799
158009,0.004193812167084426
158010,0.0005813985729541437
158011,0.000820765251435741
158012,0.0009351827334176964
158013,0.006852511881191806
158014,0.001414796416520103
158015,0.004009541189637086
158016,0.009584667802413613
158017,0.011494917132983758
158018,0.0005823655455850029
158019,0.0004347101297328752
158020,0.0049625047198489265
158021,0.0004931585051610862
158022,0.0009091775819990691
158023,0.0005099155317905486
158024,0.0009780813944151399
158025,0.0005133474786228159
158026,0.0005963606092566191
158027,0.0006312464101645801
158028,0.0025005673391295803
158029,0.0010780617932481492
158030,0.04709980845289259
158031,0.0006772592614374025
158032,0.0008651308914517928
158033,0.0011390843742506208
158034,0.034758409028201986
158035,0.0007456944087686128
158036,0.000436466507533225
158037,0.0004010924142902357
158038,0.0017978693151043717
158039,0.003266513174813206
158040,0.00040212465110703126
158041,0.0008208660450715341
158042,0.0012164428384056764
158043,0.00048152183613917954
158044,0.0006094670124117519
158045,0.0007611289904685585
158046,0.0008449282259830516
158047,0.0014791732639442847
158048,0.00046253816911465904
158049,0.0018173768536454513
158050,0.0009591465300727183
158051,0.0019441839537772082
158052,0.0007027414928499559
158053,0.0006534285097494464
158054,0.005426397219064756
158055,0.0012081531383290635
158056,0.001761500619138343
158057,0.0032812613494917486
158058,0.0005899150430275933
158059,0.00035239786196508357
158060,0.0014614155596299476
158061,0.011462835386636457
158062,0.003961431403908927
158063,0.6957842687113286
158064,0.001225447334877122
158065,0.003706886047345069
158066,0.0008125533066905262
158067,0.000516359662490323
158068,0.0025215858301732884
158069,0.9664812210025504
158070,0.0008761051272463162
158071,0.0008344460507448515
158072,0.0005444135746132376
158073,0.002125158822174929
158074,0.0006414041181508982
158075,0.0007246663642105453
158076,0.0006846528171186525
158077,0.9854858583756708
158078,0.0013802094289547574
158079,0.001823602503784323
158080,0.010022972650171462
158081,0.0005614107897937288
158082,0.5826612772963838
158083,0.004077991155115971
158084,0.05572493565908877
158085,0.001012805294940342
158086,0.0005299931952350409
158087,0.0018228002278463874
158088,0.004317763915569312
158089,0.02525402200821917
158090,0.0007591729929243838
158091,0.0003681492601501314
158092,0.0009695855609448034
158093,0.0010595274896526457
158094,0.0034846038371552476
158095,0.0009305405114827842
158096,0.0012174872061017682
158097,0.0010586570314413827
158098,0.001525501819691054
158099,0.0008865009990397547
158100,0.0005044010000822654
158101,0.000880116956432481
158102,0.0004611326646736634
158103,0.00047247191587002004
158104,0.0009878958132060354
158105,0.0010966403427025509
158106,0.000788948047705807
158107,0.001216958712929032
158108,0.001258472554355371
158109,0.0006992948706496848
158110,0.0014789293211651161
158111,0.0015709081346631376
158112,0.0007342723922786061
158113,0.0015478244130931198
158114,0.002598027691809443
158115,0.0004736522153775496
158116,0.004405544875818819
158117,0.0013481800581936249
158118,0.0006104493621915013
158119,0.0006304878528278048
158120,0.0013277481278009162
158121,0.0004632890054066303
158122,0.0009501996906236148
158123,0.0007146041326248218
158124,0.0017552202324592815
158125,0.0010087252173204531
158126,0.001705398781697989
158127,0.0007155187645949033
158128,0.000423018276500332
158129,0.0012778715197718433
158130,0.0007108521770671273
158131,0.002180719643678724
158132,0.0008578983060474957
158133,0.00041279360307628135
158134,0.0009621876774115638
158135,0.0007162664585380631
158136,0.001058479671177389
158137,0.0007801033801253182
158138,0.0007895987519296472
158139,0.0008057572152209004
158140,0.0007617094117740775
158141,0.001467389284151031
158142,0.001624089836574206
158143,0.006799517861783351
158144,0.0008365542869634955
158145,0.003830504595198513
158146,0.0007573905690837498
158147,0.002173880414299262
158148,0.0010046673602804638
158149,0.0037807193377001488
158150,0.0010935055524145744
158151,0.00994673060557076
158152,0.0006589557026266714
158153,0.0006833261292840706
158154,0.0016283629715759156
158155,0.0008264689966875595
158156,0.0017219634127685996
158157,0.0038834500250072533
158158,0.0030081515079315837
158159,0.0008230764255197594
158160,0.0006578048564396506
158161,0.0021759516773969933
158162,0.0005775165128731362
158163,0.0006041306060083763
158164,0.003234357987608974
158165,0.0013455542625568718
158166,0.0010897214449293697
158167,0.0008397830141565878
158168,0.0007978226046034605
158169,0.0004238153833286525
158170,0.0007077563887504464
158171,0.9956762136702096
158172,0.0007084149702421948
158173,0.0007973589160175927
158174,0.004102063688533768
158175,0.0010546074024180097
158176,0.004162605625502265
158177,0.0023297666427470895
158178,0.0007747294657737551
158179,0.006325168105984739
158180,0.0006186608488994006
158181,0.015852851953128147
158182,0.004238616307535744
158183,0.00045527039132986936
158184,0.0004513166305742135
158185,0.0013213683926402934
158186,0.0004653393506388686
158187,0.0012854733098418435
158188,0.0005075073621568953
158189,0.0007388539139314066
158190,0.000763523174780592
158191,0.0004607188699845337
158192,0.0026908292282682446
158193,0.002085868345939726
158194,0.0014558006878443081
158195,0.000869742713131777
158196,0.0006925769926007599
158197,0.001055408855495644
158198,0.0006956061827826528
158199,0.005506161131971306
158200,0.000976875009316701
158201,0.0025255002361658074
158202,0.0007743538069403886
158203,0.0010877570144040762
158204,0.0011737149483776964
158205,0.0014932450853499624
158206,0.0007778146352001771
158207,0.0006304639746691492
158208,0.0019759056402705003
158209,0.0023749516185928164
158210,0.0004963601463974131
158211,0.0009554783928423019
158212,0.008883778669010379
158213,0.0028221641548216423
158214,0.0063880859513041665
158215,0.0007239959059858034
158216,0.0021570828338533057
158217,0.001141220414105545
158218,0.0005681369057533734
158219,0.0015567658861795838
158220,0.00058527159522713
158221,0.000930957651496332
158222,0.0031002420115285403
158223,0.0005141506520624868
158224,0.0010346007373533302
158225,0.004438069330772959
158226,0.004765191782709222
158227,0.002809302353868657
158228,0.9896195058071378
158229,0.0004948220203301408
158230,0.0013512692863022072
158231,0.0026445629768449544
158232,0.0006635612313087216
158233,0.003872552951295861
158234,0.0027405553970229757
158235,0.0006814230434188579
158236,0.985728517836704
158237,0.001042259487752849
158238,0.0006272457248372092
158239,0.0009754516844156689
158240,0.0012401453685195094
158241,0.002189685086775795
158242,0.0008923881406886851
158243,0.001931035240498203
158244,0.007074945487386178
158245,0.0008877475390946501
158246,0.0006460916537385033
158247,0.0007143355538128673
158248,0.0007999562708196727
158249,0.000606663291872307
158250,0.0005283652246354861
158251,0.0008397744975633132
158252,0.013920567907315466
158253,0.00040503210786879283
158254,0.0006516610352329384
158255,0.001416447280114347
158256,0.0007811589208985004
158257,0.0006681975510082041
158258,0.005576845390461951
158259,0.6508202156939897
158260,0.0013202924369566963
158261,0.001079250345729875
158262,0.0007682782652007698
158263,0.0006790790041300451
158264,0.0005639717118611821
158265,0.0010144041900800739
158266,0.004459552445866143
158267,0.000812910450421507
158268,0.0005069418455532809
158269,0.0023504534973744534
158270,0.0010165162221092866
158271,0.004051357757808268
158272,0.0009951574879988679
158273,0.000831259862745926
158274,0.010048230402478302
158275,0.004677997287358217
158276,0.0009126833017445882
158277,0.0005233129553403559
158278,0.0031851194615116073
158279,0.0005187755412387801
158280,0.0005091759493157485
158281,0.0035621485071674645
158282,0.0006865723364144586
158283,0.0012190699954800145
158284,0.0006606808950622974
158285,0.011456875617524991
158286,0.0009054842628987104
158287,0.0391915633607656
158288,0.0007482864033186314
158289,0.003972526196289655
158290,0.0006896561822050419
158291,0.0012965890148205694
158292,0.0006530093892461112
158293,0.002570779489314155
158294,0.007924623451482187
158295,0.0004689424609252163
158296,0.0005511511970770847
158297,0.0007430458148358664
158298,0.0004600697223651308
158299,0.0015467571347372354
158300,0.0019121501568921998
158301,0.0008638749096983758
158302,0.0011528893317457097
158303,0.00807723874077892
158304,0.0020792551323983617
158305,0.0006052191666382987
158306,0.0007643253068715472
158307,0.004380411040377976
158308,0.0031774850658987325
158309,0.003939049081851972
158310,0.0006808002825899235
158311,0.0005183047532160829
158312,0.0008535360375167091
158313,0.00121342542489076
158314,0.0007968570010006692
158315,0.00047267037988204044
158316,0.0016771580655570528
158317,0.0005732995798293232
158318,0.0006894289819480631
158319,0.0005847671715758146
158320,0.001119084466014604
158321,0.001077028669717754
158322,0.0011163576285787757
158323,0.005220942955867981
158324,0.0008829911574174714
158325,0.0021557409874548303
158326,0.000721504337573871
158327,0.0008880368815781998
158328,0.012431031742584715
158329,0.0006818555363145324
158330,0.0007859473917442223
158331,0.0006590061049555203
158332,0.004899757655306796
158333,0.0008601354043873447
158334,0.000678981440638835
158335,0.0010080984399993677
158336,0.0014175226541728063
158337,0.00042086857524444303
158338,0.0006932085000248092
158339,0.0024560677725161944
158340,0.000614679839790805
158341,0.0017031953900005993
158342,0.0005942598131808928
158343,0.002075409631081958
158344,0.0031840379487691863
158345,0.0004902006010242541
158346,0.0007131701276513738
158347,0.0051931383556048
158348,0.00047261461730332206
158349,0.004384554627800947
158350,0.0009154426563032227
158351,0.00034349286437542663
158352,0.000608724005522193
158353,0.0011166078780052427
158354,0.001726854648879647
158355,0.004216093832224302
158356,0.0022567160872172783
158357,0.0004249358605511974
158358,0.000854099960421539
158359,0.0006286620586968765
158360,0.0029301015534227183
158361,0.0020342611505773612
158362,0.01015991385984314
158363,0.0006335293040254247
158364,0.0006281369213488844
158365,0.0008775315160350265
158366,0.0013433029652526998
158367,0.006828833048507982
158368,0.0009192537426021762
158369,0.0022888352126326766
158370,0.0018709289877146865
158371,0.006520798920611633
158372,0.002837272966280972
158373,0.0005082190570836708
158374,0.0009022711817567796
158375,0.0007639505496506096
158376,0.0005533387534100954
158377,0.000732782271036609
158378,0.004481814276948661
158379,0.0006477474038655066
158380,0.00609112001349549
158381,0.0002937469652749082
158382,0.0003083919459689815
158383,0.000507323860395552
158384,0.015428352019705863
158385,0.0009490765430403753
158386,0.0005803891479404858
158387,0.0010262687965333298
158388,0.0004774462519418779
158389,0.17136685015060374
158390,0.0009207724608218761
158391,0.0012116053973093921
158392,0.0023071304798868942
158393,0.0006611225962088217
158394,0.0007641427030641398
158395,0.000589817570999547
158396,0.0006979658823077689
158397,0.0019587007857130266
158398,0.0008189534961819921
158399,0.0013679255784663242
158400,0.0005191374643314393
158401,0.0008114176068777933
158402,0.000963273274877946
158403,0.006332260459479591
158404,0.0005579026045507211
158405,0.0008722626919564593
158406,0.0009475177893644151
158407,0.006433172785387389
158408,0.0014306463361082689
158409,0.0015553432665015416
158410,0.0014217346620430406
158411,0.0005912357514602216
158412,0.0020148343961277886
158413,0.005924064758301817
158414,0.0017460996300703055
158415,0.016988903411459748
158416,0.000564653127080643
158417,0.005118443865181191
158418,0.001279467087728184
158419,0.0010407600865567795
158420,0.021153858648290523
158421,0.0009003831815147985
158422,0.0007036168549856363
158423,0.000667776402999
158424,0.00043927504703550856
158425,0.0015677255901445258
158426,0.0005618814231242812
158427,0.02089289116726008
158428,0.00282997609811862
158429,0.001953896669345778
158430,0.0017407884083076373
158431,0.006115292356282559
158432,0.0007741086690253372
158433,0.0027879212433515516
158434,0.002447307660366592
158435,0.0020347856347143686
158436,0.0007243729195043637
158437,0.0007188491437917941
158438,0.0009099154681892833
158439,0.0007158613304491489
158440,0.0005734592444734599
158441,0.0010875784805719152
158442,0.003783292473033351
158443,0.0006560652714488942
158444,0.001472239139140815
158445,0.0006939895113920596
158446,0.002173040010992356
158447,0.04656920845302469
158448,0.004533026038762751
158449,0.0063729928813461584
158450,0.0027891538070754975
158451,0.009184872680747363
158452,0.003904558988825125
158453,0.0006828955082145244
158454,0.0021845376676857178
158455,0.0004939115412156122
158456,0.0026707833328349353
158457,0.000940902397786171
158458,0.000614767246058268
158459,0.005821803895955496
158460,0.0016750330050295911
158461,0.0011833434665645087
158462,0.004520888311490537
158463,0.0058598279517667875
158464,0.0004241545579142551
158465,0.0005653907993713191
158466,0.0009784911952715276
158467,0.0005981477523269035
158468,0.025444494642105905
158469,0.00157967157511586
158470,0.004565568436416846
158471,0.00044927894053499787
158472,0.0005687691711429733
158473,0.0008873059376383263
158474,0.001606107955917941
158475,0.0009973755706487778
158476,0.002278520739970159
158477,0.001131373928312983
158478,0.0020564871824365616
158479,0.005714490518354707
158480,0.007551681950977801
158481,0.0016125512192486226
158482,0.0007950564358458897
158483,0.007010240557855812
158484,0.001331329869051246
158485,0.0009382020449009319
158486,0.0034113453198646336
158487,0.0007004669452093797
158488,0.0005122406236241692
158489,0.0003298551393763486
158490,0.002140951229300093
158491,0.0024508983357577085
158492,0.0005865041617047361
158493,0.0005850391568005243
158494,0.0006055219165063202
158495,0.0027610092628341885
158496,0.000828208104214294
158497,0.0005336207399808804
158498,0.0011653339676836955
158499,0.014893519763616483
158500,0.000630826760814562
158501,0.0007619844208142127
158502,0.000793511656139284
158503,0.0005868048572806614
158504,0.0005282146116105883
158505,0.01700481977812961
158506,0.0006119375004823703
158507,0.005070902088372443
158508,0.0011824342667704792
158509,0.0004817820018665624
158510,0.0016352817678985615
158511,0.0017588198317253815
158512,0.0008895171631984997
158513,0.001861696869564122
158514,0.0004771935716119546
158515,0.019272693795621507
158516,0.0038938003206035136
158517,0.001606298766759954
158518,0.0006349511408830716
158519,0.003874840870777197
158520,0.0006061852719587167
158521,0.00061125269520524
158522,0.00045770460007648554
158523,0.000796741671938607
158524,0.012923671170282112
158525,0.000989775345061433
158526,0.0009577212681657777
158527,0.00039603605486767106
158528,0.00393504255797247
158529,0.002666121428478159
158530,0.0017782209514324498
158531,0.008113680206786652
158532,0.0006888162238119101
158533,0.0012152694781394217
158534,0.009160166323173619
158535,0.0007497874359513777
158536,0.004436871819907393
158537,0.0004843028668741601
158538,0.000858818152098161
158539,0.0082178341347196
158540,0.003765555913771676
158541,0.00048206080487316706
158542,0.0007475389518997064
158543,0.001018431726235613
158544,0.001556285635119187
158545,0.0005893173186994124
158546,0.0012336638398235018
158547,0.0080420323884727
158548,0.0005299761352039722
158549,0.0058743894341963965
158550,0.0023326166751022246
158551,0.001534705112079747
158552,0.0008302205427949646
158553,0.0003199592960969426
158554,0.0009706753976500759
158555,0.000595047461099199
158556,0.0007623789965090341
158557,0.0011361779622582465
158558,0.0005030876305358508
158559,0.0005798118655090201
158560,0.0007100162835559219
158561,0.0005768388004157773
158562,0.0008073283115407656
158563,0.0011602374116902747
158564,0.0012696270360672787
158565,0.0010734971830641297
158566,0.0007402399743963604
158567,0.0011880707214141327
158568,0.001011810640402898
158569,0.0149021994867998
158570,0.001247724113754147
158571,0.0031326666997227434
158572,0.0005345757055347983
158573,0.0013504280195335574
158574,0.0035824493117736548
158575,0.003417453471259614
158576,0.0009191403419467859
158577,0.11677362344309418
158578,0.0006934079505647215
158579,0.03850587982453522
158580,0.0006750509767114751
158581,0.0022201424795212426
158582,0.0054570053921277305
158583,0.9966450658355201
158584,0.0015190858311232118
158585,0.0007334495369600884
158586,0.0007208490290183606
158587,0.0005343758117923722
158588,0.001213564724385113
158589,0.0008587199227359336
158590,0.0011772097611940872
158591,0.0011798580778368559
158592,0.000752454889043236
158593,0.018005158386594278
158594,0.0005855227613285238
158595,0.0014690207851176694
158596,0.0013206888817014974
158597,0.0038040608245913663
158598,0.0009682591475893794
158599,0.0029312704333041666
158600,0.0017564067904207415
158601,0.0076486834210775165
158602,0.002028801097325224
158603,0.00289941263196067
158604,0.005510168766606784
158605,0.0012316186653325968
158606,0.0007369361502267039
158607,0.0008375227717194881
158608,0.0008359061987355679
158609,0.0006586558397956076
158610,0.0005412161727014869
158611,0.0034826931258590387
158612,0.002413431855884652
158613,0.0009815322589327032
158614,0.0010139959693661418
158615,0.3296355603945297
158616,0.00293380002021603
158617,0.0007852897990976908
158618,0.0008288611328931019
158619,0.005065490874391329
158620,0.006682911782277328
158621,0.01913415989612824
158622,0.0007279680115030394
158623,0.00953564167548302
158624,0.0005931934636825334
158625,0.0011527442732280789
158626,0.0008986997445009654
158627,0.0006485820332238975
158628,0.0021984172864864164
158629,0.004194323499475653
158630,0.0007907741383996532
158631,0.0005694595173733462
158632,0.0005205483386872894
158633,0.0006495657046267889
158634,0.0008196704417029547
158635,0.0005800364627631522
158636,0.0009426253128000425
158637,0.0008527190153584706
158638,0.00048000285268907103
158639,0.0006457610631672889
158640,0.0006223156169481772
158641,0.0017751770853848244
158642,0.002790734621602602
158643,0.0004942510762921626
158644,0.00042204664956945576
158645,0.008189508037562078
158646,0.000848746507545226
158647,0.00041456499943938723
158648,0.0005407822413778302
158649,0.0010237760730808089
158650,0.0006232471168232689
158651,0.003143849942775918
158652,0.0006481640217152567
158653,0.0006852016875030236
158654,0.004175997343845201
158655,0.0054631827287711255
158656,0.016710996768735307
158657,0.0016780388057261188
158658,0.0015572954742850537
158659,0.0050517923812427425
158660,0.0015150284877990068
158661,0.0005885129555194082
158662,0.0007300351435274532
158663,0.0006108043059587561
158664,0.014255943745852652
158665,0.0015752868187525909
158666,0.001019526521244838
158667,0.0014753844552686034
158668,0.0007884356165638743
158669,0.0007672103284312507
158670,0.0009653703123240118
158671,0.0020695792679024765
158672,0.007838803994301759
158673,0.002111637352372319
158674,0.0013467313249981526
158675,0.00048416802580548735
158676,0.013827283703487118
158677,0.9868984731179457
158678,0.0004856007609304337
158679,0.001459456608780857
158680,0.006354735586759903
158681,0.0007178680423115687
158682,0.006035802225555911
158683,0.0009216861234007021
158684,0.0017951939380344442
158685,0.000805295442420045
158686,0.0019629671303461366
158687,0.0006799785684918935
158688,0.0006804124433716315
158689,0.0028329727764543674
158690,0.0020428602860883094
158691,0.0023816615330482967
158692,0.0011723751834419025
158693,0.0004811829799973867
158694,0.0008870191380342309
158695,0.0004921711936964587
158696,0.0004045366108829424
158697,0.0010662830387058657
158698,0.0008731921565874627
158699,0.0015717028353139028
158700,0.0015821549087178927
158701,0.0006573366516972982
158702,0.0009425507708980019
158703,0.012890429957433943
158704,0.001970008781718721
158705,0.0006717121825625851
158706,0.00043782652566814307
158707,0.10138331412715298
158708,0.0007918880287538462
158709,0.0006988713773414495
158710,0.0007757433059620603
158711,0.0019265326850612767
158712,0.0007597390629598645
158713,0.000778314209163456
158714,0.008801279653152026
158715,0.0005548278157623112
158716,0.0009610264003650051
158717,0.002410664929569111
158718,0.0010081521034700316
158719,0.008081848599002222
158720,0.00076141407108081
158721,0.00044345088140010575
158722,0.005096783257063633
158723,0.0008494129741435945
158724,0.016924256895952033
158725,0.00210542037425297
158726,0.0008947509379843753
158727,0.0006411011361477573
158728,0.0006374420454670245
158729,0.0011029737933552
158730,0.0009668422450278758
158731,0.0006803247647162587
158732,0.0012028370153071436
158733,0.0006112928567387979
158734,0.0006361277562279926
158735,0.0005487878993978908
158736,0.005888928934974908
158737,0.0007856300522838422
158738,0.006190828298444364
158739,0.00511545092471779
158740,0.0005056406623956807
158741,0.0027754722675551783
158742,0.00934460630832649
158743,0.9815478580513087
158744,0.0005466367366693603
158745,0.0005148748656177088
158746,0.005216375247998263
158747,0.004187133609172533
158748,0.0004188768120817384
158749,0.001191633896553222
158750,0.001198004588769655
158751,0.019250040253801073
158752,0.002552466146824331
158753,0.000653352624527183
158754,0.000800531092394833
158755,0.0009811837928631727
158756,0.0019529712014482261
158757,0.0006696533432065891
158758,0.000856661231459465
158759,0.0040202994630302545
158760,0.00047846523698972246
158761,0.0016711033250550612
158762,0.00158819878231367
158763,0.0006033610887126951
158764,0.0005751412846116369
158765,0.0005808703831792935
158766,0.017053166421831613
158767,0.0008290485776747189
158768,0.0010359380626297162
158769,0.0006604097063878757
158770,0.0010762641455763402
158771,0.0011588400715614128
158772,0.0015777692279445622
158773,0.003887838824271357
158774,0.00041675597191102046
158775,0.0007348895788252994
158776,0.0007037835696587704
158777,0.0003692342429872333
158778,0.00045698565729451426
158779,0.0005037158298140851
158780,0.00550168470101731
158781,0.001309298528433295
158782,0.000953389354339965
158783,0.00044823540529245103
158784,0.0006469825175947775
158785,0.02214024140650328
158786,0.003977366582504763
158787,0.001005605187847994
158788,0.004346338634071578
158789,0.0008360823819964583
158790,0.02466464354402033
158791,0.0006473742980408837
158792,0.0016277049563809924
158793,0.0003788649764147953
158794,0.0006970229809801615
158795,0.0008022269645804666
158796,0.006669761021893775
158797,0.000656850569214476
158798,0.0006525972127742122
158799,0.001378604042786731
158800,0.00051140170099277
158801,0.0005575441543907059
158802,0.000619839484101812
158803,0.0010331953906511859
158804,0.0014184224301081031
158805,0.0006288870725449783
158806,0.009536338993402923
158807,0.9973117333501931
158808,0.0005724154502272312
158809,0.00120489653020608
158810,0.0005385006715365293
158811,0.0014920719067030303
158812,0.001777909380396063
158813,0.00045663441960133787
158814,0.0005146018231383116
158815,0.0005964486329527254
158816,0.0008552771192712718
158817,0.004230132174057866
158818,0.0013748124391728264
158819,0.00047670319229084707
158820,0.0005681175696775974
158821,0.004340530064397347
158822,0.0006505274706915083
158823,0.0011103287028103414
158824,0.0015458667732475568
158825,0.0007601841145549308
158826,0.003489159559715847
158827,0.0010933084510313202
158828,0.0005505404357960808
158829,0.0006122201509507658
158830,0.0007479808372409494
158831,0.00044685376344608466
158832,0.003926314763103199
158833,0.0014632494988092563
158834,0.0006245730623162259
158835,0.014472042421889545
158836,0.0011090890210249994
158837,0.008415935483410204
158838,0.0008294015264582824
158839,0.0029615258934654887
158840,0.0015686844208720927
158841,0.0006870978995388618
158842,0.000602394510858644
158843,0.0006994931869218212
158844,0.009725267510668312
158845,0.005627403664972792
158846,0.0010479232175069205
158847,0.0007426438184273326
158848,0.0005631093552760071
158849,0.0009088102052350916
158850,0.0008356558719379379
158851,0.0004930021555781585
158852,0.0006612102848552268
158853,0.0018120955427092587
158854,0.0012159536158683976
158855,0.000909713712623312
158856,0.0005856931974240868
158857,0.005455190636091759
158858,0.0016424649616311143
158859,0.0010399529809613254
158860,0.0016952154483325912
158861,0.0006433708115279651
158862,0.0008548079431282612
158863,0.0019123238338261224
158864,0.0007233199460203955
158865,0.0013795743464953168
158866,0.0017312971040801019
158867,0.002190755576980648
158868,0.0007603421541203129
158869,0.00048027186010317683
158870,0.0015284765693598405
158871,0.0012082561612536034
158872,0.0007485703892515527
158873,0.0015972675838672968
158874,0.9973644829989303
158875,0.0026342603988584903
158876,0.006794365929716454
158877,0.0007275124716458681
158878,0.0005333889403084624
158879,0.0010830289441326006
158880,0.0031410966848967837
158881,0.0004158689366863115
158882,0.0035154440160944343
158883,0.005751647256645839
158884,0.018319533282260714
158885,0.0003360850025643539
158886,0.0006540286921990239
158887,0.0021494294203768375
158888,0.0008957692952724156
158889,0.0012797346615463848
158890,0.0039069425543336355
158891,0.0005391060937389958
158892,0.0028288411868612607
158893,0.0007964419115841554
158894,0.0009752706500454726
158895,0.0005593296636229368
158896,0.00045694653799853414
158897,0.0032792692724965913
158898,0.022070923419846074
158899,0.0008231993931426155
158900,0.0010138017022338162
158901,0.0008831811770227504
158902,0.998373176115176
158903,0.0005681073264417473
158904,0.0009562631668704165
158905,0.0007244734028637677
158906,0.0015520854026863727
158907,0.002925915496601781
158908,0.0008243312118153526
158909,0.0056823062693824354
158910,0.001242284353440975
158911,0.0009731819212396718
158912,0.0199595079003424
158913,0.0004176497075099517
158914,0.0005578637607695307
158915,0.0005960533829430183
158916,0.0008462184610154664
158917,0.000581159765339053
158918,0.0004264674784311963
158919,0.000906368915245906
158920,0.00044724364269465043
158921,0.0026502405564429636
158922,0.0038683763052038706
158923,0.0007428263407159207
158924,0.001887147709743421
158925,0.005028034175219271
158926,0.0017312521243209064
158927,0.005391773229734376
158928,0.001475234287372448
158929,0.0005999187719803686
158930,0.00226830839947358
158931,0.0065921255674389395
158932,0.009002534553635668
158933,0.0007614746946530868
158934,0.0008419296190996403
158935,0.0005713183316408671
158936,0.002502821745696898
158937,0.00156024585289111
158938,0.0028508395850300695
158939,0.0038154906274263946
158940,0.0014143947247478022
158941,0.0024597787428680567
158942,0.0029593937065281357
158943,0.0006644629620219209
158944,0.0017461123133072909
158945,0.0030246012016734857
158946,0.004365607449480473
158947,0.0025048879736423654
158948,0.0007755565302445364
158949,0.0007489045947224619
158950,0.001963662651734206
158951,0.0026785609724110705
158952,0.000547851391754831
158953,0.0030067991092829296
158954,0.06474075851971427
158955,0.002898173511967906
158956,0.0011427089273600005
158957,0.0014516914433403338
158958,0.0009950355815131358
158959,0.00042782387193187525
158960,0.006783072062501089
158961,0.00507719107014314
158962,0.0007029791500373045
158963,0.0006155580283404821
158964,0.007379921399780793
158965,0.003644153986539782
158966,0.000835675311849565
158967,0.0007684976581094844
158968,0.000650384418840935
158969,0.00037195289530657404
158970,0.0005169969853475012
158971,0.00154980582934359
158972,0.0008363365934293441
158973,0.0010862851742088565
158974,0.0015510962444912199
158975,0.00048011347536418606
158976,0.003817263184510032
158977,0.0004742466057101255
158978,0.0007546686912039179
158979,0.000640094098709694
158980,0.0005928840473273635
158981,0.01823919932231459
158982,0.0006342640691242054
158983,0.0009568791066845094
158984,0.0005260871426167801
158985,0.010356596411456951
158986,0.008076272457344867
158987,0.0012237192054632036
158988,0.0026560173524212047
158989,0.0012210500694217973
158990,0.0010101635994774513
158991,0.001099256850416726
158992,0.0009642701355359117
158993,0.0010854530300020001
158994,0.0008720693605560474
158995,0.0006375641236186036
158996,0.0005415263823773307
158997,0.0006031080271651111
158998,0.0008705745479922295
158999,0.001062443270092786
159000,0.0014595629122351246
159001,0.0012448437868998541
159002,0.0012656688046564714
159003,0.00036611290569997556
159004,0.0006753815966209432
159005,0.001082764808081864
159006,0.0035519253806623064
159007,0.0018621767162730293
159008,0.0050223219095211075
159009,0.01055020136923189
159010,0.0006150818232728331
159011,0.0024660114150763914
159012,0.0012226202028654837
159013,0.0012628258911881343
159014,0.001963534408925342
159015,0.0003733773404290959
159016,0.0004976364547881482
159017,0.0005609808503575668
159018,0.0008979459704845577
159019,0.0005172436413176265
159020,0.006629390568630229
159021,0.0009195065402131511
159022,0.004064370601930829
159023,0.002700111059355814
159024,0.00698923101214066
159025,0.003505877779419544
159026,0.0004803149854936172
159027,0.036830063919302984
159028,0.0007455428574777499
159029,0.009275286431301648
159030,0.03078179981213144
159031,0.003950811479540007
159032,0.0059332493394616955
159033,0.000538094813112352
159034,0.001980786205656153
159035,0.0007034876807896794
159036,0.0012427585518935036
159037,0.00046241388650678785
159038,0.0005696178825667479
159039,0.001097772692395149
159040,0.0012033692046180414
159041,0.001993603740584809
159042,0.0004838640281401812
159043,0.0014481181516519624
159044,0.0004993688122268363
159045,0.000955677539821584
159046,0.004480659956544576
159047,0.0008204916648366816
159048,0.0011016385629621314
159049,0.013598613030042618
159050,0.0008623667196090111
159051,0.014612892579920645
159052,0.0014985299794172758
159053,0.0010340657057947918
159054,0.0006400193281679606
159055,0.0005699440958502138
159056,0.0183777012699659
159057,0.0007434662732479913
159058,0.0039726881020668466
159059,0.0009390878981747786
159060,0.0025987436692100283
159061,0.0005889168877852815
159062,0.001640316409519382
159063,0.000713145982635898
159064,0.0008291722324938321
159065,0.0007491878283618601
159066,0.0008296065561480403
159067,0.0008742858503249564
159068,0.0007190879760488519
159069,0.00536723296349823
159070,0.001566093303108791
159071,0.0008667950581533074
159072,0.0005170271366190633
159073,0.0022971414909607087
159074,0.00045886034410138585
159075,0.0006866890924202482
159076,0.0008260244360234826
159077,0.0006783084634135688
159078,0.0006593636039649383
159079,0.00041459168137225177
159080,0.000631029114921065
159081,0.0005719140806547912
159082,0.0013531387322776379
159083,0.0009336714377042791
159084,0.0004327403600946667
159085,0.002403800615939031
159086,0.0100911393491765
159087,0.0007803132197044611
159088,0.0034636521060195055
159089,0.0006480712481130538
159090,0.000792615486906323
159091,0.0006269951322039891
159092,0.0003996155221018406
159093,0.0005297160906797563
159094,0.0005941574872334572
159095,0.0017070328141856163
159096,0.0006488464098685152
159097,0.0006858163668450634
159098,0.00738217814087721
159099,0.0013408931076671622
159100,0.006808559820884348
159101,0.000935658169537578
159102,0.0007370886068384286
159103,0.0005525160314940478
159104,0.0015555579671602806
159105,0.0032217116389135323
159106,0.017229526262316837
159107,0.0006590824355974802
159108,0.0005271435201628528
159109,0.005465318380013483
159110,0.0016633541899600183
159111,0.00056821397835673
159112,0.003640327410733975
159113,0.0013902581882487594
159114,0.006636248996891029
159115,0.0007291164318793057
159116,0.0013025271266614883
159117,0.007089259478822189
159118,0.0013988347519954748
159119,0.0069263481285214215
159120,0.000937039260586844
159121,0.0008162448265094685
159122,0.0005388632238919788
159123,0.0008857864253559336
159124,0.02036205428998705
159125,0.0004697301078640605
159126,0.0009285648209828427
159127,0.0008831372007807569
159128,0.0005590834838688095
159129,0.002098520279782924
159130,0.00366305591950851
159131,0.0008587528414742607
159132,0.0005410641617781264
159133,0.0007853350852232393
159134,0.0016515189934371913
159135,0.0005339882812158143
159136,0.0009809456058905263
159137,0.00099543700696403
159138,0.0009612461987727296
159139,0.4455190925164765
159140,0.0016942083649504917
159141,0.0007796928920579507
159142,0.0009390029855441255
159143,0.000715527572702636
159144,0.006600463313685527
159145,0.008031782986520674
159146,0.0009523975485522358
159147,0.0035815974168659304
159148,0.0031678530971520824
159149,0.0006587879390097932
159150,0.003377654521681212
159151,0.0026652835497159135
159152,0.0005688271253661884
159153,0.0011715401924241803
159154,0.9991365178284352
159155,0.0014788809248536784
159156,0.03894686464128189
159157,0.0012863138800427436
159158,0.003599157933563306
159159,0.001555334160352539
159160,0.000941028037557777
159161,0.0019596566233650746
159162,0.001414489643680893
159163,0.0005026731572444176
159164,0.006391654530615992
159165,0.027624864646570223
159166,0.001709119310681634
159167,0.0006201926244435274
159168,0.0035299198940963233
159169,0.0016793424392042807
159170,0.0010016154451529583
159171,0.0020656602543305206
159172,0.0005828059793116029
159173,0.005549859611913909
159174,0.0034514747420038286
159175,0.0013141374389971185
159176,0.0020919607609833067
159177,0.0024832801142869987
159178,0.0013426092045527123
159179,0.0006173778920243681
159180,0.0005743242924378479
159181,0.0020784355232562096
159182,0.0016110833666153884
159183,0.0013040461382412692
159184,0.0004794037456979895
159185,0.0015038413453285987
159186,0.000435462364052466
159187,0.0005017572978019037
159188,0.9922670787227819
159189,0.013841279159968016
159190,0.000777810751465474
159191,0.000574836570053579
159192,0.0005444096053246422
159193,0.0012816778433738666
159194,0.002381874946259988
159195,0.0008789886710939656
159196,0.0017572088364821627
159197,0.000750704601316749
159198,0.0061955213920758916
159199,0.0036888413015155304
159200,0.008940296039730464
159201,0.0015203123718565419
159202,0.0005408062024400962
159203,0.0005445572988287437
159204,0.0007292759022614512
159205,0.0014034817200574306
159206,0.0011125717991428258
159207,0.0025186851921526233
159208,0.0006433870414501475
159209,0.0009449085470150348
159210,0.0014564413859367237
159211,0.004018225502394695
159212,0.0012895671805176652
159213,0.0006047373177637162
159214,0.012561226358446025
159215,0.0006478274408778018
159216,0.0006831993052191772
159217,0.0010616802524768762
159218,0.005351590428953158
159219,0.0006217746218346327
159220,0.0009910381898917012
159221,0.0005038971807996059
159222,0.0007087885992224081
159223,0.0005315505582451448
159224,0.0032316200455451403
159225,0.001562479774042348
159226,0.0012752925594601901
159227,0.001712154064275708
159228,0.006130135535432282
159229,0.0010183283671959694
159230,0.0006911391675867615
159231,0.002148847643081203
159232,0.0007052140309190515
159233,0.0025721483169188495
159234,0.9977347003359172
159235,0.0023969866432769884
159236,0.002871510124675495
159237,0.000646943370093525
159238,0.0010608418993914145
159239,0.0013931128833157402
159240,0.0005786817144052907
159241,0.002523564123333541
159242,0.002696013154355976
159243,0.0006328399278772147
159244,0.00834599177309345
159245,0.003006600008401654
159246,0.0009090203374314606
159247,0.0008480225047599755
159248,0.002962737975200994
159249,0.009166629444040281
159250,0.004348347458475036
159251,0.0005088863033064447
159252,0.0006537922779578947
159253,0.0005256644537535825
159254,0.0009642845174886853
159255,0.022388827098014798
159256,0.0008237653724812872
159257,0.0007896084778449916
159258,0.0028665290254564404
159259,0.0031774348475411517
159260,0.020308548891485978
159261,0.0004205581141361742
159262,0.0011652764530045508
159263,0.004556667472490219
159264,0.0006650564533308028
159265,0.0014911088636829187
159266,0.0006613584302630823
159267,0.0010117755932587816
159268,0.0005571369622017492
159269,0.0007058166294519833
159270,0.000837316051280434
159271,0.015858664903937697
159272,0.0004970031286636627
159273,0.0006527903951302386
159274,0.002751716393800505
159275,0.004101432500490006
159276,0.0008086667860272827
159277,0.0005444319216750931
159278,0.00098566225749354
159279,0.0007983503140612837
159280,0.0005909883140763289
159281,0.0014733748838019155
159282,0.004283607015702023
159283,0.0019516696258496914
159284,0.0027116024095980395
159285,0.0008244832785426453
159286,0.001153319729227989
159287,0.0020073720750728025
159288,0.008308716386029117
159289,0.010759603167234039
159290,0.0015992972231439787
159291,0.0024435353740140126
159292,0.0006767079144432182
159293,0.0008196501727193659
159294,0.0008871712514192894
159295,0.0005422951470702907
159296,0.0005339428939080336
159297,0.0009196961190069968
159298,0.0008496345994864413
159299,0.0009662081093703723
159300,0.0010820082503032063
159301,0.002559067008033328
159302,0.002121883804739314
159303,0.9948836752241297
159304,0.0005755040298673507
159305,0.0005915916906525972
159306,0.0008037447896993155
159307,0.005888691236913301
159308,0.0006519345688540875
159309,0.0005560577855474286
159310,0.0007093163625977344
159311,0.000541827389835409
159312,0.006811416001315346
159313,0.9789873416946436
159314,0.0006674346050174369
159315,0.001375387998846387
159316,0.0008972510382446357
159317,0.02109414325248296
159318,0.0005658598364576372
159319,0.0007175317880510907
159320,0.000615612761736879
159321,0.003192836907112454
159322,0.0008127129536453007
159323,0.00046875250871345473
159324,0.004173784909553245
159325,0.0007562548280554294
159326,0.0008427008787598193
159327,0.004446134058701993
159328,0.0005796402234805885
159329,0.003012805707977967
159330,0.0014660125929679027
159331,0.0020810060709363924
159332,0.0008355421662983307
159333,0.000627943346862819
159334,0.0011578744831832603
159335,0.008587937560546419
159336,0.05001279445748563
159337,0.0005311950893493098
159338,0.002447701309594163
159339,0.0006818657259905946
159340,0.000862810052349221
159341,0.0012115712496775218
159342,0.002445610558542099
159343,0.006521396479409348
159344,0.01541313828775914
159345,0.0054300394299159754
159346,0.006668130928770324
159347,0.0006104371091237633
159348,0.0008321646418642803
159349,0.0010424267590515286
159350,0.0015087186938732833
159351,0.006015391907447817
159352,0.001620131137468416
159353,0.0009351950308170663
159354,0.006234476901193136
159355,0.0006386536340164198
159356,0.0025238941605023506
159357,0.001307447959832345
159358,0.0004618464924968127
159359,0.005514873171133974
159360,0.003362970496268957
159361,0.0008401791465692031
159362,0.0018197413712239823
159363,0.009272256603023069
159364,0.000852941437071077
159365,0.0004367980014980793
159366,0.0005351554725525693
159367,0.005326073372826673
159368,0.0013326336410515987
159369,0.0008410223998395593
159370,0.0007623240153733088
159371,0.005274304323301701
159372,0.002414700543443047
159373,0.003062639499714762
159374,0.0010870507718823133
159375,0.20061696312474642
159376,0.0005832189567572689
159377,0.0005616039466810773
159378,0.0006687513547153317
159379,0.0009369659055597078
159380,0.0006383563357881957
159381,0.000985086302086609
159382,0.0004484737515311865
159383,0.0011328421340900982
159384,0.0005779127856993171
159385,0.0007871635192216314
159386,0.0007970308459065138
159387,0.001284940833314365
159388,0.0006283980473242709
159389,0.0008078518079678765
159390,0.003643844690023222
159391,0.0006599536980818687
159392,0.0016504068479655492
159393,0.0006676234363311255
159394,0.000807040982187609
159395,0.0007545904259045928
159396,0.0009776690039302056
159397,0.0009542802946195158
159398,0.0006320940836442229
159399,0.0010416057093927031
159400,0.000585162800440382
159401,0.005796279982779534
159402,0.03029159383533595
159403,0.0028862429801017743
159404,0.0013979955569473337
159405,0.0006705070267150261
159406,0.00069761833908423
159407,0.003941427277299384
159408,0.0005523773210279173
159409,0.0007082167249712536
159410,0.004384876139361548
159411,0.012315961694256587
159412,0.0008741654441928319
159413,0.0006593790644219824
159414,0.0020868036146780324
159415,0.010378588211245168
159416,0.0010047513197067902
159417,0.0006719911638519127
159418,0.0015549262430030932
159419,0.001720528080699289
159420,0.0017820303880566582
159421,0.0005971697315164941
159422,0.002620191654493626
159423,0.0006734778656719289
159424,0.0010619607816961972
159425,0.0004966193681469676
159426,0.0007258392086922685
159427,0.0004464030773328804
159428,0.0015322696364755486
159429,0.0040675435657695595
159430,0.0044413081418534835
159431,0.0004768941940007899
159432,0.0023297857572154067
159433,0.0012573290740057934
159434,0.0006497101823830977
159435,0.00255569871454469
159436,0.0006995835246692028
159437,0.0007737427420270709
159438,0.0007722614497738169
159439,0.008775450971429868
159440,0.0009640667482184772
159441,0.0007548671332816516
159442,0.0007592870072848648
159443,0.0006523490670854541
159444,0.0011239460506239176
159445,0.006601650203587564
159446,0.0036040523822141665
159447,0.005254221256130541
159448,0.0014615224279417645
159449,0.0007324163916283811
159450,0.001843666361708897
159451,0.005513671385033654
159452,0.0015099480221413223
159453,0.0031421234534867878
159454,0.0006524739721581326
159455,0.0005156596751635037
159456,0.0007720296912868535
159457,0.0016248595728432143
159458,0.0006599540123290644
159459,0.0016831392800467325
159460,0.0010674823586896765
159461,0.0008230823342284846
159462,0.0005521658591280026
159463,0.000856644396896569
159464,0.0012933000215272356
159465,0.0009650333560174729
159466,0.0012617171602552688
159467,0.0005932613026156211
159468,0.0010187489122654796
159469,0.001872348456451728
159470,0.0013885330654821947
159471,0.0006238904466198748
159472,0.0007483724131685438
159473,0.002731229339972313
159474,0.0004785254060373377
159475,0.0021361187753201763
159476,0.00675544876443405
159477,0.9967416432796299
159478,0.0006028345940720031
159479,0.0005926954907859068
159480,0.0010633726806399948
159481,0.0025710308319724677
159482,0.000839606878024865
159483,0.003177871837353543
159484,0.0005765420032708745
159485,0.0006148596829384372
159486,0.0008702547256204363
159487,0.0011842083841028341
159488,0.002556462545275633
159489,0.0012652336609236476
159490,0.0005316543550003345
159491,0.0006891616640545778
159492,0.0006040008312940409
159493,0.0005420469994210573
159494,0.00274262881898264
159495,0.20226985772624173
159496,0.0006764022033736084
159497,0.000980249810047894
159498,0.0010300876863764128
159499,0.014845448035866255
159500,0.0008948979807358111
159501,0.0049490289048726484
159502,0.000544642492477632
159503,0.0005359277315056083
159504,0.0011375345960520187
159505,0.0006534070014128847
159506,0.0008125798471999183
159507,0.0007321317508730406
159508,0.0004785148481380087
159509,0.0009033927872859426
159510,0.0011537304507804923
159511,0.0008982085260583399
159512,0.0007371388600832494
159513,0.0007066165216397591
159514,0.001212058814132053
159515,0.0040925096973938955
159516,0.0006273179223820677
159517,0.0013312128098058413
159518,0.0013356985039616174
159519,0.0006291128570566834
159520,0.006291304774194399
159521,0.0005549125165241003
159522,0.00640450846956994
159523,0.0004958319206328863
159524,0.0006747876755580637
159525,0.0005826005224057497
159526,0.0006501013531987992
159527,0.004626753167547905
159528,0.005850670637833283
159529,0.002652111836614567
159530,0.011076342656669756
159531,0.004514382715445096
159532,0.0027122427628200126
159533,0.002156625952078722
159534,0.010967471589208983
159535,0.0005411926481039732
159536,0.0012124560556595037
159537,0.0005675352632206101
159538,0.0005055197327274587
159539,0.0011890909516152374
159540,0.0009593991396474068
159541,0.0005436023652308957
159542,0.0006572257587319955
159543,0.0023991238872858403
159544,0.006667271688899608
159545,0.02738703474971077
159546,0.0956674563700925
159547,0.0004930431336677152
159548,0.018025896643561568
159549,0.00038624364029928585
159550,0.0016190283873220006
159551,0.0008376309893076749
159552,0.003218315961793031
159553,0.0012809324290580456
159554,0.0013631594750885996
159555,0.000575122375786279
159556,0.0009039445647601593
159557,0.0008404096422339185
159558,0.0031644117959181203
159559,0.0010925002489238001
159560,0.0014679412808414724
159561,0.0011408893792039544
159562,0.0010877782170228766
159563,0.000563523039384224
159564,0.010969392157821039
159565,0.06652440841247854
159566,0.006547600073786004
159567,0.0006356614992928416
159568,0.0006784421114781954
159569,0.0022927466641340954
159570,0.000817170519572934
159571,0.0010196509792328207
159572,0.027252705902809482
159573,0.0009261168273678469
159574,0.0011853143399362422
159575,0.001484669701245768
159576,0.0071239356102405
159577,0.002517739215280184
159578,0.0004045158119439634
159579,0.0008086177608152743
159580,0.001317713703477755
159581,0.0005810677812416816
159582,0.0006346089584519977
159583,0.0018853221243080825
159584,0.0009053946013681338
159585,0.0013016893004360848
159586,0.00298162424391643
159587,0.009692381703120197
159588,0.0008783977034119338
159589,0.0003797715562123139
159590,0.0008524711930695203
159591,0.012097486954622943
159592,0.001165583310904259
159593,0.0007722999405674804
159594,0.0010531619359685784
159595,0.0011810098904829459
159596,0.001094181116499669
159597,0.00047322117412387175
159598,0.011343568251677483
159599,0.0007059749498380368
159600,0.007290850954792075
159601,0.001511505440189265
159602,0.004338253037711946
159603,0.0006746204352691034
159604,0.0006491071682905941
159605,0.0005341263909803919
159606,0.0031633166472237657
159607,0.002347545709872569
159608,0.0008085722348423548
159609,0.006726718017666033
159610,0.0011708907075431872
159611,0.012098396225493638
159612,0.0020908908967545593
159613,0.0005533904874656726
159614,0.9964095687861512
159615,0.007739298567302016
159616,0.001452282497798614
159617,0.001399737718286343
159618,0.0007803641437939325
159619,0.0012622380071771982
159620,0.0006234976263231151
159621,0.005867868507054048
159622,0.0007867619927635324
159623,0.0006181235730176955
159624,0.0004991766121628395
159625,0.0008367627516553614
159626,0.0026215747041061447
159627,0.0006800660744439952
159628,0.0008918002412139793
159629,0.00046661720167488367
159630,0.0017760698933413758
159631,0.000802344581771545
159632,0.0022301643104890244
159633,0.0017244027242317077
159634,0.0015473698139453077
159635,0.001147656359537114
159636,0.0009487013880758847
159637,0.0006862311697473167
159638,0.0004692300442987581
159639,0.0013728387760937035
159640,0.0006240691912726448
159641,0.006238449294263422
159642,0.003147155852794525
159643,0.00073471621766038
159644,0.0009334671557452855
159645,0.0009025099836816475
159646,0.0016941707854159832
159647,0.000787088522960126
159648,0.010617285566711957
159649,0.00236080578890871
159650,0.003046381907736738
159651,0.0011792330702700853
159652,0.0009748185932877162
159653,0.0006897678802790637
159654,0.001180229449779348
159655,0.010835411947876104
159656,0.0030990553555837385
159657,0.002722585078686684
159658,0.0012891264251640101
159659,0.0009979429994747412
159660,0.0017899515454140574
159661,0.0011763919196255794
159662,0.0021704807785204493
159663,0.0006873231231398116
159664,0.004417731516520152
159665,0.0007146746987735789
159666,0.0005226560709610157
159667,0.018861098995387963
159668,0.006173787150975191
159669,0.0018646610994393353
159670,0.0020864132625807576
159671,0.9972508926455665
159672,0.0016332910165605579
159673,0.0008022307383789516
159674,0.002499654548904543
159675,0.000912029596869469
159676,0.0006696584141566874
159677,0.0004869098069911575
159678,0.0030882947954191373
159679,0.00041854145518184656
159680,0.003208255490586269
159681,0.0011005665820916994
159682,0.0004971241460741657
159683,0.000725252009151246
159684,0.0005688166353958856
159685,0.0007341427142665759
159686,0.0004550525089473563
159687,0.004868827131744659
159688,0.0017719922949115331
159689,0.0013634930017630302
159690,0.002257304311687294
159691,0.001423922748989774
159692,0.003481237717248946
159693,0.0007323928884458058
159694,0.0007476866555986492
159695,0.0024922310393572424
159696,0.9943856336917332
159697,0.0004837710486764482
159698,0.0006698562017132135
159699,0.0004879865090574325
159700,0.0007372863739353041
159701,0.0024309555646487217
159702,0.000601285941129097
159703,0.0008121262936942308
159704,0.0006280533297048658
159705,0.0015837046937472216
159706,0.004027451398474259
159707,0.0007288541603229988
159708,0.000715809514052206
159709,0.0008707697507022386
159710,0.0013971182237402634
159711,0.0008141128915499215
159712,0.0012851618739779676
159713,0.006607539658216211
159714,0.0007490426671850203
159715,0.0026056689275581815
159716,0.000549991078069933
159717,0.0009665838516224665
159718,0.0005400028028382018
159719,0.12741894072023843
159720,0.0008276175637300146
159721,0.0007082430439630189
159722,0.0030020945781472205
159723,0.0016381755597518392
159724,0.00268029463643468
159725,0.0013711252982911521
159726,0.006517488855887658
159727,0.0007762548198887963
159728,0.0006222573349363701
159729,0.0016034424845992059
159730,0.0018626975393303989
159731,0.000791179240657603
159732,0.002984792857000456
159733,0.002514797196528834
159734,0.005912939009968496
159735,0.00263224790453144
159736,0.0011491770846259496
159737,0.043681778294031075
159738,0.001255996934397903
159739,0.0030664442027340645
159740,0.001100165579286529
159741,0.0007349821759494038
159742,0.0017706988000171058
159743,0.001446008136278396
159744,0.0018000409298859791
159745,0.0014361182564920046
159746,0.0014858134365273318
159747,0.000775776201228961
159748,0.0011862062484046974
159749,0.0005792911886857571
159750,0.0021932081190025573
159751,0.0030261400486846315
159752,0.0007202560020987752
159753,0.0007663730256231383
159754,0.0004777765959303916
159755,0.07821403116909423
159756,0.013583456684022263
159757,0.0005780699819227762
159758,0.0070927337602301
159759,0.0038030571913280613
159760,0.0010576375525287662
159761,0.00649922862478299
159762,0.0009600545287087656
159763,0.0006458814042628337
159764,0.009908234300659612
159765,0.03915353528802411
159766,0.0039137360213717
159767,0.0006648832444399283
159768,0.0006147741357592051
159769,0.0030999897059194982
159770,0.0006962425379124923
159771,0.0005377613282106283
159772,0.0006368239872470275
159773,0.0005350608458845909
159774,0.0005675148578022651
159775,0.0006085053385241849
159776,0.0014733499208978563
159777,0.0006293626480796404
159778,0.000639292701589494
159779,0.011274264583262686
159780,0.002239396147030437
159781,0.0014469747961585763
159782,0.0007755862317084706
159783,0.006325539753458887
159784,0.012774897027846054
159785,0.0020023995191503063
159786,0.000544880670778355
159787,0.0008005060772026644
159788,0.010662299103484334
159789,0.001302450948469756
159790,0.0007060843149033762
159791,0.0014794779213375881
159792,0.0009362303498673278
159793,0.002767391365586546
159794,0.0005694351473202082
159795,0.08793716774487685
159796,0.0012300397288799404
159797,0.0006957199361352036
159798,0.001650124617425041
159799,0.0006981651651937085
159800,0.0007872471729899798
159801,0.0008006581827214229
159802,0.001452482182691622
159803,0.0021951493071565957
159804,0.0006143921495403495
159805,0.008453096122645559
159806,0.00047776102986094954
159807,0.0005708352301433343
159808,0.0007732959618291446
159809,0.0006580215139478928
159810,0.0006751091092938814
159811,0.006918434597592242
159812,0.004196890881498536
159813,0.006462791944536556
159814,0.0016006912068083014
159815,0.008457112592200928
159816,0.0005649367604451152
159817,0.0006250110668151187
159818,0.0008479505316397767
159819,0.0006174132631937665
159820,0.003905725812493493
159821,0.0009644156740359884
159822,0.04933512856067539
159823,0.0015173806262321126
159824,0.000567804327865528
159825,0.0006348108474010926
159826,0.003879483126571914
159827,0.00332015681036293
159828,0.0008490636988013219
159829,0.0007682414493276198
159830,0.0005729367562676413
159831,0.000566859965047326
159832,0.0007346796806290789
159833,0.0007999274690818749
159834,0.0007294617308841024
159835,0.0007517001873670606
159836,0.0007272551264473272
159837,0.01180585230961371
159838,0.0005069055083444284
159839,0.006194684773075684
159840,0.000809679808743425
159841,0.0005918844880019723
159842,0.995830209090687
159843,0.00055763186295716
159844,0.0006758570524865151
159845,0.00386688620577875
159846,0.00048434022635612816
159847,0.0007925010299290804
159848,0.0007353561314722289
159849,0.0009649168519888609
159850,0.0008448700989420673
159851,0.0016550826415794697
159852,0.0009111668326554059
159853,0.0007940504071732941
159854,0.0006341631281220903
159855,0.0010403866193663684
159856,0.012935569959146445
159857,0.003984599902146045
159858,0.0006864495550570637
159859,0.007531617124563659
159860,0.0005581354761410058
159861,0.0006905714109384695
159862,0.0007418611235273883
159863,0.0004727796344503829
159864,0.011309988137244811
159865,0.000974889757368241
159866,0.0006045131670243147
159867,0.0032082018871255587
159868,0.0006000193420963364
159869,0.007729953736468754
159870,0.0004645495358547323
159871,0.0005584325215116589
159872,0.0007532024207238503
159873,0.0007572201217907566
159874,0.00047008810664680756
159875,0.004895970643332703
159876,0.0007409249253327412
159877,0.0006376204981197128
159878,0.0007657462526691335
159879,0.0011821297102634848
159880,0.001745112225151907
159881,0.0028589782521674075
159882,0.0005330998655145305
159883,0.0023649721874891188
159884,0.0020751444713661095
159885,0.002292560765814405
159886,0.002323443265091571
159887,0.0016514392070926828
159888,0.0031180389612229325
159889,0.00046124097900678994
159890,0.000709951685884195
159891,0.0004686695208842329
159892,0.0004917872103474623
159893,0.0006729303205932323
159894,0.0006669218742357222
159895,0.007735765977542745
159896,0.0016797572980751456
159897,0.0004790534256287719
159898,0.000588011526333821
159899,0.0029635114759541375
159900,0.0006141346317675517
159901,0.0016237240857478823
159902,0.0006263216648719153
159903,0.0009876568633003595
159904,0.0018062268381787126
159905,0.0008066571165638945
159906,0.0006664881773764946
159907,0.002011562983501367
159908,0.005513079316847944
159909,0.0013558296949481667
159910,0.005539459168716796
159911,0.0010514110905265354
159912,0.0012349976920128657
159913,0.0017928678890757567
159914,0.001537434078491353
159915,0.1463109306986171
159916,0.0014316493617803328
159917,0.0033083332807328863
159918,0.0005535123977647883
159919,0.0006930371110019662
159920,0.0006888495549390448
159921,0.0007381699891905679
159922,0.003124962688835626
159923,0.0003946862678801356
159924,0.0019244567401244654
159925,0.008817372420057706
159926,0.000639243206683085
159927,0.0044317609521969175
159928,0.0005740822413600842
159929,0.0005105796854790487
159930,0.001986087394432328
159931,0.0006092548374497381
159932,0.0006966873109496394
159933,0.0009643173505453482
159934,0.000641427872487673
159935,0.000882867556909166
159936,0.0011940621667696394
159937,0.0007611606453302047
159938,0.005263504763277132
159939,0.0008033714546296581
159940,0.002734929079371701
159941,0.0009256598721930933
159942,0.0030448380099355283
159943,0.00437300389010828
159944,0.0005309473763089415
159945,0.0008493914203304333
159946,0.0005674313902359285
159947,0.000599348101591042
159948,0.004720626009773254
159949,0.0007242975570982664
159950,0.0009163896179623112
159951,0.0014895239607326761
159952,0.0024395894589264505
159953,0.004727170577205007
159954,0.0005204174209945825
159955,0.003118158834435887
159956,0.0013749148737282361
159957,0.0015279847529267806
159958,0.0007341006397312305
159959,0.000522211574204345
159960,0.00037473970783310926
159961,0.001851371987906203
159962,0.005635494320883826
159963,0.001741000978815299
159964,0.002032542871573231
159965,0.008268364339287484
159966,0.0022955579444563804
159967,0.0007537950508116625
159968,0.0006931053031733619
159969,0.008815507658579679
159970,0.0014519496871697748
159971,0.0005125262320718024
159972,0.0006796278309166338
159973,0.0017288440767788535
159974,0.0017762991840539037
159975,0.004673124146273664
159976,0.0010417657243351477
159977,0.0028822547770258307
159978,0.0006040250286156536
159979,0.0006465437886649868
159980,0.0007000125599595441
159981,0.0005681727552336056
159982,0.0006652317921765089
159983,0.000697866523538065
159984,0.0005436673142397907
159985,0.003240655953854835
159986,0.004092140487153379
159987,0.000872762606065986
159988,0.007885321558689932
159989,0.0005720133173908241
159990,0.0011631669896592966
159991,0.0008322151287707435
159992,0.0007885930932190578
159993,0.0006128526493441504
159994,0.003156727762844205
159995,0.0006206645287134484
159996,0.0009154273207855083
159997,0.0007469166872692676
159998,0.0005587771886208947
159999,0.003623559028543256
160000,0.01012429699463885
160001,0.0010692949775206236
160002,0.0015462916436164683
160003,0.0006349346106115771
160004,0.03497445641147208
160005,0.0005269489626961891
160006,0.0003948764391859123
160007,0.0019899575594805883
160008,0.0005609854654346267
160009,0.0053430539740603016
160010,0.00039029844421810454
160011,0.0010640820508938595
160012,0.017741255772507732
160013,0.0006739152772101152
160014,0.0030033184795834906
160015,0.0005304539334664981
160016,0.0017595079679969192
160017,0.01149011730041229
160018,0.0017320812266257226
160019,0.012606309821766123
160020,0.0008820059127464858
160021,0.00043988013780735713
160022,0.0011655538619290992
160023,0.0033462857738302916
160024,0.005740458102766032
160025,0.00299931626302068
160026,0.00230862116274553
160027,0.0028227517696668442
160028,0.0013873453469290947
160029,0.002016560032894705
160030,0.002012472431671269
160031,0.0007208726110539623
160032,0.000853065069500323
160033,0.0005683392900036271
160034,0.0027232962345421392
160035,0.000854391430519089
160036,0.0007040525860169293
160037,0.0006345516424880989
160038,0.001065833585684974
160039,0.0004631545152808035
160040,0.001891219914452469
160041,0.0015534414046891494
160042,0.0009210209146960459
160043,0.0008413101826750433
160044,0.0005285853723061138
160045,0.003563871987389469
160046,0.0010397438221151811
160047,0.0023482420244002426
160048,0.0027355085786191623
160049,0.0017993408157323993
160050,0.0023324978402174054
160051,0.003477198791861787
160052,0.0006804701581327444
160053,0.0013455089657870931
160054,0.0016027854159842577
160055,0.0009414550671022449
160056,0.0023160522782615153
160057,0.010567752035321228
160058,0.0005745686042344504
160059,0.001001908447142183
160060,0.0006745557453997398
160061,0.0006742287685210627
160062,0.002121839275493703
160063,0.0004925386338328411
160064,0.002105601961351078
160065,0.0005358073882967799
160066,0.00042370514629464705
160067,0.0031517928891773403
160068,0.0011415170856968256
160069,0.0005607593734007087
160070,0.0012328066867419918
160071,0.0025501428049020582
160072,0.0011944789266206367
160073,0.0012095296178739495
160074,0.0005061102835460848
160075,0.0010930182463286227
160076,0.0011231615907136467
160077,0.001631531844504629
160078,0.0005778017888733544
160079,0.0013846668317908034
160080,0.0009870509645814938
160081,0.0010199218095454752
160082,0.0016186351280071591
160083,0.0007865093212876428
160084,0.000891424258199314
160085,0.000609762752110005
160086,0.0015504107266684655
160087,0.0015150858802592039
160088,0.0005774826425148497
160089,0.0006434853266090711
160090,0.0011526861629746411
160091,0.00046064935337008334
160092,0.0007472264635863702
160093,0.000844078758784233
160094,0.0018786870602069837
160095,0.0006097970257014463
160096,0.0008021729258632319
160097,0.005465253154262053
160098,0.0009061367451432304
160099,0.0008213543076209008
160100,0.0006804761088256531
160101,0.0015135655870135282
160102,0.0010152289278475622
160103,0.0004312352848266726
160104,0.0028041427916213686
160105,0.0004249220447143514
160106,0.008762289993730184
160107,0.0014663189117528903
160108,0.027318374280890664
160109,0.000710892657169914
160110,0.0011810349058468915
160111,0.0035305163581165243
160112,0.0006239424667560832
160113,0.0017271436852485042
160114,0.0025813249528160173
160115,0.0021978097767989604
160116,0.010523045566765246
160117,0.0007943224903067876
160118,0.0006379460994312068
160119,0.00448085136063533
160120,0.0007071294070466619
160121,0.006840594508959023
160122,0.0008208481083504943
160123,0.0013081205543128516
160124,0.0010959894969197479
160125,0.007661022914800545
160126,0.001960145693854018
160127,0.001688463972286401
160128,0.0005441537965417975
160129,0.0005322120697627889
160130,0.001099702836472502
160131,0.007151921812365028
160132,0.004133427514795443
160133,0.00046478745831489
160134,0.0006284961446350884
160135,0.0007392736180363141
160136,0.0006116902641270143
160137,0.0010707228444588567
160138,0.0006738168939641771
160139,0.0006288847029015384
160140,0.0036129300868319577
160141,0.0013881866567109638
160142,0.0010989043721908553
160143,0.0017399065489416732
160144,0.0006989537404919707
160145,0.001074487812985523
160146,0.00192171608882862
160147,0.000710733745650905
160148,0.000612707190063617
160149,0.0005636246409345064
160150,0.0013589030586138903
160151,0.000881257691972843
160152,0.0005976302141069475
160153,0.0009522259838733014
160154,0.0012084879818570567
160155,0.02614191248475095
160156,0.0011886065210832937
160157,0.0011282667088684298
160158,0.0005733845646761454
160159,0.0007107509442501254
160160,0.005191578073749958
160161,0.0010514775311540726
160162,0.0036688335212712855
160163,0.0022949617635390496
160164,0.003191033026312762
160165,0.002396739119321625
160166,0.0006525005601707668
160167,0.009372997218155217
160168,0.0020144625014186244
160169,0.9991705460318029
160170,0.0012205159433186041
160171,0.006377224620828599
160172,0.0004883430752778915
160173,0.0010098370434033356
160174,0.0008414810078590745
160175,0.000669318031276996
160176,0.001219177351454148
160177,0.001144873174824227
160178,0.000503684712972899
160179,0.002241636744652254
160180,0.00908475280359344
160181,0.00043098257580907165
160182,0.001333692891434913
160183,0.003693929721012621
160184,0.98709030671123
160185,0.0013653461756658256
160186,0.0004495119047256905
160187,0.0009491530344767366
160188,0.0007205409658567856
160189,0.0005706159123359235
160190,0.0004631358820411066
160191,0.00162900244930771
160192,0.0038026068771939503
160193,0.00046064927455789436
160194,0.004554435350376455
160195,0.0006442586398214002
160196,0.0015534156840163026
160197,0.0009539846099747492
160198,0.0007419185109871654
160199,0.000813787041872537
160200,0.004064737945180449
160201,0.004833317072502117
160202,0.004146283526637285
160203,0.0016160507021194554
160204,0.0014229406983583435
160205,0.002702870185414757
160206,0.0013530916769627457
160207,0.004888523073099671
160208,0.0032865331597981768
160209,0.0007779433748176183
160210,0.0007066356002132398
160211,0.010768750137940517
160212,0.0005673199767217688
160213,0.0007933429165153227
160214,0.0038938583390055862
160215,0.0014287766071052572
160216,0.012443322628837818
160217,0.0009281625596542214
160218,0.0010958407283194712
160219,0.0004624480355486713
160220,0.0006538250038479135
160221,0.002114156360792114
160222,0.0006268605442286564
160223,0.0018229479085347428
160224,0.0005328452938090705
160225,0.0013021578145224499
160226,0.0014753644537350717
160227,0.003320946502886257
160228,0.002448643743883426
160229,0.002953939711263406
160230,0.0010323959758685548
160231,0.000560235506608104
160232,0.0012317547528398211
160233,0.001136319873117267
160234,0.000688684996771945
160235,0.0021199366363233293
160236,0.0020744114059056745
160237,0.0021706708685399405
160238,0.0011368570132456396
160239,0.001863343461966535
160240,0.003109119122259296
160241,0.0005941680436502655
160242,0.0006131723794054848
160243,0.001552664545527951
160244,0.0041900012677197705
160245,0.0007077434748458029
160246,0.0010732250417805045
160247,0.0010747719475020026
160248,0.0008946754340015571
160249,0.0035073146272383737
160250,0.008227487878867729
160251,0.0008382638054233473
160252,0.0014493395790896577
160253,0.0019586259782886067
160254,0.0010293616459086977
160255,0.0012515513379842214
160256,0.0022850563017524092
160257,0.0007125719096868065
160258,0.0007653859955981716
160259,0.0029495916461260096
160260,0.0008243460069926804
160261,0.0006092256020154718
160262,0.0005433209993380008
160263,0.0006665129096529573
160264,0.003948052897581088
160265,0.001927343268913293
160266,0.0007332989604636613
160267,0.047212504510861855
160268,0.0019482952631125839
160269,0.0006104874391128644
160270,0.0008888029692241935
160271,0.0005990994413774946
160272,0.0005571204420732637
160273,0.0008138453212521162
160274,0.02417180785506771
160275,0.0008527326785483958
160276,0.005204837725637259
160277,0.0017219828870373047
160278,0.0170858690737772
160279,0.0043877083852519125
160280,0.004613819841196897
160281,0.0004874492677525849
160282,0.0014187763698282386
160283,0.003542394743850261
160284,0.003817263184510032
160285,0.0006772747227613413
160286,0.0013511764875322424
160287,0.0006802487628225945
160288,0.020548969371585388
160289,0.0007570752128117143
160290,0.0009316089122637062
160291,0.0007032031278463353
160292,0.0008404989427420808
160293,0.001022570998605217
160294,0.0007046535612450348
160295,0.000845179291481069
160296,0.0006851882238746434
160297,0.0012550710913943929
160298,0.001984420435525969
160299,0.0008096848133073969
160300,0.007294425018401536
160301,0.0006516515354713763
160302,0.0004737907242892496
160303,0.0017442716604785056
160304,0.011155284645594435
160305,0.0008397631420696407
160306,0.0016772146837391849
160307,0.0006150854601133937
160308,0.008479020982577776
160309,0.001311310308274208
160310,0.0005475314328764635
160311,0.005470457278444853
160312,0.0006618502961749409
160313,0.0006468254687517679
160314,0.0024604424042412895
160315,0.9983041785483018
160316,0.021913118521556495
160317,0.0006412061813079359
160318,0.0006123580473709435
160319,0.003823447455734664
160320,0.000696904752662271
160321,0.0035010162653969024
160322,0.004838807660855709
160323,0.0010008637745826652
160324,0.0006167372839081951
160325,0.00045741374885851767
160326,0.002924343623632984
160327,0.0007209386057204492
160328,0.0027051523687373286
160329,0.0010790674912660172
160330,0.000555192228714139
160331,0.0016397609917037335
160332,0.00245511781485797
160333,0.0022857908334886047
160334,0.0011245646041754872
160335,0.0012124040340454113
160336,0.0022956616474002086
160337,0.0006590298681199884
160338,0.000755865785591234
160339,0.0005977798787395806
160340,0.0010418700869717127
160341,0.0013737803719023204
160342,0.0007181146870168887
160343,0.0008568252972747421
160344,0.001152927297755287
160345,0.00046278663014985056
160346,0.0005960576280943651
160347,0.0009021716155161493
160348,0.0008458091505654727
160349,0.0029049071450100708
160350,0.0025899638364118805
160351,0.003778637571627298
160352,0.018213104000942122
160353,0.002672134079888846
160354,0.0008241289217904787
160355,0.002320957019480392
160356,0.0011970596068298898
160357,0.0007326766099309703
160358,0.0025375424256659806
160359,0.00044627283066143325
160360,0.000633875918993613
160361,0.03014165070404385
160362,0.0007705187990421022
160363,0.002312693070790358
160364,0.000985580443398541
160365,0.0006246873666583264
160366,0.0017510254348430494
160367,0.0060252190218994615
160368,0.0028598087509605534
160369,0.0017746691678949666
160370,0.0031282537582344046
160371,0.0030521022979280174
160372,0.9815097625058574
160373,0.008562928701902606
160374,0.0005147217821309753
160375,0.0011812340098347656
160376,0.0007247277535468354
160377,0.001006680744377855
160378,0.0009690855020357954
160379,0.0005480465259607879
160380,0.0010242312319923648
160381,0.0019738436516298415
160382,0.0009410923444870621
160383,0.0005539677153973856
160384,0.0020344299341079858
160385,0.0007632013664058666
160386,0.0007003108581847503
160387,0.0007726578288592316
160388,0.0032941970650658516
160389,0.0005828741934062433
160390,0.004956560706493182
160391,0.033081107280980834
160392,0.0013745202179472151
160393,0.0006089572569461319
160394,0.0004979840897872556
160395,0.0007960247689040344
160396,0.0004804035313333037
160397,0.001200057952252747
160398,0.0005773408771788548
160399,0.35788466450986
160400,0.000928426328163994
160401,0.0008143076576025714
160402,0.0039903782603102275
160403,0.0006557709318933838
160404,0.005962947114910534
160405,0.0008304954799147713
160406,0.0005568759685176008
160407,0.00038028584203535123
160408,0.0006169023629967922
160409,0.0012902880890534327
160410,0.0023273399614383156
160411,0.0024763292451961284
160412,0.003197243344429797
160413,0.0012693683739264472
160414,0.0005916502659437593
160415,0.001498900158296482
160416,0.0020002362525042092
160417,0.002173533497880055
160418,0.008356440531057996
160419,0.0011236538738466071
160420,0.0008609371399836809
160421,0.007237580870538357
160422,0.0004345085107540388
160423,0.0007801641332055552
160424,0.0008327930980211616
160425,0.0007163271709752983
160426,0.000751759168398193
160427,0.0005208617766992578
160428,0.0009880383045902765
160429,0.0023328198471040634
160430,0.0005453772491741135
160431,0.00855718090770427
160432,0.00045685800568622215
160433,0.0011252628130903903
160434,0.004476108628542874
160435,0.002033657753893458
160436,0.000768472867231302
160437,0.006587936045076819
160438,0.0017428596736726231
160439,0.000726073988439734
160440,0.000683653200944294
160441,0.006479206221548203
160442,0.01084047331729201
160443,0.0007435433013963835
160444,0.0005511583536737288
160445,0.00088035497734037
160446,0.0006346672749956855
160447,0.001150431772536999
160448,0.0031141049415216934
160449,0.0007889637981493124
160450,0.0010362152797802663
160451,0.0007132798737764722
160452,0.0032946004120400943
160453,0.0007989217260893973
160454,0.0025807588660822353
160455,0.008345437265392757
160456,0.0005435241752518475
160457,0.006475200118347121
160458,0.0008649805613960516
160459,0.0006935337949454318
160460,0.0008315044056144932
160461,0.0019333765588684325
160462,0.0006677084311681415
160463,0.0015878190473312401
160464,0.0032770247635202625
160465,0.0008929174566716365
160466,0.0014419866786641988
160467,0.012709191897982643
160468,0.9703933919612289
160469,0.0015337045088521135
160470,0.0031833557806319134
160471,0.0014193644649724804
160472,0.001101970087106254
160473,0.0019439704327075774
160474,0.006350219723506961
160475,0.0008264276731043083
160476,0.0007668683827826528
160477,0.0032444307967809853
160478,0.0007329113521670201
160479,0.0006793400247500562
160480,0.0005006699319654343
160481,0.0007842660762890795
160482,0.0034200110580121746
160483,0.0008389827928841864
160484,0.0021913403214874885
160485,0.0003892794873785524
160486,0.0007626624781115663
160487,0.000379159505320948
160488,0.0007959319158009825
160489,0.0012657135174679278
160490,0.0009983103695342613
160491,0.0006667151086586165
160492,0.000771230055793492
160493,0.0005545202320994701
160494,0.0005409461751104147
160495,0.003783316506582902
160496,0.0006737854808489733
160497,0.0006342912152568325
160498,0.0011516550417792943
160499,0.0006357115348554544
160500,0.000988194175696342
160501,0.0009612258040897473
160502,0.0005564949078344125
160503,0.0006111932482020909
160504,0.001382682435365322
160505,0.0004951712781297492
160506,0.0021988924818711134
160507,0.0008654601468798022
160508,0.001656378057549087
160509,0.00048591158346569097
160510,0.0010975788700019256
160511,0.0005502563568609679
160512,0.0006286004836421684
160513,0.002479878103801521
160514,0.0005743893889211116
160515,0.005503479309720043
160516,0.002228811460503048
160517,0.0006127187578355437
160518,0.0006481112804132981
160519,0.002641776774759818
160520,0.011231763481861032
160521,0.0006748081712225513
160522,0.9968519096878659
160523,0.0006021277309907502
160524,0.0008128734721138257
160525,0.000738543132370413
160526,0.0054869756840008645
160527,0.0006909283858804501
160528,0.0017366742302183033
160529,0.0006850811243541378
160530,0.0006916875590007514
160531,0.003250456349921528
160532,0.0008131140418465668
160533,0.0016335823559972778
160534,0.00790445772098839
160535,0.001246535259692907
160536,0.003825507897090284
160537,0.0014396291016224947
160538,0.0015421552736453342
160539,0.002064551283193916
160540,0.0014563904572908832
160541,0.0025957407528877253
160542,0.0005473096608643031
160543,0.0012728456936750804
160544,0.004703574178317099
160545,0.0004910340477592216
160546,0.0019539435070186255
160547,0.001173213282196371
160548,0.004166442110628852
160549,0.0011468214138101417
160550,0.000791388620023527
160551,0.0014080026340116808
160552,0.0026951648614985456
160553,0.0010932511865513457
160554,0.0005532374570250188
160555,0.0007030838113980159
160556,0.0037452136210758494
160557,0.0062062515321142635
160558,0.0018599464148982478
160559,0.0005646893247371463
160560,0.0013188741310751302
160561,0.0009161631621646771
160562,0.0030298636028322752
160563,0.0010414080730599107
160564,0.00470466325786834
160565,0.0022606880897732334
160566,0.001010209384421705
160567,0.001649541238340691
160568,0.0015960096069640712
160569,0.011112500520909176
160570,0.0009181809406671064
160571,0.0006872248209941333
160572,0.0010896484059058304
160573,0.0011743829993292065
160574,0.007748296217978973
160575,0.0005765194904101021
160576,0.0007117129088877807
160577,0.0018832981580289357
160578,0.0008977266391576219
160579,0.00044998567170285975
160580,0.000497438557989303
160581,0.0020462778349682664
160582,0.0021211867163699943
160583,0.005314780372739808
160584,0.002762536558727707
160585,0.0007495854585569811
160586,0.0003818821954405302
160587,0.0009732215152965318
160588,0.009110150349166509
160589,0.0014174470795472057
160590,0.006395714093719535
160591,0.0016727049917124577
160592,0.0005635394100561972
160593,0.0005282523298577352
160594,0.003146460621297073
160595,0.0007940819667538616
160596,0.0038256215171330477
160597,0.0005594784452473463
160598,0.0007902659471446552
160599,0.004071542151024709
160600,0.0005570641650188922
160601,0.0007176395163272638
160602,0.0021143243443832705
160603,0.0008467716716743183
160604,0.0004578806169851973
160605,0.0017898703302102383
160606,0.00981606781564453
160607,0.0006226963167180415
160608,0.17709455894069043
160609,0.0038807230162401785
160610,0.00033471967918358717
160611,0.00649486153956867
160612,0.0007484617272771147
160613,0.0006020380220651991
160614,0.0005558195281985387
160615,0.0006903736762804455
160616,0.0030113223174371715
160617,0.0005985988416623208
160618,0.0006586528945565725
160619,0.0007090128564343708
160620,0.0008209296210015806
160621,0.0005907774567401008
160622,0.0005244645658917134
160623,0.0009430116914182912
160624,0.001071265318066892
160625,0.0013277259513099719
160626,0.0005306449649826266
160627,0.026963908623740568
160628,0.0017749514853715668
160629,0.0005149027141576379
160630,0.001706432523871162
160631,0.00065720614579201
160632,0.0008611397352910606
160633,0.011891618864288524
160634,0.0004909468706762209
160635,0.002704196966367135
160636,0.0007031420435116722
160637,0.003700670306392462
160638,0.9956904337041675
160639,0.00046007960477438347
160640,0.000937978790307568
160641,0.0010830690801004478
160642,0.0007102523155530291
160643,0.00400547930260529
160644,0.0005720352347859473
160645,0.0007411242754423791
160646,0.006662005729893856
160647,0.004216508142804548
160648,0.0047913132123196915
160649,0.002231054182484611
160650,0.00042030569464803646
160651,0.0007903537167104533
160652,0.00041252063504968264
160653,0.01394018387519262
160654,0.016734105918425946
160655,0.0006024874288934099
160656,0.00038696646465456887
160657,0.0011549316621611502
160658,0.000603004196157851
160659,0.0024984415718954864
160660,0.0012315360065483754
160661,0.02069805716117184
160662,0.005247347822282092
160663,0.0007386258745372659
160664,0.0008955325425973347
160665,0.0018046778021606103
160666,0.0010799297143172725
160667,0.0007196898323689376
160668,0.0005035299079102164
160669,0.002308793812039147
160670,0.0005993955847518717
160671,0.001011919338983785
160672,0.0005217711991786428
160673,0.0038389239889349393
160674,0.0003620404389602717
160675,0.0041443158645983105
160676,0.0012133595097871819
160677,0.035368023456466835
160678,0.001434443598400454
160679,0.0006550902663345054
160680,0.0005046910696559963
160681,0.016708024948909574
160682,0.034100495378663526
160683,0.0012247653755369456
160684,0.0009528955980412667
160685,0.0009486146152131955
160686,0.0005205268131635763
160687,0.0006663641901965612
160688,0.0007396062346337346
160689,0.00045683767727665975
160690,0.005136906063772127
160691,0.0019564807865104436
160692,0.017265593143525527
160693,0.00753295984550369
160694,0.000673850659814575
160695,0.011941701637188398
160696,0.0007835115503819444
160697,0.008203495872090814
160698,0.0043406622576700705
160699,0.0011291897306152064
160700,0.006408684136847094
160701,0.0005472894072651901
160702,0.00031252158349701726
160703,0.00051136949329995
160704,0.005908490772986736
160705,0.0004572786217769936
160706,0.0016197784933561694
160707,0.0011937294222100448
160708,0.013332849385359894
160709,0.0010248901965394096
160710,0.000590506307782557
160711,0.0007954519538737419
160712,0.001057610360603503
160713,0.0011966436547610358
160714,0.008916947207469354
160715,0.002929654367641343
160716,0.0005434241024336504
160717,0.0024813254968809734
160718,0.0007889520686185831
160719,0.001910381889890186
160720,0.010193983888333676
160721,0.0017895630277372436
160722,0.0005063147157269641
160723,0.010477444522720689
160724,0.0006405955303063135
160725,0.0019738439730335477
160726,0.000648691805501169
160727,0.0006952112188716648
160728,0.0016532185614542795
160729,0.0037239302930328396
160730,0.004923319369340481
160731,0.0006191020510785981
160732,0.004876032200640404
160733,0.0011502776181307709
160734,0.0007274261465602115
160735,0.000961266729076906
160736,0.0009494064362536655
160737,0.0009257425899537707
160738,0.00231163152253962
160739,0.015234343253339947
160740,0.002221712326938301
160741,0.004286484018551716
160742,0.0016575667498324492
160743,0.00060410247940125
160744,0.0005113776850470873
160745,0.002548538876321723
160746,0.0010977147938659895
160747,0.001755745424689661
160748,0.0029423996456531183
160749,0.0006685892326329172
160750,0.0007387273673664942
160751,0.0010657858307307284
160752,0.0012934476274728093
160753,0.0007880787651408775
160754,0.001392337294435054
160755,0.0010106282778584302
160756,0.0005179022364863078
160757,0.0006106695804655455
160758,0.0007151216874650042
160759,0.0014131798140904262
160760,0.0006676473472387898
160761,0.0008794643245930512
160762,0.0005197791000160673
160763,0.001016183584776779
160764,0.0006674741072018332
160765,0.0020587533933416596
160766,0.0011346496660721655
160767,0.0005336549569541976
160768,0.0006575343061708132
160769,0.00045753828986382344
160770,0.0008258315071473585
160771,0.007929385434230017
160772,0.0016567447352040271
160773,0.0005301779685283999
160774,0.0005148047014229822
160775,0.0007878520498109863
160776,0.0005029345425829322
160777,0.0008197341425403466
160778,0.0006164292329412573
160779,0.0007259541335918084
160780,0.0019417491699743902
160781,0.00996885486264598
160782,0.0005574553902448396
160783,0.0009891016418193525
160784,0.0006008900960968739
160785,0.00872836451316767
160786,0.0012728735498015635
160787,0.00048794373493055935
160788,0.0006782481117420193
160789,0.0006519856660109099
160790,0.00047179415011806483
160791,0.0005418241788056225
160792,0.02454079255963575
160793,0.0022457677022528974
160794,0.001287083413471308
160795,0.001103466385794873
160796,0.0006183476938018968
160797,0.0007432826908200246
160798,0.0010745113109935835
160799,0.0005035886270443673
160800,0.0013569105849837847
160801,0.0007693204950826428
160802,0.002354859523239997
160803,0.000894464819126948
160804,0.0006347694238511405
160805,0.0005471131953141869
160806,0.9870630948829757
160807,0.0015428242705636459
160808,0.007715133268941586
160809,0.0005937086880333773
160810,0.00042178916270004245
160811,0.0005246218638655939
160812,0.0006324933752414815
160813,0.0010034909007168562
160814,0.0007618749779076375
160815,0.0006438757725167141
160816,0.0018401857148865287
160817,0.009291090630788403
160818,0.0005843074864887083
160819,0.009814482911138997
160820,0.0009605008674897612
160821,0.0009497391999830668
160822,0.00038404303316295153
160823,0.0006515867177415755
160824,0.000976612843647205
160825,0.00192529712123919
160826,0.0015771610214474823
160827,0.002462598617145079
160828,0.0018834325677373632
160829,0.006314902127594076
160830,0.0005581721634460537
160831,0.00048791218208413137
160832,0.0007758438915111125
160833,0.00048437021864469694
160834,0.008061847798921964
160835,0.0004628271153761561
160836,0.012715806532896917
160837,0.016521118549933305
160838,0.0005704207755984599
160839,0.0007039296287247344
160840,0.0020386919455833586
160841,0.0005537415678165095
160842,0.0005198698300001246
160843,0.0012817238895093009
160844,0.0010155154853981445
160845,0.0007310479230198303
160846,0.0007490013799092486
160847,0.009670486475683686
160848,0.002296872249707764
160849,0.0021879413372074916
160850,0.0007113353344610201
160851,0.0007794361133710847
160852,0.0027607215488681543
160853,0.0010239997890126524
160854,0.001051158484156305
160855,0.002143145791805945
160856,0.001782642792881854
160857,0.0012720466447951773
160858,0.0009011099826283916
160859,0.0007555846030323772
160860,0.0005329562645447297
160861,0.0006323223400732832
160862,0.0015046444938750557
160863,0.0006664350935543306
160864,0.0008121116190752502
160865,0.005043874086442243
160866,0.0006854443580823683
160867,0.0033680514595860215
160868,0.0007219275245964113
160869,0.001464872472465293
160870,0.0005609601054122961
160871,0.0006573872136376518
160872,0.0037337692544534276
160873,0.0005393202379091309
160874,0.0033745693319912067
160875,0.00044908758516075013
160876,0.0007395849520809025
160877,0.0004616549019454229
160878,0.003071522339001072
160879,0.0019428625900657602
160880,0.0006209416101693262
160881,0.00578640298855087
160882,0.0009279145109183496
160883,0.001419016516873314
160884,0.00725153197243961
160885,0.00929876652641538
160886,0.0009243141368861432
160887,0.0002765330980279152
160888,0.008828601806108895
160889,0.0007282863826962258
160890,0.002910616164526174
160891,0.004470274951449399
160892,0.002930957108047279
160893,0.0003859361170950096
160894,0.004635842850646782
160895,0.0011201544865212325
160896,0.009154690197660529
160897,0.0008361813943185683
160898,0.00322570099455527
160899,0.0019007814025582795
160900,0.0008522518622516738
160901,0.004329446512186896
160902,0.0014525626564932765
160903,0.0011443352874149315
160904,0.0038442148944182967
160905,0.0004010217678886304
160906,0.0555093465178462
160907,0.0027809737928717387
160908,0.00045487206110670763
160909,0.0010603327745048684
160910,0.0007723806093873423
160911,0.0027660575128388883
160912,0.001985823765054202
160913,0.0015145218644039664
160914,0.0012946711101927905
160915,0.002665052029454014
160916,0.000570749608151049
160917,0.0010207320324792369
160918,0.0007909158684367994
160919,0.000994748042274884
160920,0.00107019178365725
160921,0.0007343086382377672
160922,0.0004903455092220509
160923,0.0007683539867859698
160924,0.002670454060648837
160925,0.0007318316218607155
160926,0.0015535836038717715
160927,0.0011000870200469648
160928,0.010880964646594271
160929,0.0008530800237871474
160930,0.0007702456874509912
160931,0.0011092919016564007
160932,0.0008632656754649938
160933,0.0007910681774307215
160934,0.0007597893961702104
160935,0.006957379165550289
160936,0.0037174771436327735
160937,0.0010979749829181345
160938,0.005046107786506637
160939,0.0010908527681088396
160940,0.002000559409241692
160941,0.0007158919864708703
160942,0.0005889085729425136
160943,0.0019044330406956084
160944,0.003641420379887836
160945,0.0029942572576620702
160946,0.018493055816984173
160947,0.0006105906184572577
160948,0.001539143808554983
160949,0.0008252810961435039
160950,0.0006888511637282271
160951,0.00338688212854746
160952,0.0005618607117410655
160953,0.002234222876579933
160954,0.03743667697806951
160955,0.0007018287616705149
160956,0.0011182116960294303
160957,0.004180385525324136
160958,0.9981216228664962
160959,0.0013211414588376786
160960,0.0011224271794594988
160961,0.0005750650258960145
160962,0.0076931137059244375
160963,0.0007939038084243935
160964,0.0008418375434570861
160965,0.0007961047118722232
160966,0.0005800847763343962
160967,0.0012512320821342258
160968,0.0003878517426592369
160969,0.0013840927890683146
160970,0.0007269925832875466
160971,0.0006582693195921907
160972,0.0004357461784424036
160973,0.0007078801195928253
160974,0.0016526033046601065
160975,0.007828222601116921
160976,0.0008103448442594559
160977,0.0006344987016790926
160978,0.002262481985206391
160979,0.007000845258775368
160980,0.0010517821945874536
160981,0.0008299767842266927
160982,0.0006513841438681264
160983,0.0006248394257864799
160984,0.0005819569575206635
160985,0.000339895236091104
160986,0.0005286465392203947
160987,0.0004113932337850056
160988,0.0005967694412633756
160989,0.0006057018855924643
160990,0.0009607445366559351
160991,0.0018442648788494875
160992,0.0017786082611200718
160993,0.0007041333216111173
160994,0.002028277739633144
160995,0.0038508304246534647
160996,0.002028342910633661
160997,0.0005396547234275786
160998,0.0006382069147109412
160999,0.0005236407307976797
161000,0.0007176669622021362
161001,0.006990639886254474
161002,0.0005682910856426801
161003,0.0010816246832173913
161004,0.0005128913022544499
161005,0.0021810900655523623
161006,0.0008252049268925765
161007,0.0009403543073956647
161008,0.0010354088312436462
161009,0.00043046541514324687
161010,0.0006758569374374632
161011,0.0006590896615925462
161012,0.0003584961252938867
161013,0.0004780307587487591
161014,0.0008826162858544683
161015,0.001661326780662694
161016,0.002598218952044526
161017,0.0032380005257746673
161018,0.0005928048813427729
161019,0.037370406124205204
161020,0.0038138081082863444
161021,0.002549662219326035
161022,0.0008124317000964614
161023,0.0005118430035498774
161024,0.0005788647008695748
161025,0.0015924576034850152
161026,0.0005556626853767016
161027,0.9946718328993311
161028,0.0006817035428807018
161029,0.0007721400693020392
161030,0.0005799277375536691
161031,0.0035555331160884336
161032,0.0027316694855077897
161033,0.001967388124916737
161034,0.0006870433453352984
161035,0.004854829372903966
161036,0.0007946873876790844
161037,0.0008577990387927348
161038,0.0004698519221370865
161039,0.0006150265281839741
161040,0.0018574527569208993
161041,0.00452100977139956
161042,0.0015352560490072284
161043,0.0005873242615476423
161044,0.0004410474132405585
161045,0.000979897705243263
161046,0.0006171449774275738
161047,0.0024862371961473606
161048,0.0010620730479090753
161049,0.00939968413081985
161050,0.0007178693109200563
161051,0.0013987000874682285
161052,0.0012847081268904602
161053,0.001069133285651951
161054,0.0006458922716773251
161055,0.007643153621908296
161056,0.0015005373765418191
161057,0.0014693661280872098
161058,0.0004909293149136573
161059,0.00759175812206803
161060,0.007250443924125227
161061,0.0008692357518202846
161062,0.001105109681501989
161063,0.0009338605843784255
161064,0.005574569237827939
161065,0.0005344567029297463
161066,0.0009452737946996914
161067,0.0030352295058225717
161068,0.0010797823756683667
161069,0.003875859081331992
161070,0.0005206060478177881
161071,0.00682050676701694
161072,0.0011250047758701496
161073,0.005769664594269717
161074,0.0007756516024362949
161075,0.0005719046141856067
161076,0.0008208030785105934
161077,0.0009578911221021838
161078,0.0012934819470895084
161079,0.21503327336151606
161080,0.0005508031773184784
161081,0.00675544876443405
161082,0.0008945106524067434
161083,0.003082273000891994
161084,0.0005722298911440148
161085,0.0006760567300405941
161086,0.0006226392914292663
161087,0.9983966795197385
161088,0.00047582308934172987
161089,0.004658913154518492
161090,0.0009248378070096382
161091,0.0012730500640784597
161092,0.0006933997928630273
161093,0.002217753918511922
161094,0.0006537172450758105
161095,0.001325551248384156
161096,0.00156838024431973
161097,0.00028394352671273055
161098,0.0006185001262409965
161099,0.0004770755298569309
161100,0.00038920635858557076
161101,0.0010838126168136821
161102,0.0005865615513997887
161103,0.001462969457319893
161104,0.000951890583044764
161105,0.0009226862619249692
161106,0.0010578626130964982
161107,0.0013236761676564796
161108,0.00107403919547821
161109,0.000683575956224971
161110,0.0007407513610813106
161111,0.0009854362793002692
161112,0.0004533095744645947
161113,0.0005992595918693657
161114,0.007943026381543674
161115,0.010116589966200153
161116,0.0009403684535320131
161117,0.0005151071525894573
161118,0.0008911437957117793
161119,0.017831643052454646
161120,0.009944732758877646
161121,0.004134201175756917
161122,0.0013526518145593543
161123,0.0007021397312799834
161124,0.0008283464202125403
161125,0.0007049120833558592
161126,0.009296098810260412
161127,0.0006148356470928737
161128,0.0007676674282450617
161129,0.0005944232889022441
161130,0.0007779214923609677
161131,0.0008927129747400096
161132,0.0015522551251754772
161133,0.0012754548996139325
161134,0.0004450144586078985
161135,0.00798941854810391
161136,0.001484785099779113
161137,0.007146573673120933
161138,0.0006226306650538157
161139,0.000895563331409993
161140,0.002166955405983377
161141,0.0010913674139785287
161142,0.0006755974865889575
161143,0.019249319381561134
161144,0.003560281171998611
161145,0.0017980737163249697
161146,0.000749600263261052
161147,0.0016034327067692721
161148,0.000638919096376639
161149,0.0013881547656672904
161150,0.0008361168509690646
161151,0.0010329030139560812
161152,0.00525163771537968
161153,0.000905440786214744
161154,0.003226378687381272
161155,0.0013518086057955946
161156,0.0006874696509140397
161157,0.0004757772665693966
161158,0.0006786561058940283
161159,0.000680703485555785
161160,0.0013460484477450048
161161,0.0006375411881562297
161162,0.0013280757955601873
161163,0.0010349532581914868
161164,0.010637497442230186
161165,0.0004836368019904771
161166,0.0007175466490110636
161167,0.0007078967582734203
161168,0.003990002713608233
161169,0.0005241222410445786
161170,0.9991085995934682
161171,0.004027622101735355
161172,0.0005447306342662462
161173,0.0016373048628485162
161174,0.0018012082589652964
161175,0.0008153228943749668
161176,0.0006833576664133818
161177,0.0008306658413040904
161178,0.0005148030442247246
161179,0.004139455446653529
161180,0.0008814534340194616
161181,0.0003953477246677565
161182,0.0008504281316308738
161183,0.0010306369526686763
161184,0.0009102606420499448
161185,0.0017652449195936252
161186,0.0006796541276290078
161187,0.001238257769722217
161188,0.00716910306880336
161189,0.0009542303613779569
161190,0.001325394119621679
161191,0.0031429488978812945
161192,0.000826576990419236
161193,0.0006892316973827708
161194,0.0013191199019608466
161195,0.0006380218181807776
161196,0.0017000194147493886
161197,0.0007289748532624707
161198,0.0008579116807127195
161199,0.0005326332772586384
161200,0.0009206367174221717
161201,0.27141840381060595
161202,0.0013246647955261867
161203,0.0008273313248735642
161204,0.00067364162175682
161205,0.0010176016451670187
161206,0.005621854751341445
161207,0.0007999441386485589
161208,0.001180945723706074
161209,0.003111928928743746
161210,0.00293441967387804
161211,0.00037979643546632484
161212,0.002286386224864512
161213,0.002315893905377755
161214,0.0005929619971810531
161215,0.0005419833254951768
161216,0.0006649265533239805
161217,0.0006058124236005613
161218,0.001265613897334662
161219,0.0014367975737652736
161220,0.000799805271576484
161221,0.0013150891562235787
161222,0.002059916175729092
161223,0.0014067716822412613
161224,0.004458413616502755
161225,0.000877643658361262
161226,0.0010006050216500645
161227,0.001297085065814164
161228,0.00056093205717348
161229,0.0031330585916283034
161230,0.020467640744166165
161231,0.001556333467287966
161232,0.0006901816373829227
161233,0.00317236280836507
161234,0.0007230542325504224
161235,0.007228363523818476
161236,0.0013478349991152654
161237,0.001118082837511296
161238,0.0007342821069935778
161239,0.0009511426105850852
161240,0.0005367872262855614
161241,0.0006207362468527685
161242,0.0014565917262640892
161243,0.0007853030252371525
161244,0.0009314846791420279
161245,0.0009907683239804266
161246,0.0006124982503330391
161247,0.0005335455680900475
161248,0.002042968937585809
161249,0.0005191652206190271
161250,0.009927030075413396
161251,0.0069248432768935575
161252,0.0007245308814760032
161253,0.0006321681832009067
161254,0.0009414412408361401
161255,0.010912097118617355
161256,0.0037246024811963046
161257,0.0006941452896143496
161258,0.0006894465840169629
161259,0.0003053939816053293
161260,0.0008204755576704497
161261,0.0006727209822424586
161262,0.0005177864584415655
161263,0.0006958908691179289
161264,0.0005480679212320377
161265,0.002863643916363681
161266,0.00042606302295334253
161267,0.003421898758595852
161268,0.0006655368175739616
161269,0.001758712093410272
161270,0.0006658763566824153
161271,0.0012867494401120922
161272,0.0006517353971874968
161273,0.0015774511554826906
161274,0.0025934886951491896
161275,0.0026916628101415485
161276,0.001104197333503677
161277,0.0011000390725374363
161278,0.0010883069996068633
161279,0.0008551178911021822
161280,0.0006754107888526859
161281,0.001059229769246474
161282,0.0005009423370487774
161283,0.0011531162675645628
161284,0.000685983467301844
161285,0.009528829420417446
161286,0.0007337899483142511
161287,0.0004271815543564204
161288,0.01211147346704674
161289,0.004408735356435668
161290,0.0004960455478510262
161291,0.0007440521076313742
161292,0.000708793716649749
161293,0.004510715960047086
161294,0.005690950991765751
161295,0.0026746613197025622
161296,0.0003438175343621767
161297,0.0006870293181329554
161298,0.002062399838709068
161299,0.0005917816562354771
161300,0.0013362932464794082
161301,0.0007980433135278662
161302,0.005166881950507675
161303,0.0016718200834754092
161304,0.000672814551698282
161305,0.0011002823752854925
161306,0.0030022147423150974
161307,0.004835812867385911
161308,0.0008307674617782825
161309,0.0009850276801710103
161310,0.0012152818540670115
161311,0.003461847728473008
161312,0.00063425667664168
161313,0.0030587650337326375
161314,0.0010490826429914628
161315,0.0005916105285879496
161316,0.0007279795007444612
161317,0.0008221687102979648
161318,0.0005138621727179127
161319,0.001341237989794095
161320,0.012924414465474628
161321,0.00044891619024491606
161322,0.00444417209732729
161323,0.0064400049268356525
161324,0.00334699453039772
161325,0.00046299427380313304
161326,0.0020980091694606396
161327,0.0011332012810590696
161328,0.0006713555629201305
161329,0.00038900206718662535
161330,0.0011608175362926047
161331,0.00034873598162776906
161332,0.0006984994002099508
161333,0.0004184610423461291
161334,0.0003016608494558958
161335,0.0020913120171194306
161336,0.0005626670123733983
161337,0.0029785152158873472
161338,0.9975073276464572
161339,0.0006755172775443608
161340,0.00466863939889897
161341,0.005882153142019407
161342,0.0022770876902135193
161343,0.000434843906960132
161344,0.0020350826366063116
161345,0.0004665529884077435
161346,0.000592479774221124
161347,0.0034296033000981
161348,0.004525962277584009
161349,0.0007187124634631012
161350,0.0006907407754702334
161351,0.0030181400973709146
161352,0.0046381708671499305
161353,0.00322988912296532
161354,0.0005607713930594979
161355,0.0008263725012720792
161356,0.000788633922723266
161357,0.000706783091571159
161358,0.01500805305705753
161359,0.0009327050899752595
161360,0.0008134945491974858
161361,0.007325513151498981
161362,0.0013727178536083462
161363,0.355606234928714
161364,0.000711585790920081
161365,0.003385643750749856
161366,0.01880463809748426
161367,0.0009316426799355021
161368,0.0010885452720162322
161369,0.0007668644533499569
161370,0.9815330163173674
161371,0.0015467944390681657
161372,0.0008358398962787933
161373,0.0037275926220181723
161374,0.0024433533143550417
161375,0.0005509380050524588
161376,0.0021034188501776446
161377,0.013389396483274727
161378,0.0013559997838906571
161379,0.000626087054139694
161380,0.004838143919243906
161381,0.0007416716278963683
161382,0.0008629848141350013
161383,0.009243955697261115
161384,0.0004651014913626795
161385,0.0008926797009490593
161386,0.001971277955210753
161387,0.00057383217465555
161388,0.0008290856504747551
161389,0.0023024532979834195
161390,0.0003292970483322707
161391,0.0003706088617973349
161392,0.002230603883816954
161393,0.004987864149307855
161394,0.0006826279126523054
161395,0.003542440570868004
161396,0.0006305827268237943
161397,0.0005805416093831048
161398,0.0020760027688992754
161399,0.0007724862437560956
161400,0.0009596363858815393
161401,0.0007090507367983958
161402,0.0004899059475402994
161403,0.0006491281615495053
161404,0.000697912305747234
161405,0.003198149374291318
161406,0.3182026838609687
161407,0.9963998133997319
161408,0.000926689014494654
161409,0.0004847421613295431
161410,0.002938595084567762
161411,0.0008060257296981922
161412,0.00323576097447106
161413,0.00270467922789686
161414,0.0023134054859722682
161415,0.003865811135670324
161416,0.016783559572600384
161417,0.0008627938182912645
161418,0.008537731164046944
161419,0.002088925504121506
161420,0.015465218691680754
161421,0.013479395247174779
161422,0.0031444807297562466
161423,0.003378327821617162
161424,0.0004377147645657903
161425,0.0010314031487561074
161426,0.00678602289318968
161427,0.0005565601405102313
161428,0.0034248881543333695
161429,0.0006114984242648925
161430,0.0005493393293082941
161431,0.0008226196943819132
161432,0.0006069688468023939
161433,0.0018366836936561655
161434,0.0007301511158778626
161435,0.0003828249615853034
161436,0.004576912738141719
161437,0.00040222423451892844
161438,0.0008528933342851757
161439,0.0015223245722025681
161440,0.0018270871510111556
161441,0.002273857935117603
161442,0.00728092487236846
161443,0.0009878446781751184
161444,0.0004658527379582851
161445,0.0014889905348913351
161446,0.0006845802585755251
161447,0.00047314642649218816
161448,0.0007490393227290526
161449,0.000679352692473379
161450,0.0004556813280402682
161451,0.0005327945925308276
161452,0.0008282235354482982
161453,0.0004685100781056807
161454,0.0017513597751734997
161455,0.000967484155225286
161456,0.0011142196887441683
161457,0.9950763829334244
161458,0.0012893267656686569
161459,0.0005995591969797634
161460,0.00618449978115404
161461,0.0008796136942159547
161462,0.0007170247548357036
161463,0.002346602683837064
161464,0.0018103531432288249
161465,0.0016464641718400893
161466,0.0005718307176318252
161467,0.0007856327368298249
161468,0.00042112164395118995
161469,0.0006875159836676584
161470,0.9965721630853006
161471,0.0016599764345444669
161472,0.00399358703996161
161473,0.0005412651431654921
161474,0.0006050598833553623
161475,0.006810562132066638
161476,0.019018757611276593
161477,0.0007365609664498655
161478,0.0006253415666596452
161479,0.0013090927827739628
161480,0.0021927545561451008
161481,0.0012858099930585748
161482,0.0008481035090486768
161483,0.0007910356195566695
161484,0.0007528089390224752
161485,0.0040894116489814235
161486,0.001552720921848803
161487,0.000977497589499768
161488,0.0025892234031046368
161489,0.0008121215701955
161490,0.001811914631267906
161491,0.004682862647399855
161492,0.0012791031815114471
161493,0.003845452942401898
161494,0.0028247307440421635
161495,0.008607228319342592
161496,0.0006637621185826763
161497,0.0027234192448750616
161498,0.0008518434873786555
161499,0.0008430420445298358
161500,0.0006708315474559346
161501,0.009992228892783409
161502,0.017461765309733618
161503,0.0007444495088315448
161504,0.0010549432102675144
161505,0.006972720220413847
161506,0.0006836874755255636
161507,0.0005697120331342685
161508,0.0012561765410298103
161509,0.0007866806766140226
161510,0.000456305237809878
161511,0.0007256328895925703
161512,0.0011221350271543753
161513,0.0009233536714646074
161514,0.0038699261333294916
161515,0.001196589348203081
161516,0.0006311556106572147
161517,0.002079736283354406
161518,0.0014316840107297475
161519,0.000597663971654516
161520,0.07539644008684719
161521,0.007130288133326913
161522,0.0017830035827374141
161523,0.010949728197060906
161524,0.0018823526359788957
161525,0.0008069375754654111
161526,0.0023670584666109626
161527,0.0006822381339896418
161528,0.03052223717786095
161529,0.0005542910907624326
161530,0.0007442973341839916
161531,0.0008319528076456006
161532,0.003600113436553899
161533,0.0005916995828565729
161534,0.002148638744393556
161535,0.000439061666791602
161536,0.0005876222774889149
161537,0.003693196945671795
161538,0.002128794789210434
161539,0.0008981453918284003
161540,0.0008617842992292518
161541,0.0014428345660064028
161542,0.0006803678542877567
161543,0.0007019931587910729
161544,0.0019782244395427522
161545,0.0012440348231314079
161546,0.0014717036140955509
161547,0.0011479483675411704
161548,0.0006756191253176709
161549,0.07521949697130978
161550,0.000841416596705537
161551,0.0005150672704038221
161552,0.0015234102574454371
161553,0.0007683857695486414
161554,0.0011123381022585886
161555,0.007997219864267305
161556,0.0026866718112096687
161557,0.0048271786575076366
161558,0.00043010597463991724
161559,0.001928416581522369
161560,0.0007586940240607541
161561,0.08992653592323178
161562,0.0005092638890244981
161563,0.00043482356838751786
161564,0.0007438420090797777
161565,0.018309990135039898
161566,0.0022532012495638425
161567,0.007592090991487637
161568,0.002626045993063643
161569,0.0006537141169724468
161570,0.0026563658284730523
161571,0.0010908605581261294
161572,0.0008454211937192248
161573,0.0020129505946577964
161574,0.0015819456436043599
161575,0.0006779807136933268
161576,0.0005818358505830741
161577,0.0007564329737919503
161578,0.0008387084182022626
161579,0.002717930548573889
161580,0.00717446671373489
161581,0.0014863333573385906
161582,0.0008765955268464905
161583,0.0008085989660519931
161584,0.004825591607111851
161585,0.000914212411499534
161586,0.0005325630087087743
161587,0.0015291138779223168
161588,0.0011949941212076286
161589,0.0040327913801182225
161590,0.0005257218433360244
161591,0.0025380742709523608
161592,0.0005276509147129347
161593,0.0038237848749044026
161594,0.0006287660833247738
161595,0.0014065569632354207
161596,0.0006970785193252148
161597,0.001031567108908407
161598,0.003014990756600362
161599,0.0020767565146709048
161600,0.005130039854022799
161601,0.0020633567512006352
161602,0.0005685701067042091
161603,0.0006965524562333122
161604,0.0006707230339002906
161605,0.0003873828553477447
161606,0.0008580030407883048
161607,0.0005535759207049386
161608,0.0006406292202710831
161609,0.0012753985202828598
161610,0.0009845914216689792
161611,0.0010704136919395956
161612,0.0005537066979857524
161613,0.012548834571850402
161614,0.00772035958589282
161615,0.0005112654478292105
161616,0.0006138065461277528
161617,0.007233302123945205
161618,0.0006468225817336939
161619,0.00415378315499467
161620,0.6504494110307661
161621,0.0005728512403492663
161622,0.0018071593085369287
161623,0.0009063047628145339
161624,0.0008020871391781529
161625,0.0004703101069005126
161626,0.0007782805880575039
161627,0.0008520150811772943
161628,0.0025554380198700103
161629,0.0007701217877142321
161630,0.0006369870851544276
161631,0.0026474262959761087
161632,0.0007503211446510151
161633,0.0022701425325915743
161634,0.0005149321281267328
161635,0.0004151417469372233
161636,0.0004276102838075144
161637,0.0005501638719911352
161638,0.0007276914215836672
161639,0.0005471275059802726
161640,0.004608818843474057
161641,0.009446035654091509
161642,0.0014022276292670268
161643,0.0017262334989431322
161644,0.00044068459891432276
161645,0.001339660306881101
161646,0.0005480931980715459
161647,0.0029170293355260954
161648,0.0007147248592475905
161649,0.0007198785262470986
161650,0.0010557626677480106
161651,0.00180845675614776
161652,0.007544017225084738
161653,0.0004571087957324059
161654,0.010287881505330259
161655,0.001377632036037997
161656,0.2706639416580736
161657,0.0016268705790279583
161658,0.0016707633604948892
161659,0.0006709412602427648
161660,0.0004579573623721527
161661,0.003051432728626342
161662,0.0006502667742476532
161663,0.0009200351427678896
161664,0.0028988601712955477
161665,0.0010051009127776379
161666,0.0006200807617092444
161667,0.000553700341204649
161668,0.0011336468528127253
161669,0.0009726336689853429
161670,0.02215907818792384
161671,0.0006327094247061619
161672,0.0006302487557553336
161673,0.0008541419743063384
161674,0.0007602359243236246
161675,0.0007215865135167728
161676,0.0068517569698945974
161677,0.0009990684163153367
161678,0.001066741719462188
161679,0.0006448890342193308
161680,0.0030197666616086087
161681,0.000630545969687952
161682,0.0009945715524518697
161683,0.0032454311816706937
161684,0.0008013006879225538
161685,0.0007325119757884988
161686,0.002306385539303382
161687,0.005269830974689173
161688,0.0009402675943710715
161689,0.0011622846970013323
161690,0.0004998922058553399
161691,0.0006977611559600483
161692,0.0015959049983711574
161693,0.00036476261243475214
161694,0.003704988932602428
161695,0.0006001505169014824
161696,0.0008308372601327429
161697,0.0009430101423386801
161698,0.00641760711286869
161699,0.0005250731672925642
161700,0.000675007324514793
161701,0.0005605686736905239
161702,0.0009870048611033417
161703,0.0025364254820577333
161704,0.0004582294929585237
161705,0.0005286158442524093
161706,0.0009270621025746259
161707,0.0005823219079071391
161708,0.001458579346835405
161709,0.0015861589213089344
161710,0.0009390951952657441
161711,0.003958011381291826
161712,0.0005582219108170122
161713,0.00046669378439501846
161714,0.001182301695878803
161715,0.0005454674971842983
161716,0.0021033431193095134
161717,0.0014615414074091795
161718,0.0004406510485330753
161719,0.0009330003401550361
161720,0.0011901286798440866
161721,0.0005416755622165548
161722,0.0005162096332340469
161723,0.001422623383475946
161724,0.0008932533068435806
161725,0.0008717588615217393
161726,0.0013528544251418988
161727,0.000514203152800082
161728,0.00784264637404946
161729,0.000613753503369354
161730,0.0006560411309692936
161731,0.0018291475958547192
161732,0.000549105622532343
161733,0.0005337938212996367
161734,0.001431812596685652
161735,0.0005283410520373073
161736,0.001839741940930032
161737,0.004063275484797239
161738,0.0014611193213833634
161739,0.0005464472782971721
161740,0.0015129276557664852
161741,0.05326036868444006
161742,0.0006008617446223532
161743,0.002099526805169119
161744,0.0010101790053592494
161745,0.0008381984713895083
161746,0.0009161021884267218
161747,0.006066426255726504
161748,0.001306088053236787
161749,0.0037137005093171548
161750,0.005549859611913909
161751,0.0007767125603867536
161752,0.0011545106482441468
161753,0.0008526122847683569
161754,0.0008168854594698167
161755,0.009097715521267848
161756,0.04219632298176487
161757,0.001977636536543512
161758,0.0005209765119848581
161759,0.0009426064189211476
161760,0.0033022093449653943
161761,0.0030999549075433914
161762,0.0008377232545126753
161763,0.0002891164646864271
161764,0.000793656338802496
161765,0.0007377613019799897
161766,0.0026743050265489836
161767,0.001206833888812965
161768,0.0015609754923173091
161769,0.000999305582004457
161770,0.004837590389216416
161771,0.000495167040749175
161772,0.004800543374223525
161773,0.00121611067275025
161774,0.0006622739771419007
161775,0.000812856514335598
161776,0.0026742723800928046
161777,0.0016216157277067816
161778,0.0006322100576569246
161779,0.0010073655809040457
161780,0.0006212441314487889
161781,0.0009540070260399966
161782,0.0006275173380875872
161783,0.0006112125780579286
161784,0.0005874699074001419
161785,0.0012667946652590513
161786,0.004301158265131281
161787,0.0005793825029287465
161788,0.0006708828161165679
161789,0.0005959733868508457
161790,0.0010697153461814305
161791,0.0014999120879926864
161792,0.0008800152823005933
161793,0.0014193956332321806
161794,0.0008111181573744756
161795,0.001115830795395217
161796,0.009337379641535328
161797,0.052794592529231354
161798,0.0004879566451202313
161799,0.0033058279904629954
161800,0.0022019439810831327
161801,0.0013538195640799599
161802,0.002456938340481129
161803,0.0010478513272492301
161804,0.002722370313999683
161805,0.0008239382421083624
161806,0.02597106528510582
161807,0.0008006626625314446
161808,0.009429809090768824
161809,0.0018923664568331136
161810,0.0024132123830899023
161811,0.0008243462630316593
161812,0.0005666624335362724
161813,0.0010801066175819848
161814,0.010160381549865358
161815,0.0005713081460523791
161816,0.00048566631671081046
161817,0.0008012445792478403
161818,0.0006738421922264466
161819,0.001114752641800369
161820,0.0006083212989221008
161821,0.0006073174528184394
161822,0.00042502782875641643
161823,0.0005946523355326864
161824,0.0014753469994783516
161825,0.0018740568045487885
161826,0.003941123282152121
161827,0.0004270877521377187
161828,0.06484701856036194
161829,0.009203734030646303
161830,0.0006063527593019018
161831,0.0007044299750753246
161832,0.000693136441811206
161833,0.0007489153937679355
161834,0.0007309887020557098
161835,0.00926689726774372
161836,0.0008178219756723441
161837,0.007835347883872693
161838,0.0022896233364525986
161839,0.0009301158321498458
161840,0.0006203501522979895
161841,0.002707178363187705
161842,0.0011622768224084624
161843,0.0011611816015867403
161844,0.0006197184154373638
161845,0.000671491779011023
161846,0.001980072779635715
161847,0.00044535284398951574
161848,0.020830707050305236
161849,0.20217956124669217
161850,0.0010895771608144887
161851,0.0013585585378163628
161852,0.0030537101834160058
161853,0.0005863258869249165
161854,0.0012598746677807244
161855,0.9975497790261777
161856,0.0006592476799976414
161857,0.0007501574268419057
161858,0.0006388619444435418
161859,0.003232307714316654
161860,0.005965316516426813
161861,0.0004903284083963568
161862,0.026415399749172654
161863,0.0005717124446298387
161864,0.0006665255071442576
161865,0.0005577978069699026
161866,0.0019034825361390782
161867,0.012699677626806814
161868,0.0010046227393214226
161869,0.0011593544640987612
161870,0.0007729817527822091
161871,0.0011255635463234773
161872,0.0026556063198775754
161873,0.9556347612027736
161874,0.003104414271422577
161875,0.0029605329182395765
161876,0.002074465417929938
161877,0.0012718848264511233
161878,0.0014648429843108059
161879,0.001991568084793185
161880,0.9943951214964338
161881,0.0023418694531194195
161882,0.013117013125921999
161883,0.0007721033889385936
161884,0.022698654683599592
161885,0.0010215866137047883
161886,0.00853304146754915
161887,0.0006236243227764499
161888,0.011442601009975939
161889,0.001575313937129584
161890,0.0005090035148723115
161891,0.0019407740440657607
161892,0.0013927565057703802
161893,0.0005142118725425351
161894,0.0007120036254946808
161895,0.0006062497432786922
161896,0.000953757224649932
161897,0.0005863590707406662
161898,0.0012180303745834983
161899,0.0005391650960917307
161900,0.0008960869184272648
161901,0.9964672228227871
161902,0.0006229275660965261
161903,0.013341393777896185
161904,0.009229360030067607
161905,0.0010725683992751306
161906,0.001443085215020202
161907,0.0004858345136133516
161908,0.0009738661402806375
161909,0.0006538459333909599
161910,0.000570015662164215
161911,0.01313835595087875
161912,0.0010829902832187998
161913,0.001311470924576803
161914,0.00821310523859613
161915,0.0007199167310742171
161916,0.000897895460827283
161917,0.0012724591290419374
161918,0.0014157366612701262
161919,0.01042889432481428
161920,0.0007885750270592866
161921,0.006058700178858038
161922,0.0006798176381131756
161923,0.0007232565495961199
161924,0.0005446235526849026
161925,0.0046252751398996456
161926,0.0012012075667818054
161927,0.0066198975140128015
161928,0.20182032346224837
161929,0.0006511266890592692
161930,0.00046932304244235904
161931,0.0006666603048001434
161932,0.004148336227025756
161933,0.0011600013292932241
161934,0.0003841705949956086
161935,0.000628223281800463
161936,0.0010387391891340224
161937,0.0005117061445085743
161938,0.007831503689226802
161939,0.0008752413788732273
161940,0.0007190907877078329
161941,0.0025112964835697386
161942,0.0007943481817759743
161943,0.0010345422026150598
161944,0.004161119756975243
161945,0.0009757476123569715
161946,0.00306787581728244
161947,0.0035544597617774574
161948,0.002995713404417475
161949,0.0009647712011379084
161950,0.0006241857153455371
161951,0.0010101355922826787
161952,0.998018396554555
161953,0.0026628154504216807
161954,0.009760726248538224
161955,0.0818726051886493
161956,0.010044340750093434
161957,0.0003967499645779264
161958,0.0018872949349465467
161959,0.0014921318599165683
161960,0.0013148700478645202
161961,0.0006849449848385582
161962,0.009124834594631617
161963,0.0008696580940033079
161964,0.0013217330263184833
161965,0.0012374363788388385
161966,0.0005016883775774918
161967,0.029250293376264135
161968,0.0019323641788517223
161969,0.000667011522256054
161970,0.0006755270578706603
161971,0.008011054526285102
161972,0.002001587869363698
161973,0.0006586301794618399
161974,0.007236856106068583
161975,0.0005045674572024327
161976,0.0016915995890818777
161977,0.000651637190042894
161978,0.0006256602832036405
161979,0.000973413387000438
161980,0.007913339155765331
161981,0.001096229786515682
161982,0.0016477807738991914
161983,0.0034607545914819
161984,0.0009780497160054224
161985,0.002083380257276502
161986,0.0005624697987811664
161987,0.00043404147496810274
161988,0.0007008181036499417
161989,0.000530473557138833
161990,0.003070338792904091
161991,0.0007809056448699795
161992,0.009431054322538459
161993,0.014805676107461654
161994,0.009346470197324694
161995,0.0007922645066419451
161996,0.0010226027596818353
161997,0.0013211909974330251
161998,0.03207126821055758
161999,0.0027979283811790656
162000,0.002384782496125462
162001,0.001391455939967323
162002,0.0005031770860921818
162003,0.0014658649874719535
162004,0.0006446572496485994
162005,0.0008796118586654502
162006,0.002684702438374941
162007,0.002419229235996366
162008,0.006366058377487786
162009,0.0038043544354725615
162010,0.004207260556180776
162011,0.0005859530966543533
162012,0.9912202518714053
162013,0.010495247234979422
162014,0.0005997144756664068
162015,0.005778102934777562
162016,0.0019000456651243037
162017,0.001029054044374212
162018,0.0008202857657863317
162019,0.0023271192430244594
162020,0.0014330460361375195
162021,0.0011153019152304806
162022,0.0012531545064335726
162023,0.0009005437055895252
162024,0.003194659457178695
162025,0.0007252380944716532
162026,0.0050892255559107594
162027,0.0014115627620641601
162028,0.0005339166542203805
162029,0.010479390847954493
162030,0.00043746856607299495
162031,0.011775720779387095
162032,0.0017665716171360265
162033,0.000733808335434567
162034,0.0036147106999559367
162035,0.004750027016979343
162036,0.004422314082955418
162037,0.0012893707239732158
162038,0.000577150460156038
162039,0.000780720908922296
162040,0.001468256497658224
162041,0.0003433008802677372
162042,0.0006126653888714126
162043,0.0008693994541059001
162044,0.003923017920975284
162045,0.0009534011822762865
162046,0.00675544876443405
162047,0.0023969866432769884
162048,0.0005302978357618713
162049,0.0013862688720099924
162050,0.0007061168862127748
162051,0.00041240534145782834
162052,0.0005958293097524558
162053,0.002365607322389216
162054,0.012802885523503072
162055,0.0010125766617426362
162056,0.0008230084110169638
162057,0.0008453945167488559
162058,0.0014573616080032058
162059,0.0005848307542523852
162060,0.0013222809860024955
162061,0.002625541159280949
162062,0.0004961156576272803
162063,0.0012111341214174117
162064,0.0006382591903824606
162065,0.0007832217879650248
162066,0.0009243549583050354
162067,0.0007574028211585151
162068,0.0005709233954598293
162069,0.0011812126637344798
162070,0.0006622452385624416
162071,0.0008375757426823384
162072,0.0074639662049798584
162073,0.004095751450974546
162074,0.001203105357195043
162075,0.000909980672014068
162076,0.0005997400590921373
162077,0.0004954985665470224
162078,0.0020245049784488995
162079,0.0032556255378364115
162080,0.0010729972091214099
162081,0.09696387041985963
162082,0.013563113447030373
162083,0.003303469625109255
162084,0.0008218060643884252
162085,0.003241051016958794
162086,0.0014205743637274947
162087,0.009337641556169701
162088,0.0031850262581588386
162089,0.004683119760548948
162090,0.0009616133744776297
162091,0.0021054410747515396
162092,0.0037450360726149646
162093,0.0005641169671145893
162094,0.0032427057681272756
162095,0.20296573290630565
162096,0.0005015590380106706
162097,0.001348201774695251
162098,0.00821564881886436
162099,0.0007626575147157823
162100,0.0005735415649573078
162101,0.0005096859111223631
162102,0.0030272913568179663
162103,0.004087774061940347
162104,0.00045903346587720744
162105,0.0029340521263007896
162106,0.0004993069889841439
162107,0.005520398164392926
162108,0.001053376375780411
162109,0.0037482078886124518
162110,0.0017194066534895773
162111,0.01064329522259174
162112,0.0009588388076885485
162113,0.0009091659012153001
162114,0.0005106039005657423
162115,0.001385401135619298
162116,0.0005593860761499646
162117,0.0024653247776814735
162118,0.0031525963528671926
162119,0.0008167132437943178
162120,0.006616078074178024
162121,0.0014613085657345206
162122,0.0005851319079946151
162123,0.0006063613879598198
162124,0.01972738738866851
162125,0.0007632665499712435
162126,0.005540147503695001
162127,0.0038724409721346657
162128,0.010080467217048103
162129,0.0023344313824753184
162130,0.0030216349918296744
162131,0.0008956066425314321
162132,0.0005335138046332069
162133,0.0005743637855780051
162134,0.0024054481873700237
162135,0.000657124524778162
162136,0.001257423617513716
162137,0.0013348349827129779
162138,0.010023314590431508
162139,0.001318723348580323
162140,0.008860571070553803
162141,0.000864509198008862
162142,0.0030278327027557055
162143,0.001295822342834685
162144,0.0022279534172854783
162145,0.0025297401549081704
162146,0.0005955232109492265
162147,0.0005739474447455849
162148,0.010238554817079727
162149,0.0005109009087578993
162150,0.025650005814714882
162151,0.000603083078140057
162152,0.0026774527076931973
162153,0.0025047772021644698
162154,0.0005952477366172315
162155,0.0007368729531931127
162156,0.004377755389859656
162157,0.0006086783974215842
162158,0.0007275506922469865
162159,0.0006374321904696141
162160,0.000577883329392886
162161,0.0032969451290521257
162162,0.0040291990243431774
162163,0.0006820593074281423
162164,0.000658885533680885
162165,0.008418210911964423
162166,0.2462019896388192
162167,0.0013621390353313928
162168,0.0007928583812497976
162169,0.0008152688449833038
162170,0.0007863513002969755
162171,0.0031590485199087795
162172,0.00744279535140351
162173,0.0006554871731595444
162174,0.0017549692360989543
162175,0.0006729877483475152
162176,0.0017981836561018942
162177,0.0007009270805563316
162178,0.0012341846924507891
162179,0.000502729815224987
162180,0.0005843594513857554
162181,0.0012244514318313067
162182,0.0011981148894427821
162183,0.0014902607118870291
162184,0.021403069468559886
162185,0.0010443886998266342
162186,0.0008660471848450312
162187,0.001239133791458174
162188,0.0007196025533563566
162189,0.0012341281707650405
162190,0.0006636942713262475
162191,0.0005177860112431334
162192,0.0006295410168343228
162193,0.0012741466272873573
162194,0.0008342824618807387
162195,0.0006930800327252925
162196,0.0013365493689143537
162197,0.008846140228284373
162198,0.001137909642470227
162199,0.0040666856866756924
162200,0.0006146951399721926
162201,0.0007200089510717193
162202,0.001181251790492969
162203,0.0011682781784336951
162204,0.0043718481202212195
162205,0.0013356658011817765
162206,0.005375388843159242
162207,0.0010796056262863773
162208,0.000767028821245815
162209,0.0008243283990098038
162210,0.0031446787492930015
162211,0.0008919664644295446
162212,0.0022758587585361804
162213,0.00098689867696229
162214,0.010689753126200624
162215,0.0014144301041011955
162216,0.006295338017011912
162217,0.0008299261001677922
162218,0.006350917317861511
162219,0.0024956244726572767
162220,0.0009830218981235618
162221,0.0015040302569329605
162222,0.0013189838477617784
162223,0.000667495264261871
162224,0.0005648866270636326
162225,0.001460260340967204
162226,0.0007181614675341908
162227,0.00124046373349813
162228,0.0009588320875377687
162229,0.002500182074369316
162230,0.0006509860693504167
162231,0.019197257887233095
162232,0.0006780105805848452
162233,0.0011580763468313317
162234,0.004787030307778358
162235,0.0005438784947410759
162236,0.0017095932022077823
162237,0.012065574069477149
162238,0.0011259461327701344
162239,0.0007570048592238762
162240,0.0005479845650857945
162241,0.0033090697148844567
162242,0.007330298595908401
162243,0.00217659866941281
162244,0.01960447473555795
162245,0.0016083608175464599
162246,0.006239620782050725
162247,0.003105641111039482
162248,0.0006338737849470382
162249,0.0006916827559766349
162250,0.0022392160471953375
162251,0.011075916266867616
162252,0.000714233656639048
162253,0.0021480899759766282
162254,0.0007698280470975574
162255,0.04360336304702019
162256,0.0007015402662647124
162257,0.0008438521552965167
162258,0.0007125688745169478
162259,0.0006227844537422537
162260,0.0009923300070987613
162261,0.0005358506930217904
162262,0.002638772509822386
162263,0.08316583169233777
162264,0.0008962920305081016
162265,0.0009241842892040085
162266,0.0011947265793971506
162267,0.0005755574235074978
162268,0.0021738621225400666
162269,0.003045909467663826
162270,0.005248037616817234
162271,0.0006988646073163525
162272,0.0005421231489670603
162273,0.0012912671826610493
162274,0.0014595426836565455
162275,0.009747651216263533
162276,0.0018661220306647902
162277,0.0008622145821780757
162278,0.0007222891751756899
162279,0.0007244651554508608
162280,0.001198895214580459
162281,0.00665624596896469
162282,0.0006553636290904083
162283,0.0005790842111276433
162284,0.002917680051503534
162285,0.0006260444062373013
162286,0.0009398563301806193
162287,0.0007434173222312824
162288,0.003066442274153646
162289,0.0032829738498832174
162290,0.0007152231675189513
162291,0.0004342970745795259
162292,0.002494754649756266
162293,0.08492111097543495
162294,0.005061126753974082
162295,0.0009009752667944128
162296,0.013257293266002636
162297,0.0006026753283332368
162298,0.0005619530827459648
162299,0.02030423407879693
162300,0.0007571494292286333
162301,0.005070316677438695
162302,0.0005344316366965601
162303,0.0008006257839283807
162304,0.0009976314159163063
162305,0.0006938566227010202
162306,0.0006987294931888237
162307,0.003109231363724382
162308,0.004920739933031112
162309,0.0005757590870442602
162310,0.0055649403047102804
162311,0.0008184614017972116
162312,0.0272249616363626
162313,0.0006365168915134411
162314,0.0008782119551842143
162315,0.0019309389049267526
162316,0.0011668681345464685
162317,0.0013783371611323513
162318,0.004948641921213836
162319,0.0033540187242057824
162320,0.0005627663527338471
162321,0.012471888085120883
162322,0.0013877292881198716
162323,0.0009846704350260117
162324,0.0032305185268132926
162325,0.001324843024345346
162326,0.0006438048771129277
162327,0.0035240833698862283
162328,0.0006545141914609052
162329,0.0008332361989242558
162330,0.0003487153663643048
162331,0.0007353279152534386
162332,0.001667739830333219
162333,0.0005609756303022547
162334,0.0005001023334769781
162335,0.0015752768273216144
162336,0.0027845279145817825
162337,0.007063125743543162
162338,0.0009027624343527513
162339,0.000858133148408261
162340,0.0013963547001362346
162341,0.0006932796768776791
162342,0.00457856470964676
162343,0.00043702381065737443
162344,0.000756415814229233
162345,0.9362569115990624
162346,0.0009384722658083435
162347,0.0008181194447353833
162348,0.004817290172447232
162349,0.008849126073971151
162350,0.0015525245927795312
162351,0.001645968905539471
162352,0.0010443937290385771
162353,0.0039779767849393065
162354,0.003934281286298376
162355,0.0007095196430416065
162356,0.000789517378700438
162357,0.0007647769300410772
162358,0.00055494473867637
162359,0.0005903606821553806
162360,0.0015619447754934256
162361,0.0011080103268703949
162362,0.03020267077457542
162363,0.010192718899024683
162364,0.0008811166552953738
162365,0.0029849231863609132
162366,0.0007496753062059435
162367,0.5860694836576724
162368,0.0005291045776440582
162369,0.0036354703153995143
162370,0.0015634438680678564
162371,0.0010049504294171246
162372,0.0007255255071996601
162373,0.00196618783880101
162374,0.005294035557531645
162375,0.0008153967662980719
162376,0.0007292758579696464
162377,0.0020948029385419497
162378,0.0035024407301827327
162379,0.0009543533348952366
162380,0.0016416440453947845
162381,0.0006926666745625421
162382,0.011971777925087471
162383,0.0006265801064653036
162384,0.0009633457056926174
162385,0.000507721494087735
162386,0.001916489714877442
162387,0.0005724907209033686
162388,0.0017823930125819107
162389,0.018348097439237068
162390,0.0004546835409412077
162391,0.0013277007105551497
162392,0.0018534871585121663
162393,0.0006081868609687693
162394,0.0007615888283586394
162395,0.0006011936100606193
162396,0.0008991464540106548
162397,0.004205867288602932
162398,0.0008330184981468008
162399,0.0016060564184341402
162400,0.12283344306308636
162401,0.0017892971442409174
162402,0.003694027616142303
162403,0.006225413316282377
162404,0.0005134429976808736
162405,0.007489669630314987
162406,0.0005450964028349553
162407,0.000617870903214763
162408,0.001329349844804795
162409,0.0012950909794561308
162410,0.05452900856063615
162411,0.005054673827874128
162412,0.0007048994915693371
162413,0.004324301951783583
162414,0.02435422076688517
162415,0.014211756392693932
162416,0.001625664323137531
162417,0.0016771831310196546
162418,0.0005709548251371315
162419,0.0013550073262218179
162420,0.0025852885552931455
162421,0.0013612680367314236
162422,0.0009249136552850159
162423,0.000910209850888173
162424,0.0006556751388938127
162425,0.004033676674774207
162426,0.0047191880796376914
162427,0.0021060889803820168
162428,0.00048457049646039046
162429,0.0029096084101677376
162430,0.0006729992572825643
162431,0.0006831969744450254
162432,0.004453344125338901
162433,0.00047946607329926255
162434,0.0008001934474155376
162435,0.0014037413002036935
162436,0.0009136173953052292
162437,0.0007131292234489768
162438,0.0007392228369391886
162439,0.0005782815231030042
162440,0.0006614801035726808
162441,0.0010075568831244138
162442,0.003195722795133761
162443,0.0007961992571604163
162444,0.0010941143531853737
162445,0.0007696448910275145
162446,0.0012576389848204133
162447,0.0007893027920827334
162448,0.0013023071474927437
162449,0.0031125757945329405
162450,0.0004523074789345534
162451,0.0005913230243197021
162452,0.0009935905891692368
162453,0.004276807733292856
162454,0.0013489275672120857
162455,0.0006867888083592362
162456,0.00423846978791484
162457,0.0020998373545846665
162458,0.0008530928112677112
162459,0.0062206167929945095
162460,0.005433694321873817
162461,0.0010411788654907752
162462,0.0018082740208803282
162463,0.0061860957997782375
162464,0.0011941062540160984
162465,0.000546478478540668
162466,0.002437554030003147
162467,0.0012801680915094276
162468,0.0006271634150615598
162469,0.000661373021536388
162470,0.0008695083508862545
162471,0.007986964562852005
162472,0.0005199684473936206
162473,0.0033950093170789725
162474,0.0005354143286966953
162475,0.9958415105344449
162476,0.0005934758004465797
162477,0.0028650054954922396
162478,0.0010124995079552387
162479,0.0006245708966587076
162480,0.000775832007196544
162481,0.000961003404234116
162482,0.0011794345608173546
162483,0.000548790830493143
162484,0.0017558931429467362
162485,0.001057845189068462
162486,0.0007063513360641182
162487,0.0019079004285325043
162488,0.000875394199849728
162489,0.0019831433445010194
162490,0.000897455887112663
162491,0.0006602833385506495
162492,0.0005724760093611634
162493,0.0009552514706110307
162494,0.004425602438692359
162495,0.001965830040962276
162496,0.009905937689861297
162497,0.001490235823458395
162498,0.0006263961032506828
162499,0.0007180892546847482
162500,0.02214535407828009
162501,0.0005730003553901416
162502,0.0005198066697674922
162503,0.001008065085933279
162504,0.0024833138488568694
162505,0.011849150813292169
162506,0.001681231772271208
162507,0.0012602429141999288
162508,0.0006757407009332361
162509,0.0006150368064678503
162510,0.000540696225794963
162511,0.004224208008926015
162512,0.0009123511520552987
162513,0.006810881595872311
162514,0.001478584894274262
162515,0.013727369543881852
162516,0.0025792183187950454
162517,0.0009650881406692329
162518,0.0008624199767740717
162519,0.002414950832554705
162520,0.0005351225247532067
162521,0.0006521628258503373
162522,0.0012699422501223298
162523,0.0005499337132615392
162524,0.0007100920921204456
162525,0.0005263462372651835
162526,0.0005988822489634657
162527,0.0006599922109212106
162528,0.00048320845580524657
162529,0.0012608363391812458
162530,0.0005650571202752673
162531,0.0019192658491327418
162532,0.0007609574490674913
162533,0.005655223846545314
162534,0.0009072587833217294
162535,0.003305848777513132
162536,0.0017179287121180634
162537,0.0012663469607595867
162538,0.0005177205249256145
162539,0.9949182472330823
162540,0.0004672085277137792
162541,0.0011959934409488354
162542,0.0006583349390577196
162543,0.0006043686800706805
162544,0.004283960642280619
162545,0.0009421162542500383
162546,0.0008470768319758335
162547,0.004283865005058448
162548,0.002932975061174368
162549,0.0033267961353878957
162550,0.0016742026418934482
162551,0.0005907350922380963
162552,0.005548656736500556
162553,0.0008528321593528258
162554,0.0007018415870106301
162555,0.0005189930092640578
162556,0.002741277469578484
162557,0.0006939336464432564
162558,0.0030557426450899443
162559,0.0076123736994037575
162560,0.001588141342615896
162561,0.0014084267534108616
162562,0.001541377890251409
162563,0.0008080103208346252
162564,0.0005807707578741447
162565,0.004262028809999146
162566,0.0025702712359650616
162567,0.000632214137672299
162568,0.0004823149590811214
162569,0.006460012066752743
162570,0.0016600939403035244
162571,0.008146863036301735
162572,0.0007007471933895176
162573,0.0005432131298559837
162574,0.0010987655839439763
162575,0.0019364957495149643
162576,0.0010689018539195142
162577,0.003359467886520481
162578,0.008595541441867357
162579,0.003236816847620859
162580,0.0032681150617303676
162581,0.0009137242608955843
162582,0.0005324389932599376
162583,0.0006728437136151379
162584,0.0011306521233559203
162585,0.008226964068038191
162586,0.0009587519487487077
162587,0.0003651064561718449
162588,0.0029875380735531623
162589,0.0006099530729379978
162590,0.00632270786093647
162591,0.0011692138369954722
162592,0.00061197605483443
162593,0.0008788622185278109
162594,0.000593409991487908
162595,0.0006386253862826365
162596,0.0006811679743970603
162597,0.000850096025481464
162598,0.9888870427356641
162599,0.0010321295819922809
162600,0.0014694364596243442
162601,0.0005069147074133792
162602,0.00047306052620877943
162603,0.011371474007667137
162604,0.0006280828333090147
162605,0.0008766173913198904
162606,0.0027443698144954676
162607,0.0017830611983106707
162608,0.002248423806713448
162609,0.002664900199713467
162610,0.022816347017988892
162611,0.010408972298475976
162612,0.0008848391088327502
162613,0.022448031353392697
162614,0.0004828099853773239
162615,0.0003467308322774395
162616,0.0008863955066351427
162617,0.008185782907749597
162618,0.0005636934351990963
162619,0.000601662856616837
162620,0.000579188016605668
162621,0.008904916222331645
162622,0.0005905649603950876
162623,0.0004422152391028518
162624,0.0006509683209823557
162625,0.0022028291076799074
162626,0.001863445597622271
162627,0.0003496528084640983
162628,0.0007220316444627769
162629,0.000517392919820894
162630,0.0008216706883095611
162631,0.00041923529409984746
162632,0.0009418222779251061
162633,0.0015920914664276835
162634,0.0007657801209846024
162635,0.0005493354762081872
162636,0.000501664556932308
162637,0.018901174280819825
162638,0.002886382553402257
162639,0.0003367152477405306
162640,0.0077155822692720494
162641,0.0007442752682709662
162642,0.002839967815737732
162643,0.0008255370724085602
162644,0.0009222637657608022
162645,0.0007454917694760934
162646,0.005732187463417424
162647,0.012463154046823662
162648,0.00047959869061325216
162649,0.0007981233764217783
162650,0.006733027034667333
162651,0.007489301276361646
162652,0.0008027591809909603
162653,0.0019208571257568132
162654,0.0011679399257516411
162655,0.005108444377486936
162656,0.0009801991562056608
162657,0.0012360247889217425
162658,0.002245739507365651
162659,0.0005372398255588157
162660,0.0015944317962676157
162661,0.008310082156817881
162662,0.0006018479854287117
162663,0.003133005453283626
162664,0.005402351501396056
162665,0.001173404465583345
162666,0.0010172811854042994
162667,0.0012644163468096855
162668,0.014788078121394637
162669,0.0011016214606350582
162670,0.0016033114604479463
162671,0.0051593300146551965
162672,0.0011713418234526884
162673,0.0006406136719419388
162674,0.0009933469892322694
162675,0.002063694425140404
162676,0.0010769276754748565
162677,0.0006506537266456562
162678,0.0014393851933373267
162679,0.0010429907406993358
162680,0.0003832751853361782
162681,0.0022322061630034367
162682,0.000951790929302455
162683,0.0010022450883048737
162684,0.0009412752489149515
162685,0.0007191020065103483
162686,0.000839030527407845
162687,0.0005563091224122024
162688,0.002822003288777499
162689,0.007440561694184208
162690,0.0006599863111629053
162691,0.009644621576929498
162692,0.0011391982895438346
162693,0.0008555484874654925
162694,0.0005208528775521405
162695,0.006274540684046662
162696,0.9962532246275102
162697,0.0009105843537756827
162698,0.001286130070339551
162699,0.001953298727247034
162700,0.0006162170747213456
162701,0.004766360499435209
162702,0.0007841833231293756
162703,0.0030350071868262395
162704,0.0006102660881331737
162705,0.0006831924330985066
162706,0.002682008750464414
162707,0.017395244620999686
162708,0.0005504157857037823
162709,0.0006146849649024498
162710,0.002311104101625978
162711,0.0008917125477624761
162712,0.0012025327318974347
162713,0.004167630680589595
162714,0.0037981362440095605
162715,0.0005204917087643214
162716,0.001763383535532359
162717,0.0015941475177283508
162718,0.0023059779797935925
162719,0.0022832705559749627
162720,0.0005831829762803474
162721,0.00047728113551054243
162722,0.004063561517638372
162723,0.0007021620741990465
162724,0.0005563152702916647
162725,0.0011767998855317231
162726,0.0027394087327864605
162727,0.0009575575367709744
162728,0.0011504386693939673
162729,0.0021225144083398505
162730,0.0005349871139552901
162731,0.0027070413427145996
162732,0.0007689561159253537
162733,0.9687696504356876
162734,0.0012345399507104338
162735,0.0006920666877525636
162736,0.0009116217641163584
162737,0.0009948832475939122
162738,0.0006100576722684829
162739,0.0010070297991832998
162740,0.0006628248986442344
162741,0.0035374148336758007
162742,0.0005441074963653367
162743,0.003500963632820006
162744,0.0014005058296753079
162745,0.002042742355675399
162746,0.0015057776251655728
162747,0.0004941976273153864
162748,0.0005172407594178771
162749,0.0005551911697568111
162750,0.0006238615032329638
162751,0.000902801112412757
162752,0.0011606596826348608
162753,0.0024729187195976455
162754,0.002547462591438932
162755,0.0006195595396732583
162756,0.0008745361116733315
162757,0.000710325466475556
162758,0.00048324459700285993
162759,0.0025499616220215253
162760,0.002052616479242673
162761,0.0013156564623954601
162762,0.0006063944639070439
162763,0.0006561317857825728
162764,0.0025524193165417444
162765,0.0010021445220926547
162766,0.01802745878568856
162767,0.0014644669799311907
162768,0.9846326242765518
162769,0.0004767348244379909
162770,0.0010783526723894346
162771,0.000675703616731975
162772,0.002539090277914852
162773,0.0005576942053642842
162774,0.0007227760840482326
162775,0.0007995412331049706
162776,0.0007627000212440483
162777,0.001954713236713857
162778,0.0007291138087256066
162779,0.0007405406400255726
162780,0.006665743680302537
162781,0.0004660493632429318
162782,0.000856647976140754
162783,0.0029815545598034492
162784,0.0006184161697761612
162785,0.0007928450037292566
162786,0.0008772096634362403
162787,0.0019168487711598743
162788,0.0005108673802339238
162789,0.000814221888714846
162790,0.001100571150629873
162791,0.0012270330997432577
162792,0.0006519899406279735
162793,0.0008235891780236295
162794,0.001780002345761519
162795,0.0133807058296413
162796,0.007753215717191024
162797,0.0007295669445225731
162798,0.0004785306829713933
162799,0.0007331684800949562
162800,0.0004976367192548466
162801,0.0005035572532607801
162802,0.0019857181055506854
162803,0.0007694480627571277
162804,0.004315251368803319
162805,0.0007279798954804661
162806,0.0007614799044567591
162807,0.0009700139945245738
162808,0.0017131095245964656
162809,0.006161285953767521
162810,0.001242709571968783
162811,0.0005439465619344722
162812,0.00763076496427946
162813,0.0009971307610134774
162814,0.0020770442418928765
162815,0.0005585145981468947
162816,0.0018911344013076675
162817,0.0018349581961539805
162818,0.0005863007781381946
162819,0.0004970328829464554
162820,0.0006513084806680231
162821,0.0010539779056477096
162822,0.0014773235277573053
162823,0.000978085537349409
162824,0.0008816989133760362
162825,0.00048604645383939555
162826,0.0003919251988994267
162827,0.0010866225700685858
162828,0.0007388694301764195
162829,0.015951504179076197
162830,0.006124014174378779
162831,0.0004775492125701406
162832,0.021235338317257855
162833,0.0013634265517566075
162834,0.003701937099872628
162835,0.0015727717147992167
162836,0.0005078898593118919
162837,0.0014504694398700753
162838,0.0006358223990057465
162839,0.0007401851806716458
162840,0.0005824359498488603
162841,0.009975003286033703
162842,0.997395878783847
162843,0.00732402881200216
162844,0.0006279821199572711
162845,0.002390433223838442
162846,0.0012859701613764604
162847,0.0006299841891966203
162848,0.0003350788074235186
162849,0.0038199622585343143
162850,0.000990937895965575
162851,0.0032265216658426184
162852,0.0005594480582262105
162853,0.0020160092532943343
162854,0.0005025595166808819
162855,0.0009259597877401904
162856,0.0020338865989068355
162857,0.0007917772018166341
162858,0.0007521881338458508
162859,0.0006854850797515969
162860,0.001025081665199107
162861,0.019208922628224618
162862,0.0012594212299539497
162863,0.0006423431373551457
162864,0.0015495954375595526
162865,0.0004893534810052276
162866,0.0005549222833955575
162867,0.007374850149519698
162868,0.001000625555521738
162869,0.0011063305495666244
162870,0.0009895067176265355
162871,0.0005964086742884418
162872,0.001235870711151837
162873,0.000988145927375254
162874,0.004248093245091717
162875,0.0006540852612681716
162876,0.007938346782075676
162877,0.0006230223803580339
162878,0.0010174012739007508
162879,0.0009015077294269997
162880,0.0004362542908806849
162881,0.0031293106769336465
162882,0.0006873875214683241
162883,0.0005436619512309007
162884,0.0004815812522392215
162885,0.0010740659682697455
162886,0.0005882999343747805
162887,0.0010720174516269279
162888,0.00848206114361514
162889,0.0007593068125156957
162890,0.000852476062456966
162891,0.000564824452477359
162892,0.010930836019008358
162893,0.003741367392480344
162894,0.0038004696428806948
162895,0.016261316894351903
162896,0.0012833012057848572
162897,0.012164574826887951
162898,0.006603502832555412
162899,0.9968386892927961
162900,0.0007498687611507052
162901,0.0026109592542130225
162902,0.001108878269298623
162903,0.0005616344751935186
162904,0.0021721354438626796
162905,0.0007238409737357124
162906,0.0008014790903438054
162907,0.0007645186044269999
162908,0.001580094754035809
162909,0.0005873894726818017
162910,0.002215856885312481
162911,0.0021355541735581613
162912,0.0008715604566050764
162913,0.000505945133199738
162914,0.0021524714863741714
162915,0.0008066473656655357
162916,0.0005393186520726742
162917,0.0011129231223327087
162918,0.006923475496070325
162919,0.005600261215994116
162920,0.0008913171308785031
162921,0.0006717823678873771
162922,0.0004095491405733525
162923,0.0011210956156801682
162924,0.000721672557980684
162925,0.0012368242743884621
162926,0.0007276681474053795
162927,0.0006523429720675135
162928,0.0008148350520004494
162929,0.01745685455032267
162930,0.0005505658330571388
162931,0.0007291454900056691
162932,0.001208262431660912
162933,0.0005011804526774009
162934,0.000797104704021894
162935,0.0011551660545075105
162936,0.0005337771897540747
162937,0.0006446408060860021
162938,0.005905257276484069
162939,0.0017061484870262496
162940,0.0024723311512836474
162941,0.0005294047991579422
162942,0.00181097680088778
162943,0.0006110781345271955
162944,0.0012797928292212378
162945,0.003866187075926872
162946,0.0022779476218680508
162947,0.006745371429470773
162948,0.0007221310329478569
162949,0.001355562650486237
162950,0.001205248138424209
162951,0.0015198421743560352
162952,0.0004932095495588443
162953,0.0036445739423216364
162954,0.0009061029863537827
162955,0.0004975715805602256
162956,0.0007557854162824905
162957,0.000612367502526671
162958,0.0015789268926816188
162959,0.0017115937852290781
162960,0.0005563254041051622
162961,0.0005392557553978258
162962,0.0017120313283632703
162963,0.005243025346023689
162964,0.006772591159919296
162965,0.0009289559368478157
162966,0.000464040700211221
162967,0.0006176797578893193
162968,0.002420629963130031
162969,0.0035452865662846406
162970,0.0007591452878009804
162971,0.0016432999915310532
162972,0.003135791865126928
162973,0.00152680749421888
162974,0.0004890724561445981
162975,0.0016342819293278976
162976,0.0006226150335924298
162977,0.0012962361938999886
162978,0.00568149755186175
162979,0.0006455468083877522
162980,0.00047719384454309816
162981,0.0009265755135799232
162982,0.0015145149977872183
162983,0.006369913755297411
162984,0.00236341407080372
162985,0.0010654608761341714
162986,0.0030807686249944323
162987,0.0006370028504438686
162988,0.006492709967739639
162989,0.0010877050209727747
162990,0.005698560060940047
162991,0.001779416654072176
162992,0.0005512703008834565
162993,0.0010065167083077439
162994,0.0026268018255158686
162995,0.00044784091702316186
162996,0.0010258148656203338
162997,0.001470010971975486
162998,0.001461437129309719
162999,0.001910198499538156
163000,0.0032353432806062916
163001,0.0006359517225717503
163002,0.0008205289061305197
163003,0.0010060988351807887
163004,0.001198908706328993
163005,0.00041855656831891525
163006,0.0005227962108324481
163007,0.0007414435449068144
163008,0.0005876672511459262
163009,0.003959694220657077
163010,0.0012796130976772894
163011,0.0003691202090042603
163012,0.01065284880662062
163013,0.0006955891520874865
163014,0.0015113257232526218
163015,0.01237478682792607
163016,0.0006609395387585217
163017,0.000520139806565609
163018,0.0029197590607826867
163019,0.0004288779104463326
163020,0.005128593546266916
163021,0.0010581287205733976
163022,0.12288554360968175
163023,0.002207462951147363
163024,0.0035656429007452795
163025,0.0017519845576995053
163026,0.0009131986535552061
163027,0.0019036437225799718
163028,0.0008513976866567194
163029,0.000671000300032632
163030,0.0017580042703718836
163031,0.9991781364161877
163032,0.0004927843835500183
163033,0.000849837989383799
163034,0.000892742968339825
163035,0.009910996482793737
163036,0.0036201225506857504
163037,0.00777165153774349
163038,0.0005273615376605494
163039,0.0018702209631004441
163040,0.001353485987347189
163041,0.0007372733002698108
163042,0.001115745497525588
163043,0.000417577214132746
163044,0.0008412869069690399
163045,0.0018122461843599995
163046,0.0018663205646658717
163047,0.0005759498901925481
163048,0.0007210761277221833
163049,0.0007197997208509607
163050,0.000514157548255967
163051,0.0011655265185162057
163052,0.0007626629462764802
163053,0.0005605219696982671
163054,0.0009822400839549603
163055,0.010447841638171852
163056,0.0005533116914886213
163057,0.0015448527148168491
163058,0.010930735569300472
163059,0.0023162938658433238
163060,0.9956654828226201
163061,0.0022459935749286363
163062,0.0013664614200717203
163063,0.0006728551737569814
163064,0.0009481837504268256
163065,0.003150271089210451
163066,0.0009845355462120083
163067,0.0011459686177731174
163068,0.000900882042537181
163069,0.002520050349350515
163070,0.001347207508830089
163071,0.0004565694477195344
163072,0.2018340690253621
163073,0.0014640766875409403
163074,0.000612662741581887
163075,0.0005237268460008706
163076,0.0006618009785381394
163077,0.0005547306999830328
163078,0.002085800754717135
163079,0.0016821814513890221
163080,0.0013292093151529736
163081,0.00091686716630261
163082,0.0006729853141173954
163083,0.0036386421691821753
163084,0.0007045915382790785
163085,0.0010009475980916796
163086,0.001023542561112293
163087,0.005377572578146576
163088,0.0006213708414398385
163089,0.0021487758757452818
163090,0.0013252993655954457
163091,0.0023008552158586457
163092,0.0009469231914729528
163093,0.0005395455652891537
163094,0.0009351754244750374
163095,0.0007447909912147981
163096,0.0005001791622319915
163097,0.001077755891139105
163098,0.008324647610442815
163099,0.0007590746595761603
163100,0.00427114550980516
163101,0.0006510731510301265
163102,0.0005216650830193196
163103,0.000695746615594131
163104,0.000588933079589527
163105,0.00045402084971118165
163106,0.00045900173731433036
163107,0.0005745743761454097
163108,0.00046587951903772165
163109,0.0012741456943313042
163110,0.008420592492608714
163111,0.0013066387455577398
163112,0.002480095239058301
163113,0.0006981590491792937
163114,0.0027058890890327997
163115,0.002122488785941245
163116,0.000560746745164125
163117,0.9936007389170033
163118,0.0008212779541887017
163119,0.0032223666177152426
163120,0.0007153159260336409
163121,0.0011380200556741758
163122,0.0007983810981521209
163123,0.0006285700855329177
163124,0.0011966966780600093
163125,0.0020272581910305435
163126,0.00579521287726354
163127,0.0008763366441263288
163128,0.0012793407702857058
163129,0.000963301300800137
163130,0.0005748527215606161
163131,0.0029554186846928445
163132,0.0020922311799750903
163133,0.02143191061565484
163134,0.000313875898256859
163135,0.003988603608820763
163136,0.0004308084044873489
163137,0.002563696216485635
163138,0.004574325557547346
163139,0.0015275481797705484
163140,0.0006046265094090508
163141,0.0012173608935310432
163142,0.0005984004037366002
163143,0.0257502178254689
163144,0.00706607956431342
163145,0.000596280556014416
163146,0.0006659669957667729
163147,0.0010757618903483386
163148,0.004941504497788492
163149,0.0011566255831825098
163150,0.007087984736654006
163151,0.9879878100439168
163152,0.0032315253239520586
163153,0.001486981997569705
163154,0.0007215904214025563
163155,0.0008512912448620552
163156,0.0023257220207644107
163157,0.0011835670390508922
163158,0.025920380199062697
163159,0.006457352785710158
163160,0.0011984182674460951
163161,0.0008921377906763622
163162,0.0012233029426574945
163163,0.001101052553368702
163164,0.0009305695841018119
163165,0.00048521321380055296
163166,0.015138076888974773
163167,0.0006282002459056944
163168,0.0005420054331393427
163169,0.011371072513351139
163170,0.0027623801952476354
163171,0.00070601966422732
163172,0.000730139874645659
163173,0.017226917977310102
163174,0.0005579079476051334
163175,0.0008216465136672533
163176,0.0005203772788082111
163177,0.0007220009500961729
163178,0.0006531122221254939
163179,0.0007257761479121061
163180,0.0011414208980321996
163181,0.002085850407517453
163182,0.0020843722175666367
163183,0.0009396621745406235
163184,0.0008044160206642716
163185,0.0010414156500667693
163186,0.0016654115435009915
163187,0.0005413663595106183
163188,0.005773090870128259
163189,0.0014650319400941652
163190,0.002130879992324641
163191,0.0008551487503147858
163192,0.0006245445458534177
163193,0.011074049610925937
163194,0.004987232893534816
163195,0.9948504432555852
163196,0.991857180197184
163197,0.0016050499437166208
163198,0.0009097436384786275
163199,0.0007217599550257691
163200,0.0039347763633472005
163201,0.000801593398450757
163202,0.0007544276849387973
163203,0.0007336000305402709
163204,0.0006845394684259201
163205,0.0040273822957769476
163206,0.0007340050933465033
163207,0.0005779879797224872
163208,0.0010125543311548895
163209,0.0005661447590235155
163210,0.0014276138967560608
163211,0.004307131733069808
163212,0.0007439747483941353
163213,0.006268117070238024
163214,0.007295137282192554
163215,0.0012832954906802554
163216,0.00047550253341222253
163217,0.0005197025273286132
163218,0.0005103576373533025
163219,0.0009913290607950255
163220,0.005445350663510892
163221,0.002319609584661488
163222,0.0007029103781733966
163223,0.005703285209647639
163224,0.000947681159046825
163225,0.0006399779298190528
163226,0.008424529442442801
163227,0.0027855042622069357
163228,0.0007407291092589438
163229,0.0027969947635721206
163230,0.005167759079082303
163231,0.0015208779242618564
163232,0.0006119767137237967
163233,0.0009454770168883024
163234,0.005204452147333331
163235,0.000622717443426342
163236,0.0008417483923131281
163237,0.0012273354160372387
163238,0.0008528680804806625
163239,0.0008456674140326799
163240,0.0010249035176081618
163241,0.020146844640059045
163242,0.0010447900280207765
163243,0.000504687433235938
163244,0.0012600740164995863
163245,0.0004969423125035979
163246,0.000989221596535546
163247,0.002533094461802785
163248,0.006854262660801008
163249,0.0005636501894689377
163250,0.00046902353294941393
163251,0.0020042739851582093
163252,0.004073863226462974
163253,0.002127871003586813
163254,0.0013030803220544418
163255,0.0004816512628420738
163256,0.00036085285763719905
163257,0.0009332492049969126
163258,0.0009171617686991542
163259,0.000851942070680455
163260,0.0005909005956336124
163261,0.0006752818522176722
163262,0.0005285963357703496
163263,0.0005364837170332657
163264,0.0006305280742414014
163265,0.0006526453379772131
163266,0.0006358679425506847
163267,0.0007331102586950523
163268,0.0006645873425051803
163269,0.0006373465777707605
163270,0.0007524382356380824
163271,0.0015253800131814772
163272,0.00045268601045633105
163273,0.0034775874001247526
163274,0.0014296338051506528
163275,0.0003580302529924421
163276,0.0009661204734237262
163277,0.0006542296414238059
163278,0.0006279895778887143
163279,0.0005896616030081846
163280,0.004289993830460602
163281,0.11457540129593585
163282,0.0008328194425239271
163283,0.0006170249540140007
163284,0.0020543060648026933
163285,0.0006408476238248662
163286,0.00510926336406703
163287,0.9973195717694896
163288,0.0007711510664570171
163289,0.0012862458821271516
163290,0.0018990580297383593
163291,0.0010331513470416042
163292,0.0005314707984970138
163293,0.001298349251412867
163294,0.0031591063404022386
163295,0.0014317982419637838
163296,0.0006947347753244715
163297,0.0009685765244240138
163298,0.0006243904860163913
163299,0.0008042215771167716
163300,0.00956391848966483
163301,0.008765537773449522
163302,0.0011593166760253994
163303,0.0012389566437366406
163304,0.0005312071163058068
163305,0.0021747235598541495
163306,0.0012508081111069175
163307,0.007054068057584718
163308,0.0024648723901279598
163309,0.0007258954243554774
163310,0.0005928785370985779
163311,0.0007113350236754045
163312,0.0004967251092833021
163313,0.0005851199472293242
163314,0.0006772529682556868
163315,0.14393872298211774
163316,0.0007944083229545487
163317,0.003476703001583866
163318,0.0006289166589914993
163319,0.0015002493953310825
163320,0.0007406948145750928
163321,0.0033832648150845367
163322,0.000529906906291964
163323,0.0029463297550749055
163324,0.005015228532598767
163325,0.008844836687207303
163326,0.0006958533404828476
163327,0.0007078021307757313
163328,0.0009733071363915479
163329,0.0017115404132739915
163330,0.0008570886966516541
163331,0.0007784990924974533
163332,0.0008498684070128505
163333,0.0005136865961149305
163334,0.0016210799513825254
163335,0.0025053294205945043
163336,0.0028988558695886
163337,0.002427066910459116
163338,0.0007775854340577827
163339,0.00890698904048728
163340,0.0011727233962333713
163341,0.0006594396545425616
163342,0.010117257478471324
163343,0.0007879889421014733
163344,0.0007173496315758198
163345,0.0034198987224719002
163346,0.0014236906386647812
163347,0.00043597396789583963
163348,0.0005969109455425841
163349,0.0004372957410997937
163350,0.0010478977523356828
163351,0.010507472139845877
163352,0.0009870997992847724
163353,0.0006387316468018072
163354,0.0005061677353482947
163355,0.0011664657201041113
163356,0.0005986593369118685
163357,0.0017661999340974474
163358,0.00042899415155839965
163359,0.0011510351135949727
163360,0.0007208674386598447
163361,0.0005402414983933806
163362,0.0013986082892968208
163363,0.0008679846644006446
163364,0.006494049490936736
163365,0.0005849228980458475
163366,0.0004252987789729948
163367,0.0006608707792595153
163368,0.000829687583101304
163369,0.0006609256668665752
163370,0.001322063780662256
163371,0.0036031962497152983
163372,0.0015729345824111692
163373,0.0010625643411174262
163374,0.0011349086366152495
163375,0.014504005028551661
163376,0.005331866976713273
163377,0.0024474084919594735
163378,0.0014966868449664335
163379,0.0008601508970348548
163380,0.0023609392383420035
163381,0.011485504297860816
163382,0.0007846701581546956
163383,0.023327714129877178
163384,0.0008476449461424197
163385,0.0005515181067663296
163386,0.00039861416011011065
163387,0.0004661374411925767
163388,0.0005341233307465057
163389,0.0010124910156027594
163390,0.0006047621739948356
163391,0.03270492652757814
163392,0.0005632436697734738
163393,0.0019504931327780175
163394,0.0008640352441591306
163395,0.0007147681919018841
163396,0.0028638632316501317
163397,0.0025197344813336735
163398,0.11752321197997279
163399,0.0005678790698978295
163400,0.0007796416433963686
163401,0.000914143306911312
163402,0.0008399702846937946
163403,0.0008329877281184937
163404,0.0006775620057664252
163405,0.0029025944021231326
163406,0.0020062051597614207
163407,0.002769804115138596
163408,0.003957255410813481
163409,0.0035827368158423325
163410,0.001675493940881906
163411,0.00074487520950487
163412,0.0006614064139670037
163413,0.0006973528726495112
163414,0.004165237330611828
163415,0.0018283091198140373
163416,0.0004053771670820106
163417,0.9983268163922117
163418,0.002370192155724575
163419,0.0029433416288174707
163420,0.0006798128673278294
163421,0.0007490846235804916
163422,0.001038330197851333
163423,0.0012828795188182568
163424,0.0005001418155370406
163425,0.0007711742616789332
163426,0.0006761678524323073
163427,0.02458973134492775
163428,0.0007231248743145366
163429,0.0009339065125189281
163430,0.0028281014256935255
163431,0.0006963097084020965
163432,0.0023848772385311008
163433,0.0013012639141238938
163434,0.0005368297561000371
163435,0.00048474616039062497
163436,0.015311526374109288
163437,0.0003856932732115246
163438,0.02145371028326068
163439,0.0029455282319352976
163440,0.0005845415892506063
163441,0.002135749887642687
163442,0.00040192719792726686
163443,0.008963025786419405
163444,0.0010864144060603233
163445,0.000883104178614562
163446,0.0012408272956988841
163447,0.00036168052423019064
163448,0.0011198071967981078
163449,0.0018333008450783605
163450,0.04338913189587213
163451,0.0009337967265786824
163452,0.0005400986642108838
163453,0.0005208364279587169
163454,0.0005409533297222463
163455,0.004007500450985064
163456,0.0006382459438205182
163457,0.0019303571059593842
163458,0.000748294540828982
163459,0.002362608417030488
163460,0.0032179216560306355
163461,0.001197898464036104
163462,0.004641470633274463
163463,0.0007714205090713983
163464,0.0007203462499196355
163465,0.00517379432059752
163466,0.0008533401600240211
163467,0.0008609091201164689
163468,0.0006335766342746619
163469,0.0005757408634233633
163470,0.001233116699583468
163471,0.005957333164614694
163472,0.0005729345028744696
163473,0.0014001584365876674
163474,0.006835091957476178
163475,0.0012179185278585404
163476,0.0006878433386725336
163477,0.0005484212489162412
163478,0.0007814268037499411
163479,0.001892853568264009
163480,0.0011826576440813381
163481,0.002938218071914933
163482,0.0006236250742062549
163483,0.0005991919919412767
163484,0.002411778805069961
163485,0.0005972232808223723
163486,0.004180388194516887
163487,0.009379209146430713
163488,0.0006774241677341599
163489,0.002147548455410646
163490,0.0005916055194339053
163491,0.0009904814804491508
163492,0.004973262070138698
163493,0.003384347123895976
163494,0.00037352301697563466
163495,0.0005610977015145461
163496,0.0017744707476914728
163497,0.0008232105507875347
163498,0.0008104275397165755
163499,0.0009594924438576459
163500,0.0006589266292549483
163501,0.001933235991911288
163502,0.00102943102678854
163503,0.00365998324606138
163504,0.000589183997743758
163505,0.0022976883950326242
163506,0.006933400583327386
163507,0.000712519522722669
163508,0.0010621955860491286
163509,0.004338375147701304
163510,0.000370120020429542
163511,0.0004139929083846818
163512,0.0019250643921179308
163513,0.0007994702827371161
163514,0.0007785141677514353
163515,0.0007061191046002229
163516,0.0006861357149975866
163517,0.0007333656227520098
163518,0.039749113474558576
163519,0.006511044960699604
163520,0.001714684673910516
163521,0.0011052685871306175
163522,0.0005421987196235064
163523,0.0009519536689911029
163524,0.0006582892057859745
163525,0.0032792606058121383
163526,0.0012250775314715811
163527,0.0004898184691689057
163528,0.002335218863668133
163529,0.00043702285251224175
163530,0.0024279211663954547
163531,0.0008738226442251739
163532,0.0009267550157895542
163533,0.0008783628791991739
163534,0.0011682509693276548
163535,0.0010968730283000437
163536,0.0006836071517831537
163537,0.0005585550067774453
163538,0.004061919558622595
163539,0.00044269717233607085
163540,0.0010422944568457345
163541,0.0008027622242179025
163542,0.0008909039194387092
163543,0.0008541792660355475
163544,0.0034730066914106772
163545,0.0007147634443900564
163546,0.004863711389877348
163547,0.0006730402182653686
163548,0.0010028078339627184
163549,0.00039238771881183824
163550,0.001076314605370175
163551,0.00115183169962726
163552,0.0007674372145563791
163553,0.0009039425977919726
163554,0.0005771619209422311
163555,0.0007778699738252603
163556,0.0007157044728895756
163557,0.002454215831035781
163558,0.003218133118673153
163559,0.001955083618432175
163560,0.0028470460413146208
163561,0.0014458256421207485
163562,0.0006851166624534016
163563,0.001081700200276013
163564,0.0007704965495707648
163565,0.0006175455610989322
163566,0.00044253247957147784
163567,0.0005488967221548978
163568,0.9893032428852708
163569,0.0005798744158078
163570,0.0015920453888648742
163571,0.0005295126450570389
163572,0.0005900639631157735
163573,0.0010434163509042119
163574,0.0007034385089433723
163575,0.002018169256109919
163576,0.0011238288465460437
163577,0.0019663142092780717
163578,0.0006590057450191916
163579,0.0018201859005314589
163580,0.007544700988733676
163581,0.0005282640210747772
163582,0.0013164191726001088
163583,0.0008452309351085121
163584,0.0005113420021403347
163585,0.0004696977794075867
163586,0.0008093426959669499
163587,0.0030756639758480107
163588,0.02869183120949157
163589,0.0008008131229733635
163590,0.001730022343491595
163591,0.0005508502266169134
163592,0.010210997718587089
163593,0.0008365750369201154
163594,0.00035205845114466127
163595,0.0026470469409355397
163596,0.0026648461935624953
163597,0.00044916607571083395
163598,0.014922737428405133
163599,0.0003615308333097389
163600,0.0015037554298696044
163601,0.0025814178518467124
163602,0.003297067413338065
163603,0.0009230730436096829
163604,0.000630083500662467
163605,0.0006347017618469102
163606,0.019115286765843877
163607,0.0010523992936505404
163608,0.0014486479067378506
163609,0.0010722419824708107
163610,0.00171988195719205
163611,0.0060809286621510035
163612,0.00164091649643808
163613,0.000794866827035421
163614,0.000707181771442614
163615,0.0006852216316561495
163616,0.00261335781979302
163617,0.0007127889717750774
163618,0.6035048985272813
163619,0.005734512364633661
163620,0.0008281787330187385
163621,0.0008108939494954591
163622,0.0009761721261882685
163623,0.10568058893306967
163624,0.006494757644735193
163625,0.9978488772335234
163626,0.0004156802138695304
163627,0.0028142420494091454
163628,0.0005745516691572036
163629,0.0027326638905720443
163630,0.0011381146383389286
163631,0.0014676973290792632
163632,0.0005193629613682365
163633,0.0009729519028763217
163634,0.000818797533016409
163635,0.005053245272981085
163636,0.0005495638875535266
163637,0.0008126393207996234
163638,0.0026196865012415443
163639,0.0006827743358523349
163640,0.000987801496534274
163641,0.0006148811874123255
163642,0.0014558440862031227
163643,0.0014726369931503977
163644,0.00043958957600000225
163645,0.0016033210080589418
163646,0.0031557938542507457
163647,0.0007597415300519253
163648,0.000999885900106071
163649,0.0006912586339940868
163650,0.008643695244622976
163651,0.0020956964983733905
163652,0.0006600698603450839
163653,0.0009168274567501174
163654,0.0006487030413607937
163655,0.0012959356220444117
163656,0.0015846015137414454
163657,0.0006381963779264789
163658,0.0006723584372104274
163659,0.0006591145575933092
163660,0.036485715620609975
163661,0.0007936369388121346
163662,0.02468448828039759
163663,0.0023855579469829005
163664,0.003445575888142165
163665,0.0021910041356890237
163666,0.003370460126828753
163667,0.001971318254173662
163668,0.002498937053709477
163669,0.0008262328586312988
163670,0.0006908673235965321
163671,0.0029439769517276074
163672,0.0007955860175300675
163673,0.0006978782760446744
163674,0.0011388037261110095
163675,0.02197911761166215
163676,0.0011905492794737952
163677,0.0009840486940733825
163678,0.0005643167918166824
163679,0.000591767271757191
163680,0.0006674277464780387
163681,0.000526635473602998
163682,0.0006239442539148328
163683,0.0054465779071573885
163684,0.001705259192416435
163685,0.0012886757628047742
163686,0.0010756403429780532
163687,0.0013857020343451684
163688,0.0022277109744564027
163689,0.00048480574220288687
163690,0.0007894106723774888
163691,0.0004437938868425893
163692,0.0003934155611461241
163693,0.0009748661950698651
163694,0.0012518089642644787
163695,0.0008193080486575203
163696,0.0046962170788087485
163697,0.006539347517193563
163698,0.0005478702188723563
163699,0.0011238531885359696
163700,0.0006544225935029449
163701,0.001913245463785745
163702,0.9946941100094511
163703,0.0008855535281833309
163704,0.0006801496216184918
163705,0.0014265459534343369
163706,0.0006746751205956394
163707,0.0006974037698772254
163708,0.0007573474235135545
163709,0.00042411063607050844
163710,0.0007828604588813484
163711,0.0008557290817191368
163712,0.001281307708590545
163713,0.0008499326093115761
163714,0.0013184844729351626
163715,0.0005368556099108249
163716,0.9653696670232164
163717,0.003477976125087903
163718,0.0007222156128010291
163719,0.001099470968035101
163720,0.0006022512210324133
163721,0.001249203036569491
163722,0.0005059577954550314
163723,0.0011240532029468337
163724,0.0010867909285116827
163725,0.0006953599066917135
163726,0.0008512307587553961
163727,0.0009718640103095122
163728,0.0016905660603446257
163729,0.002001088927852135
163730,0.00160381486340729
163731,0.001044165422513242
163732,0.0012546885131310417
163733,0.0006261665062127799
163734,0.0007248696879461068
163735,0.000736118581419866
163736,0.00042093497657505463
163737,0.0011314218960608846
163738,0.00046528936219271925
163739,0.0016364370561654526
163740,0.000976912088442622
163741,0.0015115836727393377
163742,0.0008725034789929644
163743,0.0006191989325306437
163744,0.0014385544865390656
163745,0.017504757805609936
163746,0.0016605765460353445
163747,0.012354139823233188
163748,0.0021953709549023693
163749,0.0004406883603431385
163750,0.0012390901099887828
163751,0.005122560893914599
163752,0.0012758489005126328
163753,0.0005094720937854789
163754,0.0028193148782846233
163755,0.0009082619508550172
163756,0.0005410782403287598
163757,0.0005206706353317204
163758,0.0007911153849919035
163759,0.0006340925568545957
163760,0.003015849872560531
163761,0.0007671232608760489
163762,0.0007670837491994301
163763,0.00225173181872106
163764,0.0007825291478055867
163765,0.014987549993072273
163766,0.0020941739327420975
163767,0.0032301849982024613
163768,0.0008695381644156575
163769,0.0014425143989281177
163770,0.0006479334026017127
163771,0.0004931594685302664
163772,0.0008505875596467442
163773,0.0006122090893744333
163774,0.00045879001573585765
163775,0.0007663377897059772
163776,0.0006222143396098183
163777,0.0007175693010712358
163778,0.0005734190400979803
163779,0.004407237422381849
163780,0.17315739719023066
163781,0.0018617677345660224
163782,0.0006621734300242744
163783,0.0005480727017781909
163784,0.0022930380493239666
163785,0.007082759091241185
163786,0.0008933339307354991
163787,0.001265345529197859
163788,0.004206752335141734
163789,0.002766431540455181
163790,0.0022008292690559837
163791,0.0008544871117412953
163792,0.0005100050448171735
163793,0.0005516924630077382
163794,0.0007606199091054991
163795,0.0007135575028671649
163796,0.002218322708500148
163797,0.0009494594321985387
163798,0.00774106295355771
163799,0.0007810356452727848
163800,0.0005409817723967354
163801,0.00584704367398727
163802,0.0026991847711573293
163803,0.0008677475459336156
163804,0.0005937941680302405
163805,0.0005525148664641353
163806,0.000658568636854081
163807,0.001366603900240153
163808,0.005985271203584391
163809,0.0006148589781014926
163810,0.0006608072964418263
163811,0.0011021302103816492
163812,0.0011082297133057032
163813,0.9977781546037654
163814,0.0033751630301270385
163815,0.05111490207786004
163816,0.0026825855644175157
163817,0.0007539050865257097
163818,0.005524248891044012
163819,0.9968856818253975
163820,0.0007182172056059784
163821,0.0006818202670246321
163822,0.0008117217281775929
163823,0.0015271018610297283
163824,0.0007964575577294696
163825,0.0006808104336992146
163826,0.0026395871987128193
163827,0.0008917926302616771
163828,0.002148227052694851
163829,0.000974987956062684
163830,0.006124487743242037
163831,0.0019136761691100667
163832,0.001249411953802993
163833,0.0005418821340314062
163834,0.0030880881657757604
163835,0.0006816812940872071
163836,0.0005537639811924921
163837,0.0022203688888040385
163838,0.0006867151637657066
163839,0.0006984135009060376
163840,0.002442645527944262
163841,0.0007519557299216818
163842,0.021214581023897255
163843,0.0033774392139399225
163844,0.001078782148935047
163845,0.0011233958386790781
163846,0.011894229340281854
163847,0.0010024905449780997
163848,0.0006165968261812251
163849,0.012225175744757788
163850,0.0069559663639808846
163851,0.0007818289293582928
163852,0.0018474924882499334
163853,0.00043293940906177883
163854,0.0021163128624119482
163855,0.0006009465730823719
163856,0.010128243903295309
163857,0.002742858454297668
163858,0.0006299339486487749
163859,0.0012946714054737005
163860,0.0005045742941404524
163861,0.0012919438722073773
163862,0.000590880135450121
163863,0.0038164762217554058
163864,0.0005129731958604806
163865,0.008286077317633977
163866,0.0005416926934066166
163867,0.006347669000724247
163868,0.0024734155962957815
163869,0.0006095819884528493
163870,0.004692342953455582
163871,0.005067854878662378
163872,0.0013964782596700455
163873,0.012158369454231332
163874,0.0007954428145310029
163875,0.0008482801376757074
163876,0.0004918524523969702
163877,0.0008632593170090947
163878,0.0005691359173160123
163879,0.0008999697050474321
163880,0.0006514785323503873
163881,0.0597713039513311
163882,0.00072934107588125
163883,0.0012288814199075374
163884,0.0004801057309525473
163885,0.000548987304392775
163886,0.0005633719072893202
163887,0.0029449406158857114
163888,0.000588043251170167
163889,0.0051036220513456226
163890,0.0006705232987952751
163891,0.0013356181806261531
163892,0.0015776024990444026
163893,0.0008927087132501899
163894,0.9971320113425566
163895,0.0011322718155656547
163896,0.003013506528806444
163897,0.0007317578625139561
163898,0.000998321408911355
163899,0.0008563345483373554
163900,0.000679669517135017
163901,0.0023753559116481233
163902,0.0009787162675964835
163903,0.9892247261926412
163904,0.0006433446849572967
163905,0.0005761602952538091
163906,0.00046522275607407693
163907,0.0016367683255918497
163908,0.0047579219538520685
163909,0.00043392153528011443
163910,0.0006853450003845057
163911,0.0020040702412720164
163912,0.0004815045604397625
163913,0.0018696094804920241
163914,0.001140982190227993
163915,0.0012620095940008846
163916,0.0008877799321480942
163917,0.045667008535776196
163918,0.0010132217068532
163919,0.0005653723025585098
163920,0.0005888693274918507
163921,0.0007540517616787492
163922,0.0007118534607096086
163923,0.0029542791218354703
163924,0.004454243378056613
163925,0.0009276274422990076
163926,0.0012329645434551403
163927,0.0009496101975124984
163928,0.0007599623876585615
163929,0.001265497079551355
163930,0.00185289609453985
163931,0.003927797241667674
163932,0.0006775096772572476
163933,0.0004984759681364024
163934,0.001504158333970303
163935,0.0006851967657848913
163936,0.0031450997025297836
163937,0.0009832997893901728
163938,0.00045444375510447316
163939,0.005423994399701268
163940,0.01144239281439521
163941,0.0005859895805817105
163942,0.025042904870951024
163943,0.0011215337328849546
163944,0.0023096541798863696
163945,0.0006737264061374329
163946,0.0008304250136484486
163947,0.027813235167116746
163948,0.002590916373759195
163949,0.009402399074376292
163950,0.001362356470782259
163951,0.0008210596716757377
163952,0.0008453860216544051
163953,0.0008592790184692653
163954,0.0008955727443604956
163955,0.002101567047088463
163956,0.0011822480249582738
163957,0.0014524322381591435
163958,0.0004993038617018353
163959,0.0011289671419895317
163960,0.00042895108372258914
163961,0.0013752857440975847
163962,0.0008957964663802529
163963,0.002505613863727095
163964,0.006674175146514053
163965,0.002036792423697124
163966,0.0004595012012793029
163967,0.0007535059889162665
163968,0.0012998601567327322
163969,0.0033106297046445847
163970,0.0034019481080536217
163971,0.000949822245163203
163972,0.003661936793284217
163973,0.0010324195528831068
163974,0.0007955389819115309
163975,0.0021114998309206654
163976,0.0006075450202797392
163977,0.0013996810949345254
163978,0.001451968480525781
163979,0.000801784537975651
163980,0.0012736137728329502
163981,0.0011037149875498724
163982,0.0005257332025504428
163983,0.0006586182392786235
163984,0.0015380781481618285
163985,0.0015972576092813761
163986,0.00039310744719240714
163987,0.0008925704441219496
163988,0.0010526936807379935
163989,0.0011800890434693393
163990,0.002404857167406483
163991,0.0014140712814416706
163992,0.0007445556181767212
163993,0.0008549081761678303
163994,0.0008780040653513984
163995,0.006588884354287671
163996,0.0014489079060782
163997,0.0008702488424776711
163998,0.0007823750883185747
163999,0.0019424908794115174
164000,0.000438391262154443
164001,0.0014071925994392606
164002,0.0013527181862229816
164003,0.0019803822113133966
164004,0.0004905376930822735
164005,0.0008156040779603547
164006,0.0022018048646762775
164007,0.0007376142514699999
164008,0.0005082038304509461
164009,0.0011863657311711575
164010,0.0005841509625557428
164011,0.0046901124352037365
164012,0.00034758536175981034
164013,0.0621090367880121
164014,0.001957996755010871
164015,0.006932837554294545
164016,0.0010556559931895488
164017,0.0006556922022665517
164018,0.0010189958190053498
164019,0.0013349477886189858
164020,0.000555790339796049
164021,0.0004470964573496909
164022,0.0005063346758510969
164023,0.00169297770362687
164024,0.002806630180324752
164025,0.00329954557609728
164026,0.0026751287990010057
164027,0.0007036618615345457
164028,0.0009836077201765252
164029,0.9850827499159722
164030,0.03058522937010936
164031,0.0008353929467963348
164032,0.0004492296197653111
164033,0.0017415786456188801
164034,0.002848114498065337
164035,0.0010224511426187004
164036,0.0005844663167453319
164037,0.00042909592303813616
164038,0.0004712018550357457
164039,0.0018755203295380304
164040,0.0026464670839839877
164041,0.010364412910315677
164042,0.0009063241491585193
164043,0.0005263944819213269
164044,0.0006939050411508227
164045,0.0012056671651653446
164046,0.0009914350401427731
164047,0.0071564964793343075
164048,0.0006548226670053034
164049,0.0004993538740406809
164050,0.0016240565506866083
164051,0.004926263778241844
164052,0.0027331064504761225
164053,0.0004710765055356156
164054,0.9976010911998405
164055,0.0009384060660967226
164056,0.00043076300798694197
164057,0.0013320470892890914
164058,0.0005011588211577252
164059,0.001234149316787842
164060,0.08622901289425232
164061,0.00781270027593802
164062,0.0017303123775919424
164063,0.0007527603771820466
164064,0.0005391742653793862
164065,0.010644117423747382
164066,0.0014556136656811618
164067,0.007048967585477689
164068,0.0006588597153487986
164069,0.011936804249803371
164070,0.0009092799488920545
164071,0.002090733846530455
164072,0.0029439146974954847
164073,0.0005739365741498671
164074,0.001616936519291538
164075,0.0011676836424316494
164076,0.000799236896603171
164077,0.0005603042428615049
164078,0.0009667266128875722
164079,0.010487411371859013
164080,0.0007965479263369212
164081,0.9949421834600816
164082,0.0011741160922814893
164083,0.012005810206643324
164084,0.0005606403551382776
164085,0.0005746068671100095
164086,0.002313592519336336
164087,0.0008279041940942064
164088,0.0009245370493794
164089,0.0007699362869681355
164090,0.002253993594918383
164091,0.0035209096972666546
164092,0.0019126497678593492
164093,0.0010010181549420826
164094,0.004208364884814277
164095,0.008720733588542176
164096,0.005221074433403265
164097,0.0036753795690317955
164098,0.002127007049424053
164099,0.0009209813321356914
164100,0.0017001907404533257
164101,0.0004671045141921318
164102,0.0005556978707399979
164103,0.9939064504380869
164104,0.0011374974550579352
164105,0.0010646786293456987
164106,0.0004213083991493498
164107,0.003113701872509336
164108,0.0005519632211403883
164109,0.0005831374540838288
164110,0.0007440919570932466
164111,0.0006627439646386881
164112,0.0005415775580268525
164113,0.0006544260529240513
164114,0.000905573435569098
164115,0.0009656426809547172
164116,0.0008806384171748068
164117,0.0007067729656182623
164118,0.0004472565761938089
164119,0.0007952890721718334
164120,0.002231161752880522
164121,0.0032953931038080453
164122,0.0006151217401553146
164123,0.009282715955734176
164124,0.0024515693645608665
164125,0.0008572572100564574
164126,0.0006271091046807396
164127,0.00048106971363309146
164128,0.0006965726803410387
164129,0.0006388542677651817
164130,0.0013111368370164
164131,0.000680330292244803
164132,0.0006962083396977079
164133,0.0005678096672521375
164134,0.001189559282534813
164135,0.004207388622669965
164136,0.0011950432112655784
164137,0.00047122456690836033
164138,0.0006441475256046909
164139,0.0007775776659153708
164140,0.0007032876783087818
164141,0.001627482541654606
164142,0.0089150641628973
164143,0.008531203780515287
164144,0.016287540244744624
164145,0.0005096335381304832
164146,0.0018410603125482723
164147,0.0005093634672806343
164148,0.0020953073057971704
164149,0.002993913341524968
164150,0.001793647214074601
164151,0.0038629961355366145
164152,0.001217511312717909
164153,0.006443627314164882
164154,0.0031434185442490246
164155,0.24196053993465916
164156,0.0007698353776273156
164157,0.0009608290344773006
164158,0.0005326675747926296
164159,0.0008309391846144391
164160,0.0004950084090551108
164161,0.0013925417876993443
164162,0.0005522400628430576
164163,0.000797445390254964
164164,0.0012545338984274335
164165,0.0005026238435505764
164166,0.0007610714462060937
164167,0.000685317695639922
164168,0.0036583685419628907
164169,0.004311541951806417
164170,0.0005558437370577062
164171,0.001156676651295726
164172,0.0012914065542136677
164173,0.0008080429119942268
164174,0.0017349870463939632
164175,0.0009385364473782317
164176,0.0009547911801381847
164177,0.0005377779122269854
164178,0.0008930652987422423
164179,0.003918146497531994
164180,0.0023448575216628237
164181,0.0012708808550726453
164182,0.0016080158488674333
164183,0.0018968379483357838
164184,0.0005796309221953193
164185,0.004292907369156053
164186,0.0015178106902899485
164187,0.0010057827794801358
164188,0.0007351836386542693
164189,0.001160289995751828
164190,0.0017507519316349606
164191,0.007870437848734004
164192,0.0005497579074494913
164193,0.0046948743372811595
164194,0.0008522446773358936
164195,0.0013090967555487664
164196,0.0006601258968784956
164197,0.0005275816424324364
164198,0.0008510825320309255
164199,0.0007659356284776271
164200,0.0005442836515896135
164201,0.0012866982062812666
164202,0.0013803097449814048
164203,0.0015320861329170227
164204,0.0005041093323945175
164205,0.00046493033937723547
164206,0.001546090717802599
164207,0.000757338200474349
164208,0.0005973172533987617
164209,0.0006970990076223641
164210,0.0009295238977407411
164211,0.0009353904948634613
164212,0.0009637115589463536
164213,0.0034508283140782625
164214,0.0029130224876390597
164215,0.0005388260382702962
164216,0.0009465916478032213
164217,0.0006211852453727851
164218,0.0010093101881945515
164219,0.0007445112801905624
164220,0.000503709515246257
164221,0.03456463168835703
164222,0.0004826018259946614
164223,0.002250854144311299
164224,0.009003114372950543
164225,0.001177407092727594
164226,0.002818006757010316
164227,0.0009551184895893563
164228,0.0007750105923253524
164229,0.002865415595793471
164230,0.0010496269180271184
164231,0.0007622780735032735
164232,0.000854234981591541
164233,0.0005857895935393203
164234,0.0012506408867826995
164235,0.0006894036807683856
164236,0.01825319145109589
164237,0.0008393027009788439
164238,0.0016911415791508165
164239,0.0005575037038131052
164240,0.0005316052665371459
164241,0.002266035350384164
164242,0.0010208485367185507
164243,0.000985008336455992
164244,0.0007969460308604377
164245,0.0011812501443738467
164246,0.001091008934445726
164247,0.0015028615655908678
164248,0.000688251637771008
164249,0.005040519810339575
164250,0.0007222624652364068
164251,0.0007752841040724607
164252,0.0007214447774950322
164253,0.0007888219831319379
164254,0.0005705589519873329
164255,0.10799207718857165
164256,0.0005478535520224424
164257,0.0016016679457879798
164258,0.0008482622352391611
164259,0.0014683297030509026
164260,0.0022941110900683167
164261,0.0016269508675043943
164262,0.0005099811464804522
164263,0.004366400787754974
164264,0.0007407979510310711
164265,0.0006872040892472844
164266,0.0011667896804550561
164267,0.9988334182125859
164268,0.0006139040876988867
164269,0.0006750492689239531
164270,0.014007971831848754
164271,0.0005378890742133896
164272,0.0009423751935129191
164273,0.0017527889101158372
164274,0.000727636948749355
164275,0.0006692862584336711
164276,0.0020724078326917828
164277,0.005005737895983496
164278,0.000560199495903413
164279,0.0018715391319376563
164280,0.001440296003756789
164281,0.0007927356588187167
164282,0.0017806978044773865
164283,0.0005230865705270923
164284,0.0018200398996208898
164285,0.00044780822868117237
164286,0.0008986229677914557
164287,0.0009888527437136086
164288,0.000454565563823355
164289,0.002490764412885
164290,0.00421940872428736
164291,0.0005981516169939864
164292,0.004465897015835121
164293,0.0007545913127501194
164294,0.0008074731166970104
164295,0.0005678232805064054
164296,0.0006001291135831054
164297,0.0004772419456058598
164298,0.00042362421945013563
164299,0.004806427125657123
164300,0.0004986351470216424
164301,0.0005388706096965783
164302,0.0008432591882001374
164303,0.9948070798125918
164304,0.0008022860035656197
164305,0.04112043109498539
164306,0.0006134890354388741
164307,0.0005384005836360509
164308,0.0006485829522657483
164309,0.02500639017895802
164310,0.010429452205641255
164311,0.0008916374436144338
164312,0.0011089543562896433
164313,0.0012457472666049655
164314,0.00416180627860654
164315,0.0006941281654730851
164316,0.001958372080986157
164317,0.0018016484618437324
164318,0.0005668064862886589
164319,0.0014863348939668512
164320,0.0008426158119801913
164321,0.0009367335562165543
164322,0.0005859798782757308
164323,0.0019510453303413268
164324,0.0004912470342607388
164325,0.008674004190223232
164326,0.0006051170841921108
164327,0.0007207623460622758
164328,0.0004894316917049811
164329,0.0009889918959458113
164330,0.0065164145010998
164331,0.0018339061113598829
164332,0.000644278654635537
164333,0.000473379599648666
164334,0.0004705579238892531
164335,0.0010994042952840212
164336,0.0016656617653435027
164337,0.0007725304441032416
164338,0.0005853367702363088
164339,0.005958813063619532
164340,0.0006617333801929471
164341,0.0006327087969717338
164342,0.0013479546391361361
164343,0.000808278524564645
164344,0.0013144509127877323
164345,0.0005741296280362138
164346,0.0008707293378314642
164347,0.0009338956406888161
164348,0.0012634377811919575
164349,0.0007731211183008074
164350,0.0007620640010175979
164351,0.0008306242924872358
164352,0.0007288578457197669
164353,0.0014194623795580495
164354,0.0009209564223487536
164355,0.0014958669781236313
164356,0.0006417286734930832
164357,0.0019327338228457515
164358,0.0010382342500972403
164359,0.015019370371191349
164360,0.005851659228486341
164361,0.0007325840034008269
164362,0.0007294760149498068
164363,0.0007613187709303664
164364,0.012186990716391354
164365,0.0004890847736691917
164366,0.0014264848940091094
164367,0.002149801791163074
164368,0.002948932016304318
164369,0.030150115772835863
164370,0.014504217660852432
164371,0.0006795178126996085
164372,0.000840678016071537
164373,0.9955901107517444
164374,0.008081395950118322
164375,0.0004919058163343029
164376,0.0004627421703737026
164377,0.021996449142916714
164378,0.012616022304531974
164379,0.0007209035866886633
164380,0.0035517493836773844
164381,0.0020330464855363856
164382,0.0029529286262824058
164383,0.00467084706740204
164384,0.0008998039025199251
164385,0.0016808029607606766
164386,0.0007368021105451367
164387,0.000585428154542215
164388,0.000564427578780564
164389,0.0008493219720590603
164390,0.00047474793146775164
164391,0.002302166232740754
164392,0.0007848677027050832
164393,0.03132674722767724
164394,0.0005647557517191066
164395,0.000565461059103111
164396,0.006117304438832909
164397,0.0007687764650844984
164398,0.0012875296276323596
164399,0.008705621559280351
164400,0.0011027265329311478
164401,0.00039229037318304827
164402,0.0005746155549513252
164403,0.001995064900175295
164404,0.001999997369432327
164405,0.00034237353742730143
164406,0.0008336555841993712
164407,0.0018629731544857453
164408,0.0008794271777487045
164409,0.0030427671194161662
164410,0.000406387492841205
164411,0.004492579688875576
164412,0.010127231150526717
164413,0.0010443713380922206
164414,0.001574997444302642
164415,0.008719547461609932
164416,0.0025392442751129836
164417,0.0004003664140316621
164418,0.0005642542997922995
164419,0.0005203418522139623
164420,0.0005605225747109343
164421,0.031552790901918155
164422,0.0013563020434430603
164423,0.0005243348243238428
164424,0.027318374280890664
164425,0.004186626269459547
164426,0.0006829197360836919
164427,0.001091208988274839
164428,0.00099907030343028
164429,0.0017232613065319212
164430,0.09922558376662421
164431,0.004837527565324696
164432,0.0013427216152483174
164433,0.0007296482394580484
164434,0.000720591888448535
164435,0.0009000502191658209
164436,0.0005358612139426021
164437,0.9971569239651249
164438,0.0007985147733906389
164439,0.0006321186915242768
164440,0.006247051265000228
164441,0.0007531592326562226
164442,0.0015267334196142467
164443,0.0005212522437772309
164444,0.00252473699213778
164445,0.0005394182177251414
164446,0.002033064483293198
164447,0.0006745694193456013
164448,0.002482575645842482
164449,0.00781447625865232
164450,0.0011291520892380805
164451,0.0026569335970326154
164452,0.0010893396488592718
164453,0.012019543443455771
164454,0.0005234201363564815
164455,0.0007671836474555522
164456,0.0016323879304892478
164457,0.001941724963133986
164458,0.0019427618142922598
164459,0.0009464794694245839
164460,0.001979161925596666
164461,0.0006891096061126606
164462,0.0010608777407529032
164463,0.0017636224714196423
164464,0.001538039356726843
164465,0.002475137627511847
164466,0.0005705605954537537
164467,0.0008202267843756233
164468,0.0004966935771235464
164469,0.0005485792513519972
164470,0.0011294910281945119
164471,0.0005682787696612603
164472,0.001000002856242698
164473,0.0004010271862213148
164474,0.0015847011280280708
164475,0.005260266649777499
164476,0.000994398777489996
164477,0.001414967740003552
164478,0.0043856917443665724
164479,0.004454671530013344
164480,0.014964256020077104
164481,0.007158457171521467
164482,0.0007672930373434494
164483,0.0005375577689655793
164484,0.0004393347808492239
164485,0.0035753318309555493
164486,0.0017620884698686732
164487,0.9942759671978223
164488,0.0037927635390848815
164489,0.0009493559360946848
164490,0.0008286821006518895
164491,0.000825481298414991
164492,0.0007649511429723402
164493,0.0022664238201661802
164494,0.0053585220924324516
164495,0.0010593361424143164
164496,0.0005656094474787185
164497,0.0009561405366092833
164498,0.0010659162931435432
164499,0.0017183389647111031
164500,0.0013484412281537389
164501,0.001418774065780281
164502,0.0008722371359856275
164503,0.0034099855434456747
164504,0.0011253429516086288
164505,0.0029250594389331934
164506,0.0003457893927619661
164507,0.0019102581520658054
164508,0.00302260450456729
164509,0.0008363278386889614
164510,0.00040016128289660925
164511,0.00032249000923590375
164512,0.014042450039284764
164513,0.000468234376277544
164514,0.00128788049593119
164515,0.0004943317197644618
164516,0.0007295150988140088
164517,0.002327921525477508
164518,0.0007452870627937786
164519,0.0011646856209179884
164520,0.0015246657131943264
164521,0.0014127785342273552
164522,0.0037550308629750945
164523,0.0009506040728893445
164524,0.0009493702852675181
164525,0.0007258559879365741
164526,0.0015695469671376209
164527,0.0009741783058467071
164528,0.0005917064198554209
164529,0.0008855988171129279
164530,0.0013733658278882893
164531,0.0005325412612071197
164532,0.0007616450635307425
164533,0.0006405601462268768
164534,0.0004792697884783137
164535,0.000982615442777825
164536,0.0004176990787268408
164537,0.0018309460837000857
164538,0.00494610009859167
164539,0.0004891594290762219
164540,0.002646835612519394
164541,0.0017589798050581034
164542,0.0012501172836046663
164543,0.0006712875514512422
164544,0.0008197599812528392
164545,0.0012287389630938
164546,0.0005521090814011576
164547,0.0009242415271054242
164548,0.0009044059856987273
164549,0.0006205972668233338
164550,0.0005436501767994564
164551,0.0022933715133508278
164552,0.0033678317496331827
164553,0.000458165543307986
164554,0.0008546269786081266
164555,0.0006980769742910924
164556,0.0005583496776940358
164557,0.0067425000695128575
164558,0.0005805986474178427
164559,0.0005739255594246653
164560,0.0010118480322479722
164561,0.0007792448560109186
164562,0.0014104975454590238
164563,0.0004904871037164293
164564,0.0013498576985901869
164565,0.0014660916090258505
164566,0.0007215424696313909
164567,0.00162746513639058
164568,0.0006505540946487909
164569,0.0006926852444339231
164570,0.003542136217631422
164571,0.0008966126506319458
164572,0.001809362606280211
164573,0.0034586563376339053
164574,0.0008765547203486014
164575,0.005435916004066047
164576,0.0013709765951080508
164577,0.0006997431354662492
164578,0.0013332727720259312
164579,0.0007755334381048028
164580,0.0015063053207377344
164581,0.0008469232590065249
164582,0.0007653846291109023
164583,0.0004904770268079647
164584,0.002260337166093332
164585,0.0025910637525426512
164586,0.000737778211904762
164587,0.0011912088808232477
164588,0.0019776551845023835
164589,0.000527164353535208
164590,0.0017706671862787909
164591,0.001534456972796918
164592,0.004112936779757204
164593,0.0007789767113459382
164594,0.0005360739273049886
164595,0.006061568738298949
164596,0.002772132350243806
164597,0.0004938965737954816
164598,0.00066638184876855
164599,0.0006911016987470243
164600,0.02287670444380284
164601,0.0007776887997285751
164602,0.0005439583194875366
164603,0.0007976884293745101
164604,0.0023448588133420907
164605,0.0027486648813660024
164606,0.0005561326106805238
164607,0.0017000519431056144
164608,0.0005468360333379658
164609,0.0005968745496210662
164610,0.000599913919478854
164611,0.0015711013952545922
164612,0.00029841222297173874
164613,0.0014686756814507734
164614,0.003408779189605562
164615,0.008377075241912158
164616,0.0011485719319465225
164617,0.03823930345675967
164618,0.000768632730348784
164619,0.0028717670031054004
164620,0.0038819291594656526
164621,0.000591422466099558
164622,0.0008427563702327693
164623,0.0022733791321070456
164624,0.0011871629820034495
164625,0.0005434769408784838
164626,0.0009163225085200382
164627,0.0005383361434016369
164628,0.011790222111043355
164629,0.002216429402119435
164630,0.0011577402441104157
164631,0.0011781396573333925
164632,0.003526652654970646
164633,0.00047209260508070263
164634,0.0009733380260696624
164635,0.0007463874396719257
164636,0.0010516057804842195
164637,0.0009057439886758957
164638,0.0007092641760219051
164639,0.00040726571369381935
164640,0.0011300498414446628
164641,0.0012311535629384036
164642,0.0004778218956387897
164643,0.0005174113349707579
164644,0.001332128615314691
164645,0.00043762036568462646
164646,0.002621176217887435
164647,0.0005462967246846954
164648,0.0005103752418515834
164649,0.0032666460794354424
164650,0.0009984487496615946
164651,0.0006003486343605767
164652,0.0009177315297714665
164653,0.0006074697028842573
164654,0.01682762540925894
164655,0.0008867928529738044
164656,0.00302000044869046
164657,0.0005872102390446117
164658,0.003181665909364936
164659,0.004374659837738607
164660,0.0004949580727622893
164661,0.0008224900145277455
164662,0.0006072034913515729
164663,0.0005398370029357455
164664,0.0007560004167081636
164665,0.0011996983412218892
164666,0.0010562077054797944
164667,0.0007910715226493001
164668,0.0010221538843521467
164669,0.0005619721166622411
164670,0.001434167862596912
164671,0.0003537438833438786
164672,0.001698115462970537
164673,0.0012254305418596722
164674,0.0005112348849815689
164675,0.0004220222107729401
164676,0.0055271042302396396
164677,0.0040806975759960906
164678,0.007843569522620757
164679,0.0006466685656441322
164680,0.0022621588591537874
164681,0.0017014358943611507
164682,0.0008461786331810553
164683,0.005522889345012175
164684,0.0011601102948102127
164685,0.0005852769842747234
164686,0.0018473117183523584
164687,0.0017645806337561912
164688,0.001199450967597795
164689,0.0004712990694310794
164690,0.0006427085986266297
164691,0.0004888062451552815
164692,0.009474498072824458
164693,0.0007216467918839517
164694,0.0011050331988483797
164695,0.001055115571914322
164696,0.0007738991609396656
164697,0.000631840342827294
164698,0.0005823130367175165
164699,0.0006572393208472524
164700,0.000606161928566977
164701,0.0006088024715458832
164702,0.0006464726534498063
164703,0.0004987691871312774
164704,0.000889900620696246
164705,0.0025566531090124834
164706,0.0033755361761053353
164707,0.0014221569481850998
164708,0.016382447577638095
164709,0.0006841545420703071
164710,0.001561734404766956
164711,0.0021553662669285593
164712,0.00480706622532402
164713,0.00675544876443405
164714,0.0003673287566867511
164715,0.000621993360810105
164716,0.002507527037714473
164717,0.0020950960013750098
164718,0.0006688948353086819
164719,0.0025498108578502483
164720,0.0006586962441067431
164721,0.0005362032859803921
164722,0.0008079347330386472
164723,0.0005404335564368633
164724,0.0008606515468834858
164725,0.0029609310120673926
164726,0.0006476263404768587
164727,0.0005283284198898261
164728,0.0007366098122464495
164729,0.0011476777306751779
164730,0.0016810701690088306
164731,0.0009368700651607305
164732,0.0005945978812765833
164733,0.0007923281624108933
164734,0.0004280176263032854
164735,0.0027731959667929374
164736,0.0032207906028100513
164737,0.0008013478959004719
164738,0.004560267519850748
164739,0.002804110953080241
164740,0.0007306622835968039
164741,0.004701387677777082
164742,0.0008223792398394338
164743,0.0008262794759491849
164744,0.0007108814470951948
164745,0.0004991837745280843
164746,0.0025713517435798218
164747,0.0007405343645674373
164748,0.0008873285596000661
164749,0.010986218949317903
164750,0.005360873569284641
164751,0.000947379633985252
164752,0.0011072524490338405
164753,0.001085444012410036
164754,0.009962034754624738
164755,0.002214443736905866
164756,0.001191535777480243
164757,0.00030416953450955106
164758,0.0007224865414527358
164759,0.0004496839848746753
164760,0.0004998259067302144
164761,0.0005370280286493433
164762,0.0024768726563811827
164763,0.00048389262756991095
164764,0.013061040228206911
164765,0.0006579671214862236
164766,0.000756357943213364
164767,0.004830138816230492
164768,0.0008771785745462725
164769,0.0012351306113670127
164770,0.0016366179124064492
164771,0.016256450734709393
164772,0.030596290479172013
164773,0.0016986916443551881
164774,0.003529425632701063
164775,0.0007956062823023205
164776,0.0004171318798929881
164777,0.0005138780603916348
164778,0.000668655479154911
164779,0.004169749518906812
164780,0.0005370476023287682
164781,0.002586934462756366
164782,0.0031145307047357415
164783,0.005640567716766019
164784,0.0005137768792205823
164785,0.0008205470507132022
164786,0.000656951870756718
164787,0.0021677261083329936
164788,0.0006416601309761969
164789,0.005152837424817687
164790,0.0004940060617891003
164791,0.0008420594055589593
164792,0.001013742336404986
164793,0.002781164382537161
164794,0.0004804821145532663
164795,0.0004979814152193694
164796,0.006440861255304265
164797,0.0006082622802535424
164798,0.0007052698957336046
164799,0.0006683718283273543
164800,0.006870040303426049
164801,0.0007668626669792481
164802,0.001135065978715615
164803,0.000473053767312991
164804,0.0005932473540761267
164805,0.9817762543912136
164806,0.0009531646260849608
164807,0.0007473235398820044
164808,0.0012776747805907196
164809,0.0034385391705511847
164810,0.0013789880402224428
164811,0.0009484267477080292
164812,0.007448984848375668
164813,0.0005171267687544138
164814,0.0004756721296158104
164815,0.0015582840873537979
164816,0.007692156569163191
164817,0.00431869815099605
164818,0.0006201166800592746
164819,0.009510131788760933
164820,0.0006040664925502949
164821,0.0006250096779196698
164822,0.0036338420522649675
164823,0.004702635970669655
164824,0.000548192327410089
164825,0.002434720218449324
164826,0.0007585271833271208
164827,0.0007486994964855969
164828,0.0019447134307301892
164829,0.0019243504813736094
164830,0.0006618444904287341
164831,0.002313358815892285
164832,0.0365031936992499
164833,0.0005117653149733909
164834,0.0012636330227758273
164835,0.0008392645685972317
164836,0.0008827256463508483
164837,0.001989160078359741
164838,0.0004208632163007102
164839,0.000639811135816797
164840,0.0019246006800056384
164841,0.0006301339129810221
164842,0.0010910732294970931
164843,0.0022454871582683004
164844,0.0005837934163532278
164845,0.014125397002981759
164846,0.0008312450501809539
164847,0.004310573007404079
164848,0.0006950284596056603
164849,0.007740817569502319
164850,0.0006304109945647379
164851,0.0014108080397430998
164852,0.0008051569980553945
164853,0.005826178866618771
164854,0.0007952076952338985
164855,0.0006590485764071149
164856,0.005471052897475907
164857,0.0033358837273382872
164858,0.0006078420044256659
164859,0.0005190970959150195
164860,0.0009715481517752411
164861,0.004009647364166131
164862,0.001216071709147581
164863,0.008067975722334418
164864,0.000686614574270168
164865,0.0009494289627395043
164866,0.0005857059317494408
164867,0.004327743316100075
164868,0.001133406056802509
164869,0.0015544764826387178
164870,0.0011207080920281696
164871,0.0013719037925818104
164872,0.0005867526191721365
164873,0.015798870884297603
164874,0.000710192158463932
164875,0.002999268152319343
164876,0.001938979517974497
164877,0.0011080311924378228
164878,0.001530763609428343
164879,0.009352375071277261
164880,0.0009230497540821528
164881,0.0006237703716060179
164882,0.20405627163517195
164883,0.003561946718472437
164884,0.0004852765768349532
164885,0.007281510682577213
164886,0.0036590001764081623
164887,0.0004543237118405074
164888,0.00045528695658293147
164889,0.001347668275742255
164890,0.0005200664685653302
164891,0.0011399280896441108
164892,0.0015704918477873688
164893,0.015931209260250198
164894,0.0006526981206575078
164895,0.0009579347853543155
164896,0.0005697846027285404
164897,0.0011042544791986055
164898,0.0006645963151916131
164899,0.0015519025028696088
164900,0.002562130057247555
164901,0.0005981399309895844
164902,0.0005571999659601359
164903,0.0005743053318562349
164904,0.004733148364363627
164905,0.010905052313347242
164906,0.0017544139233777387
164907,0.003493093513107317
164908,0.0007647933645863181
164909,0.001348874995394912
164910,0.000454628501717471
164911,0.0015524229109275675
164912,0.0006498237679498532
164913,0.0005927032288246021
164914,0.000633750165581317
164915,0.0009010559095784705
164916,0.001065685102893099
164917,0.0005345931409113789
164918,0.000721884094299877
164919,0.004305505227883777
164920,0.0005280732415566904
164921,0.0007316066986844273
164922,0.0006089148584398565
164923,0.0008986101900425893
164924,0.0007186858939561404
164925,0.0013219370849817742
164926,0.0006066128877349924
164927,0.0004960309669606902
164928,0.002967143950245274
164929,0.0010283727887166428
164930,0.004771555684682657
164931,0.9298337872037753
164932,0.0022700246882094563
164933,0.001344692160678836
164934,0.0009205983020878681
164935,0.001509553152401549
164936,0.0013581425151493948
164937,0.004059896411529863
164938,0.002752780284807484
164939,0.0006939212989123492
164940,0.0007822454828994044
164941,0.0023411814430624074
164942,0.01206448957000039
164943,0.0009420193522628008
164944,0.001992736341790078
164945,0.20091757014693265
164946,0.0005352807295867764
164947,0.0010101510617997063
164948,0.004666540302909673
164949,0.004042876211123216
164950,0.0006045459573158579
164951,0.0015084940654825037
164952,0.000807052478734102
164953,0.0010440584718795377
164954,0.0004806927843497102
164955,0.0022081496031766145
164956,0.006852075010705566
164957,0.0006044514450114635
164958,0.0008206913160296505
164959,0.0022867894558453983
164960,0.0019529447015316417
164961,0.0008041715208764558
164962,0.0009502703030581513
164963,0.0007904856895376751
164964,0.11991006619267595
164965,0.0006988242784096356
164966,0.0010634361937268762
164967,0.00964877654285917
164968,0.004329240939998204
164969,0.0005549661064464936
164970,0.0005840353364259898
164971,0.0005480151989516802
164972,0.001703100885302451
164973,0.002305911416571921
164974,0.007655579811098533
164975,0.0006435307244912033
164976,0.006689114907996872
164977,0.000629226888548802
164978,0.0013604369186677398
164979,0.02003687517202259
164980,0.000930423568864181
164981,0.0018900783949905887
164982,0.0005304611641582862
164983,0.0024244026013383307
164984,0.0006438840185328952
164985,0.00786528077745452
164986,0.0009364580370137515
164987,0.002475809205260902
164988,0.003926899109975103
164989,0.0005640746950903863
164990,0.0007701521761610576
164991,0.0005937459531446701
164992,0.0009188171604233579
164993,0.00102619759762731
164994,0.0007877235165971975
164995,0.0018992788061609595
164996,0.0005137340453300759
164997,0.0007588710654920822
164998,0.001008914555536931
164999,0.008899897633647964
165000,0.0023373689632565815
165001,0.0010168442186261045
165002,0.0007059886046310183
165003,0.0012742845912449596
165004,0.0005441129887788045
165005,0.00447602854531034
165006,0.0006273756397700838
165007,0.0004320096679554644
165008,0.0007116662963256615
165009,0.004141555398951613
165010,0.0005314282572004584
165011,0.001192260150391466
165012,0.0006796584715014118
165013,0.0008031406217126003
165014,0.0004540736883087438
165015,0.0011238977707939812
165016,0.004578617029652754
165017,0.0007532663489849001
165018,0.0007768496258767168
165019,0.001894788827294255
165020,0.2011697762659401
165021,0.00042750468822208684
165022,0.0009098294692854716
165023,0.003842491104769816
165024,0.01905482087954935
165025,0.0008398878901785113
165026,0.0008643811673216563
165027,0.0008148690067838382
165028,0.00497592507426385
165029,0.0004748266696290329
165030,0.0010268589319482246
165031,0.001663555197266076
165032,0.004586297492735128
165033,0.004520160667500536
165034,0.0012971192207317077
165035,0.0004354243832613247
165036,0.0003857175782466134
165037,0.0006572962939915525
165038,0.002702266736552832
165039,0.0004955439101013478
165040,0.0024061628573934513
165041,0.0007628894992891906
165042,0.00047515153389900947
165043,0.0004263381036894166
165044,0.0006824659465625661
165045,0.0010383326813513734
165046,0.0012702266963467953
165047,0.002099312048871549
165048,0.002667020510158751
165049,0.002939061549834729
165050,0.001064519991888379
165051,0.0007725772045352687
165052,0.21012618568675157
165053,0.0005394161408676242
165054,0.00294819528396957
165055,0.0011378347039679433
165056,0.0018816144138254073
165057,0.0011433626997961605
165058,0.011081022361167004
165059,0.00046201662025073173
165060,0.007567172079762622
165061,0.000881870507526001
165062,0.0009952831422904965
165063,0.0007341890424711744
165064,0.0022266455436337922
165065,0.000634580438795359
165066,0.004574419123626648
165067,0.0016941855621841633
165068,0.0011288815404939384
165069,0.0007221974900446988
165070,0.0007268576689595002
165071,0.00042579161598779307
165072,0.0007351909352542366
165073,0.0004931880721110152
165074,0.0013959891931485243
165075,0.0005522693077307263
165076,0.0044421326644992435
165077,0.00624747263615994
165078,0.0009523927514178697
165079,0.003504869829760373
165080,0.0012137165756681738
165081,0.0037280877810598636
165082,0.0009428685997526103
165083,0.0016922940020996989
165084,0.00047728369286433904
165085,0.0038113944634081184
165086,0.002652301616979564
165087,0.005559579433784419
165088,0.0006143483922950099
165089,0.0005461106599073567
165090,0.0020504192273734876
165091,0.0012794740009755715
165092,0.0007374480371381297
165093,0.0007747062096383938
165094,0.0003824657516161205
165095,0.0006265019958556912
165096,0.002846189032022696
165097,0.006412513846318085
165098,0.0010159290699912928
165099,0.0008789140758142083
165100,0.0006029688336871476
165101,0.0005125056698894654
165102,0.0004015466083516674
165103,0.0036144176993944295
165104,0.0006371479339631058
165105,0.0004912416561645013
165106,0.0006095853324775064
165107,0.001369699145335496
165108,0.010454710210317256
165109,0.0008187864988445255
165110,0.008857395509930845
165111,0.0005312157919408806
165112,0.002271958778659754
165113,0.0006911748655720976
165114,0.001883203557380963
165115,0.005432823686040082
165116,0.00035735823855026776
165117,0.0008665055431038716
165118,0.994876973362401
165119,0.008124581264399064
165120,0.0008826203779070878
165121,0.0038691758821750087
165122,0.012487156574354473
165123,0.02486977389478637
165124,0.0007815045256463172
165125,0.0006900651022893329
165126,0.000585520268257708
165127,0.0004894265635907783
165128,0.0017616414420489565
165129,0.0011285111728618895
165130,0.0007375310994264591
165131,0.004125645034349692
165132,0.0017137479536778028
165133,0.0006029850795500377
165134,0.005998418482990901
165135,0.0038426033491831845
165136,0.0006959957835207126
165137,0.014096987877713567
165138,0.0007260074071882073
165139,0.0006706744103874883
165140,0.0008796834713720755
165141,0.0009298688756084561
165142,0.0004424272968317721
165143,0.0037570203327555686
165144,0.0005496925998848812
165145,0.0007622429785740305
165146,0.0005553343843732807
165147,0.0005511457057189643
165148,0.008230944686767489
165149,0.001484322569978639
165150,0.00041369292948433836
165151,0.0012113669147106774
165152,0.000901712690779904
165153,0.0010825380957436173
165154,0.004703546202101278
165155,0.0014822275597327443
165156,0.0012593462730230453
165157,0.00202240305398184
165158,0.004648366655457271
165159,0.00153625161045406
165160,0.0008117442010905857
165161,0.0010215892613609323
165162,0.0010160400554829767
165163,0.0005900516554857829
165164,0.0007222835847127484
165165,0.00039815689274776963
165166,0.0006072713021834165
165167,0.0004743446932460357
165168,0.0014070151281413098
165169,0.0008087806018603769
165170,0.002403282006362845
165171,0.0009951436296594023
165172,0.0005446211633956916
165173,0.001454771197197843
165174,0.0009229187655111796
165175,0.002364634470568219
165176,0.0004607705203817838
165177,0.018073109943864768
165178,0.0006511971776077754
165179,0.0005698001515563022
165180,0.0037218100592186255
165181,0.001218067002769337
165182,0.00068479665396989
165183,0.000499840800904355
165184,0.0019270152093425078
165185,0.000901076665396116
165186,0.0006054578689103811
165187,0.0011552417279334047
165188,0.002305181408656729
165189,0.0008145068622820231
165190,0.0006979988212653895
165191,0.0009791316645369895
165192,0.002712922599791127
165193,0.00100522528707176
165194,0.0006501782406311768
165195,0.0010691724231367606
165196,0.0008560760746204904
165197,0.0006882706217149392
165198,0.0015129309787541168
165199,0.0009532133496925033
165200,0.0032729596745768455
165201,0.0017504263240215386
165202,0.0005429904877457313
165203,0.0009487629614721379
165204,0.0021156436859892935
165205,0.001972241805203526
165206,0.0017293959677549741
165207,0.008502912541237728
165208,0.018128095005402998
165209,0.006441385647785991
165210,0.0048231949873386295
165211,0.0005679051520760444
165212,0.0012764321093466943
165213,0.00044432488225554776
165214,0.0006697341702089448
165215,0.0007980518441490954
165216,0.0018231169922874992
165217,0.006173166406075775
165218,0.0006413288608293894
165219,0.0007029398417614231
165220,0.00032183004313018784
165221,0.0007675582104890558
165222,0.0011626168577023915
165223,0.0014871484863518655
165224,0.0017879385712622866
165225,0.0030970463668701367
165226,0.000686464720027945
165227,0.004744808815504258
165228,0.0008445260488694649
165229,0.0031088215622874175
165230,0.00105696427629174
165231,0.0036059343693283555
165232,0.002668961132041012
165233,0.0008593672723041235
165234,0.0016881557338900516
165235,0.0005329169794468327
165236,0.0004700180437671413
165237,0.0006083720617028718
165238,0.0005210764861473628
165239,0.0006579191823961815
165240,0.000945689406011919
165241,0.0005347501688363105
165242,0.0010115145900138156
165243,0.0005851805099263369
165244,0.0005803001430497682
165245,0.0015028288250420597
165246,0.0013657192583182392
165247,0.0028023818974341657
165248,0.0010777442063480006
165249,0.0012780892828921167
165250,0.0006308324147505614
165251,0.000624029476298612
165252,0.0006251705178521099
165253,0.0011711862809592453
165254,0.0010539913630118831
165255,0.0008508109046196075
165256,0.0038185967697726307
165257,0.0022233241245515458
165258,0.0007427986238900756
165259,0.0009242828424780916
165260,0.000556653292960813
165261,0.0005706606472932145
165262,0.0005229246806364341
165263,0.002457848897424591
165264,0.0006247217090034965
165265,0.000994557066719361
165266,0.002846034869253811
165267,0.000525240662461432
165268,0.002129515041295928
165269,0.0009685160430864665
165270,0.004090747014537353
165271,0.0013119861939493483
165272,0.0008472624364296394
165273,0.0403104395605658
165274,0.0005114966305575066
165275,0.001571957361152618
165276,0.002207386890236545
165277,0.0009680065794244603
165278,0.0016583782523802103
165279,0.0013491933493086153
165280,0.0033679349656255807
165281,0.003930125745709455
165282,0.0004384477070527895
165283,0.0012632688775213261
165284,0.000523038883086014
165285,0.00047194578357794595
165286,0.0006247644872202291
165287,0.0006878324170595939
165288,0.0007540547402283454
165289,0.0010431075932053097
165290,0.0012361902045953418
165291,0.000594136906822292
165292,0.0005496050681035885
165293,0.017799163075752834
165294,0.0015879298182771354
165295,0.004905509620095802
165296,0.0006268149023163638
165297,0.0008755519127703309
165298,0.012580764613677825
165299,0.0019394585340191282
165300,0.0008439244479181428
165301,0.0016827025752445633
165302,0.0004249156258678382
165303,0.0006353971506118251
165304,0.0021824031493840887
165305,0.0010489540814253061
165306,0.0022434892378785784
165307,0.0006750292516885827
165308,0.000841779400149445
165309,0.0007721455901077102
165310,0.0011204237218511146
165311,0.0009102917530029284
165312,0.0009561917189419744
165313,0.0009829959693570872
165314,0.0017387161767755729
165315,0.0006164986199743297
165316,0.000981449364094029
165317,0.0020340668818192753
165318,0.0008544367840458365
165319,0.0009271660299003446
165320,0.0004889832376482883
165321,0.0005958779375272347
165322,0.0005992428925261381
165323,0.0019323827362181661
165324,0.0025363704647773837
165325,0.0008642333018297884
165326,0.0007057017412697175
165327,0.0074611100045742
165328,0.0006932478355728717
165329,0.000524726131809233
165330,0.009589409430438567
165331,0.0016038194322219377
165332,0.0010621589843372093
165333,0.00038145072099237054
165334,0.0005004292155319287
165335,0.0007016242895804024
165336,0.005782492233102947
165337,0.0037642346247876253
165338,0.0005562935994254401
165339,0.0007144676147421991
165340,0.006213226280256262
165341,0.0007124399017658381
165342,0.0004984193873347311
165343,0.0005676507202614575
165344,0.0013062774916891436
165345,0.004250236312047322
165346,0.0014000157080968339
165347,0.0030476608924734985
165348,0.0007707302544756348
165349,0.0006058303105952506
165350,0.0008910059856145809
165351,0.010498643598355981
165352,0.04028198616109138
165353,0.0018573856654902823
165354,0.0004873212466765977
165355,0.001091240811868186
165356,0.0009248988358845771
165357,0.000974891074262344
165358,0.0005252354901596606
165359,0.002100539237839214
165360,0.0015887624223136173
165361,0.0016496114688442894
165362,0.001639349497937101
165363,0.003880340880970649
165364,0.005298350591355407
165365,0.0006442683212930632
165366,0.0004680755977815737
165367,0.004394870481994892
165368,0.0005001848991865411
165369,0.0010927550488961965
165370,0.0011205033651793773
165371,0.0007198575349500766
165372,0.9912143804051294
165373,0.9981045114542851
165374,0.0015878514682031815
165375,0.00709879915909277
165376,0.0013782840170503629
165377,0.0005271161931305644
165378,0.0007295689484474309
165379,0.0004322764879477305
165380,0.0012512076458558482
165381,0.0006156650429710791
165382,0.0016816363545346645
165383,0.0019082325126907925
165384,0.0016055372232934052
165385,0.002002091094912364
165386,0.002977048461871498
165387,0.0023867684370270205
165388,0.0037723474735944116
165389,0.0007856284806984732
165390,0.0025914971848413305
165391,0.0006474364432330662
165392,0.0014927310084927286
165393,0.0007040685078523527
165394,0.0004888188014837935
165395,0.0023171248281018625
165396,0.0006204255035966414
165397,0.001408834469648099
165398,0.0008281727287810627
165399,0.01265870668784182
165400,0.0004754719229103192
165401,0.0020911854360408386
165402,0.0064216125224104414
165403,0.0007551629112859048
165404,0.000702366757066829
165405,0.000602191881174781
165406,0.0005765031387032439
165407,0.004781653923095637
165408,0.0006252538802152378
165409,0.000970499402839961
165410,0.016591783701487575
165411,0.025280516844101014
165412,0.0007638772513837913
165413,0.0019666951921300476
165414,0.001311179414752501
165415,0.0021799230390215844
165416,0.0007328629593616677
165417,0.0006796058047115507
165418,0.0006399667331432607
165419,0.0008311823799360696
165420,0.0008368951415957087
165421,0.000774208841235852
165422,0.006110891206049287
165423,0.0009834338270547295
165424,0.001260810297539272
165425,0.0013778972999465683
165426,0.0006655721595183893
165427,0.0006761068682731779
165428,0.0006270989068311233
165429,0.0010510496197090108
165430,0.0004690331411590194
165431,0.0013144705231858736
165432,0.0005032772273791348
165433,0.0017707539417332193
165434,0.016145662101689454
165435,0.003453907777938569
165436,0.001533045075058674
165437,0.0005580005822038556
165438,0.000686050877954595
165439,0.0007207952201633432
165440,0.20057450943843183
165441,0.0014741331223110904
165442,0.0007016454369408373
165443,0.0004388615804663047
165444,0.0016721741224376126
165445,0.0007887088477707349
165446,0.008778859300324189
165447,0.0029080115109009173
165448,0.004381923676723749
165449,0.003136130765488607
165450,0.0006057480670542658
165451,0.004289904414414512
165452,0.0006552437553158109
165453,0.000491312209534099
165454,0.0007888068982357587
165455,0.006690003036535937
165456,0.0019826589612560947
165457,0.0006146811252075182
165458,0.0005710016010111335
165459,0.0009469888579776388
165460,0.0016251952836784222
165461,0.0008289544371937787
165462,0.0013036643729012988
165463,0.00393386180586076
165464,0.0005195176294386034
165465,0.0009738723162411741
165466,0.0005862411194489627
165467,0.0017676463184616228
165468,0.00523013776183839
165469,0.0007480854679672919
165470,0.08033252616206697
165471,0.0010407527157290845
165472,0.006076050840970243
165473,0.001097439295810487
165474,0.0005149550484566866
165475,0.000712946974590433
165476,0.0005264733847844896
165477,0.0007600081338228308
165478,0.0025011593568448915
165479,0.0014044258897562619
165480,0.000976609319899144
165481,0.0009988468645577683
165482,0.005921829102517968
165483,0.0009402738225943499
165484,0.0004560506528098607
165485,0.005115491949280391
165486,0.0010567257114222506
165487,0.000503176458195409
165488,0.015094281893571562
165489,0.0011004218926909397
165490,0.0018121726710279705
165491,0.0005013146538365789
165492,0.014298478435838934
165493,0.0006270789307703744
165494,0.00034525413501790243
165495,0.0009637345561933731
165496,0.000881248196090715
165497,0.00041308967608456296
165498,0.001712724063539207
165499,0.0004861637316581433
165500,0.0043621114205704675
165501,0.002274248456558282
165502,0.0012517176486539616
165503,0.005546234072145802
165504,0.001255322236536382
165505,0.0008747974492566671
165506,0.0007744872773779264
165507,0.0013674674832974605
165508,0.010234340237758915
165509,0.0010045139286272878
165510,0.0013546565288643634
165511,0.006234173610026154
165512,0.009385345560480273
165513,0.0027519626645054938
165514,0.0007986765043096681
165515,0.013000521552018942
165516,0.0014857278155089788
165517,0.0008079379187621351
165518,0.0014768127276141973
165519,0.0004847646849190676
165520,0.0007234481712356281
165521,0.0007567089275778503
165522,0.0009180260280343552
165523,0.000444190677212375
165524,0.0005117432426438191
165525,0.0005849371193623223
165526,0.0025686799000293817
165527,0.0007863897263983602
165528,0.0010768395890803366
165529,0.0005925713656787064
165530,0.0008543309976586725
165531,0.005309011987721144
165532,0.1538100486862992
165533,0.0013196013743654166
165534,0.0010847574787099879
165535,0.00505063432654131
165536,0.0006558794147564071
165537,0.0034147509893295235
165538,0.002023091768953305
165539,0.0012312951396308914
165540,0.0007371010828191209
165541,0.0034453715695510695
165542,0.0011036439052351536
165543,0.012439101226496416
165544,0.00972480070156847
165545,0.0005297993168427994
165546,0.0009123865792486135
165547,0.0005929506005261562
165548,0.0007954961755671573
165549,0.001057633738844633
165550,0.0019722913355543293
165551,0.000585567097173199
165552,0.0004666821669170033
165553,0.0021859649465730186
165554,0.00034682623172027773
165555,0.0028275802943026258
165556,0.0009000826224059458
165557,0.0022257930175049977
165558,0.00048544573159118643
165559,0.0005818094211130474
165560,0.0037045391128834077
165561,0.001486639505828689
165562,0.0005389198375302818
165563,0.0005923534005651926
165564,0.0010330736947959404
165565,0.001398497601977859
165566,0.002603888544028197
165567,0.002476822186738852
165568,0.0008769555897886999
165569,0.0013477986482484591
165570,0.001681579831931803
165571,0.0008325261892237096
165572,0.0023554122233549633
165573,0.0016736453301366056
165574,0.0007133941703609463
165575,0.0007651792412637628
165576,0.0006929908355159166
165577,0.004168274695356694
165578,0.0010239484254562256
165579,0.0035260502937119933
165580,0.0019518518040056313
165581,0.0020308787370809907
165582,0.000496224120621573
165583,0.002135015694189311
165584,0.0007842318316715656
165585,0.013905679933708066
165586,0.0013930097698538926
165587,0.0007787814647042697
165588,0.02720283267210733
165589,0.0007266589130662967
165590,0.004200589298514309
165591,0.010158992261581604
165592,0.0010552481392274566
165593,0.0019770919949976848
165594,0.0018611862731158337
165595,0.0006260517562300299
165596,0.007362473269925097
165597,0.000513762378714025
165598,0.001073818626956288
165599,0.0008230401145058719
165600,0.003046019329744796
165601,0.0008579792629219897
165602,0.0031849876889564477
165603,0.0008604288515295692
165604,0.000774563856772158
165605,0.00129929281195848
165606,0.019438681993223475
165607,0.0005883774648502933
165608,0.000625010900123799
165609,0.001379414462823251
165610,0.0007019196003173694
165611,0.012326452701067279
165612,0.0007088425913647472
165613,0.0007431484523268792
165614,0.0023545106379318937
165615,0.0005328305513466788
165616,0.002301579046554761
165617,0.0024391688224230912
165618,0.000982651843730019
165619,0.0006049357932788753
165620,0.0007650709493058896
165621,0.0032230080676582916
165622,0.00062063226025769
165623,0.0006036813311841635
165624,0.0006110767368861127
165625,0.0025810922407676646
165626,0.0011676246331263666
165627,0.0016684418735637497
165628,0.00455669267785648
165629,0.0017507147075932318
165630,0.996067780619161
165631,0.0015322741077567663
165632,0.0005344840032179622
165633,0.000742413634817047
165634,0.0006250737976339134
165635,0.013994528070568907
165636,0.0023298972123033217
165637,0.00048390377508453436
165638,0.0006252897391892584
165639,0.0008407824698099219
165640,0.0007988799340588469
165641,0.000827526528037762
165642,0.0007211581744965305
165643,0.0012411896273940588
165644,0.0009081560653807209
165645,0.0029425823304126213
165646,0.001657035546658398
165647,0.008369085325747455
165648,0.0007628157550785826
165649,0.0007373661862143826
165650,0.0015656367671744776
165651,0.0013320219479540664
165652,0.0007375032245938813
165653,0.004100636675642156
165654,0.0010416451872157372
165655,0.0033933609917503093
165656,0.0007543943553740239
165657,0.0009258053615987563
165658,0.0017472394204134673
165659,0.0005729641845771277
165660,0.002711274683571448
165661,0.0008596761954321751
165662,0.001375959079073313
165663,0.0005382688599433374
165664,0.018412035286393433
165665,0.0021791570961713054
165666,0.0012873897525446697
165667,0.0007830321428192678
165668,0.0006765728876677998
165669,0.0006852199579103498
165670,0.006062396739677179
165671,0.0019624863294170603
165672,0.0007817842053760885
165673,0.001222675193132501
165674,0.004218610112176649
165675,0.0012330742634221515
165676,0.00796012534175165
165677,0.0010505466011486578
165678,0.003434286858965356
165679,0.001345368344792095
165680,0.002077902909691388
165681,0.0009633505214150261
165682,0.0006548474408664621
165683,0.0008568351575120169
165684,0.0022117572361552706
165685,0.0015884807882386954
165686,0.001060098621939383
165687,0.200937768257314
165688,0.0011203618173475263
165689,0.010005173840288737
165690,0.0004814075455851955
165691,0.0010463627936405082
165692,0.0006065510215452444
165693,0.040823013962201796
165694,0.0026869662038148173
165695,0.0017926551802208623
165696,0.0014876738874968734
165697,0.005780229102178331
165698,0.0013231378660870665
165699,0.0006416227088437781
165700,0.0016836316064064935
165701,0.011485636821149196
165702,0.00048237111295986156
165703,0.001462004163947891
165704,0.0018836291411440359
165705,0.0015200737233848653
165706,0.0011579409894672756
165707,0.001243722777995521
165708,0.0006753855299682261
165709,0.0005403978657633335
165710,0.0005147294494082682
165711,0.0006693044636499675
165712,0.0006413424055789995
165713,0.00047870099944663866
165714,0.0013018752450923569
165715,0.005751304126866806
165716,0.0008620485629687836
165717,0.0008556500583469152
165718,0.0012369611291156457
165719,0.0011677165379198927
165720,0.0005938462535752733
165721,0.0008446687857522147
165722,0.0006154868632411051
165723,0.00961827178330919
165724,0.0007835283417446277
165725,0.009810091651093297
165726,0.009658708652461004
165727,0.0006287539299986448
165728,0.0009264837898785778
165729,0.001799439531027524
165730,0.0015536032917553093
165731,0.0018190888313126914
165732,0.00037680405723900526
165733,0.015795042330645714
165734,0.0005782816143380036
165735,0.0037456822783558273
165736,0.0008850259028323191
165737,0.0009982332766756267
165738,0.0003982987894685535
165739,0.020506236309476136
165740,0.0011474211475748035
165741,0.004206000936644737
165742,0.0006579177441531148
165743,0.0008966654914515986
165744,0.008465551957731363
165745,0.0007953765584663417
165746,0.0005351612083715532
165747,0.0005147045534619097
165748,0.0018947919201857703
165749,0.0006307654593181389
165750,0.0012334208987757858
165751,0.001060499770183675
165752,0.0018635516257356367
165753,0.0021979454848828316
165754,0.0005644460085298274
165755,0.0008257710773215709
165756,0.0009995950176629033
165757,0.0024392275134775395
165758,0.002009550488518067
165759,0.0025852377991220778
165760,0.003019251878080801
165761,0.03271572795208498
165762,0.00453808423738413
165763,0.010017059405053678
165764,0.0028341160509817594
165765,0.0014940321554564406
165766,0.0009041566070937361
165767,0.0018697456818087058
165768,0.0016225296817686213
165769,0.0011822639285845277
165770,0.005674449792091956
165771,0.014303399379406067
165772,0.0020660300805269167
165773,0.0005348448431203092
165774,0.9965433819764917
165775,0.003243941689568741
165776,0.0011111893597843083
165777,0.00095801376607736
165778,0.0011690493742078365
165779,0.0008494244697930548
165780,0.0009576439773764226
165781,0.0004718644948161545
165782,0.0024651004600597763
165783,0.001530981145216446
165784,0.001668332607986149
165785,0.0035165748575240402
165786,0.006791381362629996
165787,0.0010640628446407494
165788,0.001966040926702449
165789,0.00047691667561507287
165790,0.0003612603176195924
165791,0.0009872760980489358
165792,0.008246931707021694
165793,0.0007808503086482827
165794,0.0004716781587638145
165795,0.0006273830221806871
165796,0.9972995964080846
165797,0.014644662896463663
165798,0.006384512870322314
165799,0.0007310307706004292
165800,0.0006015064614412424
165801,0.0007295153476767405
165802,0.0006963849841956093
165803,0.0009098344865489118
165804,0.9969657616819736
165805,0.0005934090618247227
165806,0.001320632269692136
165807,0.0006514411100041902
165808,0.0004501802600486534
165809,0.0010614739673635138
165810,0.0035162132417091724
165811,0.001285137198529866
165812,0.0004579763100781534
165813,0.0033547993834262433
165814,0.0014806194457100672
165815,0.0007423157359328317
165816,0.0008645228570308004
165817,0.0010436118318020628
165818,0.0072909565378804515
165819,0.0009960134070413189
165820,0.0019892436156600567
165821,0.0013028077665418454
165822,0.004748452584208349
165823,0.0011853071014691222
165824,0.019339169155223053
165825,0.0034565643380944835
165826,0.0004379194992067086
165827,0.0021266364725615623
165828,0.0008669232448670185
165829,0.001787062705143146
165830,0.003725263677668168
165831,0.002674579335045322
165832,0.0015738329712961584
165833,0.000714001693368488
165834,0.0010720063991483527
165835,0.02590045376842405
165836,0.0006255811210670979
165837,0.006698081471974019
165838,0.010665286435669774
165839,0.0005905301193231921
165840,0.006732450265606638
165841,0.0020128743686775516
165842,0.0030019739424522146
165843,0.00169359304038678
165844,0.0010509479243353374
165845,0.011435064893502
165846,0.2003498087027091
165847,0.004800199829467545
165848,0.0007451707273862956
165849,0.0007845249518546685
165850,0.00043855306193310746
165851,0.00140650607292616
165852,0.0021157120918022143
165853,0.006466303952075564
165854,0.0009707877375181673
165855,0.0004573096580299793
165856,0.001749607046759436
165857,0.9947848102596091
165858,0.0011096387686637867
165859,0.15065468572055085
165860,0.0004135482045026864
165861,0.000900090432830971
165862,0.006741328041779659
165863,0.0008552024602600778
165864,0.0029402289125271064
165865,0.0005671462449115611
165866,0.0007961608276850766
165867,0.00036958632910647377
165868,0.0008621967386170619
165869,0.000493832305518888
165870,0.011411204528338435
165871,0.0020798334146551506
165872,0.000667510174283864
165873,0.001085790035734733
165874,0.001856911161894632
165875,0.0015468615418192974
165876,0.000894576630631166
165877,0.0006099954291552342
165878,0.0008123348177399678
165879,0.0007033489417276038
165880,0.01489811955135472
165881,0.0009805462430169595
165882,0.009153622253106512
165883,0.003649451094337424
165884,0.0006605050351694591
165885,0.0011572188132571153
165886,0.03400299229109604
165887,0.000821920764754445
165888,0.0027914657390779073
165889,0.0004472303028985959
165890,0.003087948925746443
165891,0.0005593760936575466
165892,0.0031995295152171255
165893,0.008429636751257458
165894,0.0005541674301700132
165895,0.000941803557576395
165896,0.0007824780059126285
165897,0.0005014079124862443
165898,0.003089429703478013
165899,0.003959898870087046
165900,0.0011736658217194784
165901,0.0005529591280153674
165902,0.08290257169602169
165903,0.000615869032911261
165904,0.0007400670854210572
165905,0.0008276226405702274
165906,0.0007647178789250322
165907,0.0018916983854535758
165908,0.0016571490602575608
165909,0.0026554362281222773
165910,0.0009766790748309405
165911,0.0029926276686532954
165912,0.0005743454015925987
165913,0.001418078548610088
165914,0.0008218313423529669
165915,0.0007890462606260386
165916,0.004189870139610601
165917,0.000620073464567914
165918,0.0007743730616166715
165919,0.0036650644453614586
165920,0.0030822935981363628
165921,0.001880677221679462
165922,0.005032611649827054
165923,0.0006791536962852101
165924,0.003242475239937001
165925,0.0005610774332736209
165926,0.0033668068385131105
165927,0.0012653891068112055
165928,0.0007179899821878409
165929,0.0007238046135118182
165930,0.0009864120288745734
165931,0.00043881075955008275
165932,0.002066467251989313
165933,0.0006164495641191704
165934,0.0006797094586665802
165935,0.007100733182789061
165936,0.0015744724100799903
165937,0.0003808512506332998
165938,0.0006064688268067884
165939,0.002098216424988979
165940,0.0010318546153051942
165941,0.0012349138486269816
165942,0.0005419861139126396
165943,0.0028534353797571342
165944,0.0037769539868360877
165945,0.0005741826066822291
165946,0.006197215614472351
165947,0.12033344085218778
165948,0.0026428033897607276
165949,0.0006221235556308832
165950,0.0008105610988073639
165951,0.0007326545952829389
165952,0.0011287735200380205
165953,0.0007972751669194777
165954,0.0008661171018039524
165955,0.0005066590319437248
165956,0.0008994914701336522
165957,0.0031335367897751603
165958,0.0005379733891654579
165959,0.0005754544555611712
165960,0.0005069404614608929
165961,0.004615151974795847
165962,0.0010405958323271981
165963,0.0008587171935902703
165964,0.0007228593594455875
165965,0.0020319575253013814
165966,0.0004631587676442324
165967,0.001670706293431317
165968,0.000638068813079189
165969,0.0006647172217643511
165970,0.003789043995995732
165971,0.00204745392328214
165972,0.0005180575411038653
165973,0.0009632025863784955
165974,0.0015747233771385232
165975,0.0007465402455655561
165976,0.0006364834253682083
165977,0.00033898683049363805
165978,0.970860848732791
165979,0.0005246606138808054
165980,0.0011770335123801952
165981,0.0005950288995948013
165982,0.0010867194619850879
165983,0.0016676945347812908
165984,0.0006750864242298192
165985,0.007683281750400639
165986,0.0008243083321163769
165987,0.003365443659937466
165988,0.0008027245882051234
165989,0.000780104903692216
165990,0.0007020730327192342
165991,0.0007099553115613862
165992,0.002927695576621362
165993,0.000787944340345103
165994,0.0008026023331809753
165995,0.0021418796682977246
165996,0.0005650381423327421
165997,0.0028329264752362075
165998,0.0009550762769577832
165999,0.0009608082651200493
166000,0.0059586170019001045
166001,0.0016046593785155605
166002,0.001870868713114206
166003,0.0016143423015202978
166004,0.008405358752139618
166005,0.0008463484374883535
166006,0.00030126794356414617
166007,0.0008324267875983941
166008,0.0005307954213880032
166009,0.0006438693996252955
166010,0.0015314018464823182
166011,0.001171071395483991
166012,0.0006908964433565879
166013,0.0008450856555353159
166014,0.0029408033954172264
166015,0.0014096387788588864
166016,0.0014982335406257489
166017,0.0032271471203423633
166018,0.0011202138924673666
166019,0.0011089899367551172
166020,0.0028901371855278683
166021,0.0009213749961928099
166022,0.0006613801099848507
166023,0.0029102441644821594
166024,0.0006382192646042948
166025,0.019516681607695548
166026,0.029698383683318976
166027,0.0007640958763589325
166028,0.003253307753493853
166029,0.0034034773275801655
166030,0.0007065067673427949
166031,0.0007612665060458626
166032,0.0022197095164731774
166033,0.0017175219621958903
166034,0.0050954261688009915
166035,0.002735375056595087
166036,0.0030700756600456763
166037,0.0009263187878614152
166038,0.0005812244941610703
166039,0.0037238754697979802
166040,0.0020164637298879092
166041,0.20234152931621774
166042,0.0006903314287562193
166043,0.002446837485904531
166044,0.0009841545926162162
166045,0.00048001494395890124
166046,0.018676236335955134
166047,0.0022928525338517364
166048,0.0006085451933854198
166049,0.00529872791850005
166050,0.0010105777067688755
166051,0.0010806705887712862
166052,0.0012184515276183801
166053,0.0016695873653506713
166054,0.004771918308384717
166055,0.00196823094063765
166056,0.0012054112988108597
166057,0.0013018185034252058
166058,0.0005813139687420735
166059,0.0006200781803741616
166060,0.004461272516409785
166061,0.0031619715028361074
166062,0.0013607032361485083
166063,0.0014103990196400887
166064,0.0032863016739144513
166065,0.0006987065234324355
166066,0.006751597621286971
166067,0.0031687170730141908
166068,0.0005586236028218473
166069,0.0006934079505647215
166070,0.0008565105674973132
166071,0.002983797838284938
166072,0.0007136366647024404
166073,0.0007719283551892902
166074,0.0009716906236099901
166075,0.0006635031156579411
166076,0.0006944745536526868
166077,0.006293200554650955
166078,0.0008199434163865488
166079,0.0219258706609432
166080,0.001484943083480475
166081,0.0009912553489096582
166082,0.0011274626179869252
166083,0.0049471092748612725
166084,0.0007136833316353567
166085,0.09911803158875462
166086,0.000740713363664524
166087,0.0012557543411679938
166088,0.0004621266417529291
166089,0.0006083465527904854
166090,0.000646847146423953
166091,0.0007872323839350577
166092,0.0007437563989316546
166093,0.0011165937909848804
166094,0.0006432193423449737
166095,0.001007325527907128
166096,0.0007426555206800823
166097,0.000731654697947752
166098,0.0004501219412773352
166099,0.0006938741624380255
166100,0.0005689542892030393
166101,0.0009868364896357708
166102,0.0007738359542401295
166103,0.0014791885957680304
166104,0.0020498955901317286
166105,0.0005882845206383995
166106,0.001390549793113442
166107,0.0009171147518411492
166108,0.00041885158882583285
166109,0.0004951280376927617
166110,0.0008490785266566563
166111,0.0006309271905365258
166112,0.0008435115396308141
166113,0.001491328727509057
166114,0.0010119606837634663
166115,0.0007126339897378072
166116,0.01011936487066771
166117,0.000600860598107223
166118,0.00041063016279219237
166119,0.00069183817567302
166120,0.0008996185941152658
166121,0.0010178904569248031
166122,0.0009001789506412525
166123,0.0007090945433601938
166124,0.0008611430869497911
166125,0.006421069092568937
166126,0.001033244803578935
166127,0.0017995598661239521
166128,0.0014649374715687668
166129,0.0007094646898901126
166130,0.00249371026420909
166131,0.0029714376783298666
166132,0.0060634223239928176
166133,0.006389516300989623
166134,0.001237871512319513
166135,0.0038975680788548126
166136,0.003354715740246387
166137,0.0007658967255007264
166138,0.0006457941009162752
166139,0.0006003110469337864
166140,0.000679034215684995
166141,0.009804995802864314
166142,0.0010683539841211914
166143,0.0006621809313185667
166144,0.0004430391879745721
166145,0.0005261538187738403
166146,0.005486696478124935
166147,0.0011521390347304923
166148,0.00041437012990804537
166149,0.0012801606535940055
166150,0.0009371806217675905
166151,0.0006302477221335327
166152,0.9610708481894706
166153,0.0006353845404974556
166154,0.0008301242569736487
166155,0.000680227025585949
166156,0.0010004681394785555
166157,0.0034549197646867587
166158,0.0027775170167408498
166159,0.0013763433185254637
166160,0.0010331802651387643
166161,0.004332433684638716
166162,0.004450325170967327
166163,0.0005932162365027886
166164,0.004043722044235962
166165,0.0009324386999115624
166166,0.0007361711793888173
166167,0.0011472017143278846
166168,0.0008420399017468974
166169,0.0008087799994249481
166170,0.0016152346412401496
166171,0.0010182643141982536
166172,0.0008111060952931579
166173,0.006092942689740609
166174,0.00043988888422426595
166175,0.0006987152510878787
166176,0.002892642193682512
166177,0.004417717845906596
166178,0.005034535185697178
166179,0.005371855929790793
166180,0.000971789281896081
166181,0.003960077699646722
166182,0.001038120760118843
166183,0.0004971611071451825
166184,0.0006037172084582316
166185,0.016347892233324026
166186,0.0003487773610196331
166187,0.0009557346598884091
166188,0.0017897946375663274
166189,0.0009117180834288239
166190,0.0008136333658295332
166191,0.0011499979805287938
166192,0.0013143129278913347
166193,0.00048651369053218704
166194,0.0008879622923875432
166195,0.0006866825003541627
166196,0.0016717176925971932
166197,0.0006741891484007917
166198,0.022193328715938484
166199,0.0005488481339583829
166200,0.00143318745215426
166201,0.003446316130783954
166202,0.041044615778613215
166203,0.00040502505749623693
166204,0.0005510762827724028
166205,0.0010192043000094872
166206,0.0021444916006249995
166207,0.0034740007120906964
166208,0.0005763150519668785
166209,0.0005918732221892767
166210,0.0007873542413341936
166211,0.007766770456013365
166212,0.00029965168950712767
166213,0.0007148039988257395
166214,0.002780350364612832
166215,0.0013871664933951798
166216,0.0008929800533287115
166217,0.005196576568948265
166218,0.0005297383837035765
166219,0.004183284261764132
166220,0.0005843758725599716
166221,0.0007697519034298014
166222,0.011434237138216716
166223,0.0023508954855468753
166224,0.0017380717137496088
166225,0.002779223977278822
166226,0.0006722653433376897
166227,0.0013859859579110284
166228,0.0009057904582690305
166229,0.0007085587267941475
166230,0.007006118411065182
166231,0.0013874631474375381
166232,0.003088912091952393
166233,0.0005053418950980306
166234,0.001777346564403106
166235,0.0009361752136663496
166236,0.017818312802862446
166237,0.0007500708928437841
166238,0.0007921830852882067
166239,0.9957528410911486
166240,0.00286307802389526
166241,0.004964349303069219
166242,0.004868433559733098
166243,0.009824409451123952
166244,0.0007181039242223429
166245,0.005646591229691994
166246,0.0016094196947803617
166247,0.0008696989955860524
166248,0.0010105394560130938
166249,0.0005225916530981217
166250,0.0007358336703751007
166251,0.0021763401589819866
166252,0.057603005522277366
166253,0.0008714798779332603
166254,0.0005633625600424076
166255,0.0013168521940077884
166256,0.0005934203594440228
166257,0.00076106321188442
166258,0.003895184667239993
166259,0.000785563234492102
166260,0.003756732147098593
166261,0.000566696334515718
166262,0.0006083889047336008
166263,0.0002998619332162224
166264,0.0076610582291553545
166265,0.0006324744760352496
166266,0.0005158905100409744
166267,0.001074102482307099
166268,0.0007549876083335113
166269,0.0011762974827292814
166270,0.013405367209931025
166271,0.011183102112526818
166272,0.0012328920474613749
166273,0.0012744476363283383
166274,0.0035946265267154387
166275,0.0011978955949886487
166276,0.0007634521498319454
166277,0.001875078545823095
166278,0.0013020886577151608
166279,0.0029172549392129823
166280,0.002391353853352577
166281,0.0007715009500527225
166282,0.00351794006286909
166283,0.0006967106618098356
166284,0.00624007887653429
166285,0.0006333711258943273
166286,0.002238547566413858
166287,0.0026333793139086716
166288,0.0006620483785663097
166289,0.00413547640033533
166290,0.001269686105996539
166291,0.03425948855010379
166292,0.0007946342306963525
166293,0.0007289314148418455
166294,0.002422301255126941
166295,0.0006188445793295753
166296,0.0038023439555418944
166297,0.000628090565262932
166298,0.0025922526673814224
166299,0.0006970930093351225
166300,0.00220070179906235
166301,0.0006760968111727155
166302,0.0003978710777265687
166303,0.0018086237938650623
166304,0.0011833313292988388
166305,0.0009144645778696656
166306,0.0005026902211799223
166307,0.0014891169479275595
166308,0.0009410895841791736
166309,0.005521873625257496
166310,0.0004792098638080226
166311,0.0005051282160341297
166312,0.0007009841716101556
166313,0.00109912529209039
166314,0.0014754595749563396
166315,0.002936848633016089
166316,0.0036186110899038564
166317,0.000803204006738757
166318,0.001556370921754023
166319,0.00042791344887893807
166320,0.005274087420253777
166321,0.01272674980083965
166322,0.004822335114642232
166323,0.0007245008968029999
166324,0.9988952037896767
166325,0.0007336062731816281
166326,0.0018593341781671662
166327,0.0018521440152164522
166328,0.0006450047375877915
166329,0.00200749498222971
166330,0.001356533030301742
166331,0.0010133946063817338
166332,0.0006523599687670004
166333,0.017998544642223814
166334,0.0004646008755116367
166335,0.003981904182148966
166336,0.0005908558850978159
166337,0.0013290196880004195
166338,0.006346821016308894
166339,0.0005625769674276922
166340,0.005344038799126886
166341,0.001048104264014587
166342,0.2005973447073505
166343,0.0007279912301038978
166344,0.0018183590530478065
166345,0.0004753625689324386
166346,0.0005227507791110899
166347,0.0008437045586082881
166348,0.0007378155557842654
166349,0.002099252769442987
166350,0.0007845465420511535
166351,0.0016632095851053608
166352,0.0007425065512437737
166353,0.0036235422692688585
166354,0.003824997551403418
166355,0.0006293361622808624
166356,0.0005718429950480575
166357,0.0006793019931527653
166358,0.001247659171676417
166359,0.0030430717679360824
166360,0.007624499904745821
166361,0.0007785555066319367
166362,0.0004911641723432436
166363,0.0008572256637186066
166364,0.0007766293459061636
166365,0.0016381639980331513
166366,0.004148992362150641
166367,0.0005128651274100587
166368,0.0010217198218907986
166369,0.0007833670784676642
166370,0.0006072368982322142
166371,0.004015229097494993
166372,0.0006822196797852386
166373,0.001082231189091507
166374,0.0007164228162509412
166375,0.000564409268796138
166376,0.0006365859419121372
166377,0.00048109164507624763
166378,0.0010102480444979316
166379,0.0005877248744275022
166380,0.0007203476156380293
166381,0.0721553205243654
166382,0.0005284744244051725
166383,0.00043299761882380206
166384,0.004401083693234121
166385,0.0006638497126440254
166386,0.9893951792253413
166387,0.0039962447471913595
166388,0.0015604789215607835
166389,0.0006681102298804712
166390,0.0037917388988484603
166391,0.0010260667553618945
166392,0.0007999087923997167
166393,0.004261583199962015
166394,0.0003302130257577123
166395,0.0008577240797567544
166396,0.0007610181972099639
166397,0.0008538808482726871
166398,0.0008876539106774952
166399,0.003565746673546271
166400,0.0005050873143080787
166401,0.0006715390824618076
166402,0.00313656759150886
166403,0.0016598274860958238
166404,0.0037612856137583793
166405,0.0006899233253897552
166406,0.0005103472261379545
166407,0.000705020395120086
166408,0.002539505356729301
166409,0.002240751800671265
166410,0.0022612507458576615
166411,0.001295393352228791
166412,0.0006092594042961233
166413,0.0016086372617605913
166414,0.000631796151206082
166415,0.00123092207245439
166416,0.002718639105538426
166417,0.0006006307233911003
166418,0.000988034447259067
166419,0.000983748705960071
166420,0.0009386476267126383
166421,0.0056656172060679105
166422,0.005149356410136137
166423,0.02551861516545153
166424,0.0008969755350757252
166425,0.0010334819056203636
166426,0.00579436416780119
166427,0.0008353716397493714
166428,0.0013460258898947053
166429,0.0007027200936387619
166430,0.001635581262794277
166431,0.01225924388129377
166432,0.0009385111715753494
166433,0.0005137555892557046
166434,0.0018853379328150732
166435,0.0008530524381050364
166436,0.0012399356048640245
166437,0.0005361828240178191
166438,0.000572729325042536
166439,0.0005812860274138417
166440,0.000768065363559386
166441,0.006897177513289736
166442,0.02843613003164496
166443,0.004230896765807065
166444,0.0008590411810419606
166445,0.0006052875876518924
166446,0.0006373875710889836
166447,0.0006809531869645488
166448,0.0026087085065237894
166449,0.0015016061362883434
166450,0.0018369607972073521
166451,0.0006551781066513329
166452,0.001876068521208568
166453,0.0006483063960396232
166454,0.003747115600691608
166455,0.008950591976596914
166456,0.000675416013560946
166457,0.0012975693230407952
166458,0.0005394190525652256
166459,0.0012742919773551255
166460,0.00043430624728784306
166461,0.0025151910772311823
166462,0.0007175965903441049
166463,0.00879637959876452
166464,0.003856279007676276
166465,0.010632664119505617
166466,0.001040946310547085
166467,0.0011536574673068596
166468,0.0020116937243473136
166469,0.0006549354017033461
166470,0.0013029825412171406
166471,0.0025457059343118116
166472,0.0012154539479911726
166473,0.0004196872062997384
166474,0.0006164749143368702
166475,0.00621929965563859
166476,0.00104736201229524
166477,0.01614994112750473
166478,0.0014584848499804553
166479,0.0017759053286124926
166480,0.0009244741703452468
166481,0.000803707346067694
166482,0.0007357246178756181
166483,0.000685379467501157
166484,0.0013338188830629397
166485,0.0006927931542367766
166486,0.009238310545312652
166487,0.0005255942157906286
166488,0.00569729652202048
166489,0.0006105883410633137
166490,0.010728038544245895
166491,0.004624398194408665
166492,0.0025666144896188013
166493,0.0020377976764626724
166494,0.0005874145469907848
166495,0.0008043004161485941
166496,0.0036391606442285267
166497,0.0018700109823665046
166498,0.002372296049611771
166499,0.000882541281455219
166500,0.0013027672728245494
166501,0.0019453858290167806
166502,0.0008109409559518355
166503,0.00041599306488236
166504,0.008390376765818951
166505,0.019603576557172295
166506,0.0007517430728399843
166507,0.003209364174731095
166508,0.0005776783884218568
166509,0.0029640194425847683
166510,0.0006803038392762986
166511,0.002335092789817871
166512,0.006132571804177428
166513,0.00061810680179663
166514,0.003317970948813102
166515,0.01303969591268895
166516,0.008969110282878948
166517,0.0007057079122423831
166518,0.002644943192458647
166519,0.000928088729089521
166520,0.0005921869134572412
166521,0.003291616589180089
166522,0.002483079052082845
166523,0.0011281974507144545
166524,0.0005063241090998126
166525,0.0006417993793944698
166526,0.002395227986022079
166527,0.001557898983424003
166528,0.001970084632470939
166529,0.0011983597557615167
166530,0.0030003948621405508
166531,0.009774006839698509
166532,0.0018524406422245226
166533,0.0011496064635702543
166534,0.0008165029973998708
166535,0.0005248422693708041
166536,0.0011876626998895332
166537,0.005979833721437923
166538,0.0016153385891452764
166539,0.0004600485415008483
166540,0.0009652323792436908
166541,0.0005798533279308372
166542,0.000784050076621888
166543,0.000441225968572602
166544,0.0007456267293694919
166545,0.001019965490660368
166546,0.353444252645486
166547,0.0017980770650184805
166548,0.0030049794156493024
166549,0.9948612549803184
166550,0.0006418049810707923
166551,0.013189185134949839
166552,0.0015384268548115521
166553,0.000797974366624477
166554,0.0006764241719723432
166555,0.0022808884841527934
166556,0.0008883730655608828
166557,0.007238767841276247
166558,0.00047538946206577426
166559,0.0006863288336539695
166560,0.0010028124577869094
166561,0.9952748392555092
166562,0.000589681870282193
166563,0.2012294317567349
166564,0.0024361443863872884
166565,0.0006066615907766798
166566,0.0019745384551028197
166567,0.0006946332782822176
166568,0.00032269041650856715
166569,0.005182227877120521
166570,0.0009056376666346567
166571,0.0017976077230278612
166572,0.002412905669561271
166573,0.006475967256566777
166574,0.0007188528759065209
166575,0.010128243903295309
166576,0.0017159045506233842
166577,0.0005000944542303511
166578,0.0012797272631125147
166579,0.0007046506670402972
166580,0.0011275787351417432
166581,0.009352616220785176
166582,0.0037011716157743057
166583,0.0069621549054220185
166584,0.0007567111811100649
166585,0.0010392673766764253
166586,0.0024083227329781964
166587,0.00040722632348151816
166588,0.001629009714211377
166589,0.0009504532762648422
166590,0.009877048069683089
166591,0.004177491789493171
166592,0.0005661193187054272
166593,0.00047921739841855985
166594,0.00589232347633274
166595,0.0010076055854805338
166596,0.004108727352148054
166597,0.0006778482596098819
166598,0.0007299094546120861
166599,0.001510932150161033
166600,0.003301515344610761
166601,0.001879535829611249
166602,0.0006182199593440504
166603,0.0014366118915670697
166604,0.004555768127605884
166605,0.000394626281326852
166606,0.0011766586403569289
166607,0.0015847713501802863
166608,0.0008274947777336646
166609,0.0010944693442793392
166610,0.0011434149422017037
166611,0.00290578579568592
166612,0.0005292329064788503
166613,0.0005207335058862799
166614,0.00616261132734755
166615,0.0016975269944403699
166616,0.0006747480444247911
166617,0.0007776539069850364
166618,0.0006478345203561715
166619,0.0009377928481848269
166620,0.0008462035832079856
166621,0.0006391451467383949
166622,0.0010806737135755108
166623,0.0021177638658494177
166624,0.0011251933523240545
166625,0.000909799641272655
166626,0.00048757453363822416
166627,0.0010639631540488386
166628,0.0018381557366247405
166629,0.00044233966932251693
166630,0.002713145122324065
166631,0.0006856285862627201
166632,0.0005810433299984162
166633,0.024486945816291752
166634,0.001025258066639881
166635,0.0007809687105676986
166636,0.0015616980915140995
166637,0.0013176408972126457
166638,0.025444494642105905
166639,0.032394015449561435
166640,0.0009647031850200808
166641,0.0007766340237944848
166642,0.0029609399471663836
166643,0.0012636092409449642
166644,0.0005025750636128704
166645,0.0008210742827788563
166646,0.0009910614762290858
166647,0.0005302157649550974
166648,0.0005665153066207562
166649,0.0014324591090429696
166650,0.0004763584298420172
166651,0.013709242959168118
166652,0.0006636405948343963
166653,0.0005093844925124446
166654,0.03512603986206164
166655,0.0010727136608142279
166656,0.00048391770933544026
166657,0.0006283282744906163
166658,0.003703684344778694
166659,0.0013393323064120291
166660,0.02017536936002909
166661,0.0014034879644021598
166662,0.0006079663846725357
166663,0.00279992040531714
166664,0.000801568052289365
166665,0.0006045728103835262
166666,0.002153624008049573
166667,0.002447709035423634
166668,0.0004450895705286251
166669,0.0017165997104991253
166670,0.005026618258937454
166671,0.0007798471697834214
166672,0.002432297876406018
166673,0.0025122195482740733
166674,0.004557490177756522
166675,0.0005678137174177612
166676,0.01190523247043066
166677,0.00564767096103707
166678,0.0016361598018053399
166679,0.009765512023761753
166680,0.0006025380843333859
166681,0.0007636409780012712
166682,0.0006938338338601155
166683,0.0006908116822070998
166684,0.0034645026794685885
166685,0.005337941718520276
166686,0.00061226937335339
166687,0.018627046175876693
166688,0.001425293590374701
166689,0.00311715485749154
166690,0.0012424205959613473
166691,0.0006555854729287611
166692,0.0004446496440071581
166693,0.0013553452400212854
166694,0.0006456792587052342
166695,0.0006771456013574843
166696,0.0010098456277679844
166697,0.0005762583160294715
166698,0.015071922011347102
166699,0.000712078790744726
166700,0.000809609076186461
166701,0.0009933448260597394
166702,0.00697370354891617
166703,0.0010313136097981227
166704,0.0008596180803099192
166705,0.004284058191877443
166706,0.0018718829202149184
166707,0.0009864270978047168
166708,0.0010439604411337385
166709,0.00093009020576811
166710,0.0012161813622180292
166711,0.0006692895140639825
166712,0.0005218902327988082
166713,0.9893591373241833
166714,0.038601070084931674
166715,0.0005252381336427728
166716,0.0008792469530794294
166717,0.0012127973274025
166718,0.0007770879759229474
166719,0.0013883203341336155
166720,0.0005787882128397412
166721,0.003328711852789935
166722,0.00630702862257816
166723,0.0007079210454389779
166724,0.0010770046851442325
166725,0.006447177940346078
166726,0.012448451062928417
166727,0.002513197753707834
166728,0.0013643289110516
166729,0.0008444506596778465
166730,0.9937442005348192
166731,0.0006985342966476843
166732,0.0003987506445745552
166733,0.0007421730909215182
166734,0.0013659208054867672
166735,0.0011369804563604985
166736,0.019177143945918892
166737,0.005846264553012083
166738,0.000903721965678533
166739,0.0005408034635255846
166740,0.0018286244708593867
166741,0.0026042235654885676
166742,0.0010505883677321727
166743,0.0008679800249726732
166744,0.0005706122008529288
166745,0.0007586142963276498
166746,0.0020578636740931472
166747,0.0008119243855020883
166748,0.016642222261303095
166749,0.0006718445841194937
166750,0.0009142348210659042
166751,0.0014796772897175297
166752,0.0010556015484534768
166753,0.0011040665005828485
166754,0.0008719323580356527
166755,0.004503613649093975
166756,0.004934163962003329
166757,0.021102144387753378
166758,0.0005745559289649296
166759,0.001297453289662305
166760,0.0004381994959454885
166761,0.00038894795346086224
166762,0.0013350184178865037
166763,0.004199294257731311
166764,0.003033746362525798
166765,0.006229428878555333
166766,0.003708925239924128
166767,0.0011770235680808095
166768,0.0007052305336826691
166769,0.0020413011633507025
166770,0.0004509894061812126
166771,0.000538695481764795
166772,0.0006995835975408072
166773,0.0007988770555252061
166774,0.0008432992703504565
166775,0.0015803708678960753
166776,0.0005730331649259513
166777,0.0012794046410344196
166778,0.004077389330403529
166779,0.0010270248182571251
166780,0.001072722927966333
166781,0.01568834446556824
166782,0.0006352510496692659
166783,0.0010484857719884916
166784,0.0035866462309761885
166785,0.0013519188078790307
166786,0.0009363587810337084
166787,0.0018561595332227576
166788,0.0007750008268124645
166789,0.0010712707513353343
166790,0.003866784192683879
166791,0.0007445077997997737
166792,0.0005194238492727925
166793,0.000555118727602521
166794,0.000754720003181379
166795,0.0006678787426291474
166796,0.06538565190659028
166797,0.0007495478198622583
166798,0.0011339228320540544
166799,0.0006119135735970348
166800,0.0005405249933677185
166801,0.0008361770626102063
166802,0.002140673390946198
166803,0.0005850295319621227
166804,0.0056706308181387124
166805,0.0017046493121688146
166806,0.0005815008993462572
166807,0.010458368197392542
166808,0.0006682831678688679
166809,0.0006229687557486598
166810,0.00046756206033666273
166811,0.0032519673093355655
166812,0.004662104097937218
166813,0.0009421668282245238
166814,0.0008926367773625682
166815,0.0012689280842078884
166816,0.0008886174924401809
166817,0.008230443144160025
166818,0.0009056203870347153
166819,0.0006980185811337914
166820,0.0006706430247986862
166821,0.0013751012845102752
166822,0.0015364547802974935
166823,0.9953156775215037
166824,0.0009789924866854083
166825,0.0032929433796325437
166826,0.0015942682315230354
166827,0.0006119721080254113
166828,0.00289843216989525
166829,0.004019631017424452
166830,0.0011229092192442107
166831,0.0024806358074440857
166832,0.018186915703231027
166833,0.005152665570114396
166834,0.0007336488075364632
166835,0.0007195335041166011
166836,0.003566025716018898
166837,0.0010048658684608605
166838,0.004300854094913957
166839,0.003935869211240672
166840,0.00045583002593921725
166841,0.0008747704767019995
166842,0.06672881033615487
166843,0.0036540024047153905
166844,0.004389721297821884
166845,0.0016689442137315844
166846,0.0005548113956182722
166847,0.010199409685156837
166848,0.0006953109550031482
166849,0.001233189323899864
166850,0.0007624098397840222
166851,0.0015292002594113304
166852,0.0004993007853028867
166853,0.0007616225166899182
166854,0.0048706029067326
166855,0.019119900986495783
166856,0.0054333422915324794
166857,0.00530972961193474
166858,0.0014669392885569542
166859,0.0006957804264975886
166860,0.0019582554382992236
166861,0.0014143059109947196
166862,0.017770400736703176
166863,0.0015219210043969362
166864,0.0030606366583052795
166865,0.001903913172990982
166866,0.0012680448533323792
166867,0.003366572462476845
166868,0.013418888701361745
166869,0.000869851393579685
166870,0.017340538790054514
166871,0.000899869144590969
166872,0.0017829374582608226
166873,0.0005779431683645559
166874,0.0016819522768971697
166875,0.002308593391137598
166876,0.0008801875026182112
166877,0.005337871651332093
166878,0.002574180784963432
166879,0.0017056596187875
166880,0.00046966283416561167
166881,0.0005771259689225034
166882,0.0009053074928117032
166883,0.0028458555834302195
166884,0.0011415284744003126
166885,0.0019144677330001217
166886,0.011154436737016812
166887,0.0023553327803486294
166888,0.0006089154416814044
166889,0.000830920321057765
166890,0.00048286996481995394
166891,0.00295711626996158
166892,0.0006696160680944847
166893,0.007860254174741697
166894,0.0013243356920802356
166895,0.015515831666790584
166896,0.005297032087486605
166897,0.007692172748968404
166898,0.0009825098586614192
166899,0.0004660581466884759
166900,0.0008480552623675061
166901,0.0028480196193155626
166902,0.023442805490571674
166903,0.0007383045825436016
166904,0.000475707514954576
166905,0.02339014922205186
166906,0.0015312609872328608
166907,0.0009663576997160953
166908,0.0005933107476187319
166909,0.0006732474097277583
166910,0.00075818113670825
166911,0.0006583783034123167
166912,0.0006447181182757819
166913,0.0010380636499533885
166914,0.0015688070026252739
166915,0.0008287071331029152
166916,0.0007789233318513923
166917,0.0004951719442552746
166918,0.0014610162927865774
166919,0.005004272006719869
166920,0.0005141103459868563
166921,0.0027786394552623524
166922,0.001353506446182199
166923,0.001439164241096638
166924,0.0005389886727066937
166925,0.01676584123198117
166926,0.002091313863269202
166927,0.009856569815264752
166928,0.002279397648938904
166929,0.0012075442781281514
166930,0.0004842183935090571
166931,0.00039090072849257883
166932,0.0007134696153358043
166933,0.0023615425310253473
166934,0.0006234299867145113
166935,0.0004075142244712563
166936,0.00817325473405657
166937,0.0007524789430787811
166938,0.0010802509100099832
166939,0.0005907086570741378
166940,0.021129586134422538
166941,0.0018990293913793278
166942,0.004530792557183035
166943,0.0005721385131605866
166944,0.0012537096275729478
166945,0.0006489851849734009
166946,0.0015841015249071092
166947,0.001318415927925757
166948,0.0006362440944324164
166949,0.001468888356687203
166950,0.0006045384709228338
166951,0.0005617599966068331
166952,0.0031229765688835357
166953,0.0008010885109231707
166954,0.0005167517530075469
166955,0.0013737160880617164
166956,0.0005563702561980992
166957,0.0005517611419822643
166958,0.0005280420752069764
166959,0.0008479009501751418
166960,0.0005215140310188937
166961,0.001429747593319306
166962,0.00045047404442602663
166963,0.001817371525422076
166964,0.0015565849755038968
166965,0.0009948857647522338
166966,0.9970287313722014
166967,0.04690062308227837
166968,0.0007199784618380555
166969,0.0008306257593016829
166970,0.0011866322491501425
166971,0.0006167202193955484
166972,0.0028583107305988967
166973,0.0005732862064623221
166974,0.0005111616699842975
166975,0.0005354856012873893
166976,0.006928869048356687
166977,0.004937076069335317
166978,0.0005443673013777882
166979,0.0005009696006446046
166980,0.0008374112110777814
166981,0.0009551789761206104
166982,0.0018196687201356657
166983,0.015636345278091435
166984,0.0006238467621147867
166985,0.0004976149437373194
166986,0.0006280635252424234
166987,0.0007117129893282284
166988,0.0007449454027747739
166989,0.0018817322594340937
166990,0.0025293987749026433
166991,0.0006696819775812903
166992,0.0033182272383726575
166993,0.0005417630034178312
166994,0.0005993621507089654
166995,0.004768038187630907
166996,0.0009650114881896466
166997,0.0006932174189123864
166998,0.0007796274933965428
166999,0.0012977688020177108
167000,0.000900348729130115
167001,0.003929632707478939
167002,0.002902614260337189
167003,0.004442205568664215
167004,0.0007793900403077485
167005,0.0008069644735679213
167006,0.0005107936832165604
167007,0.0006743965656033927
167008,0.0005432052435128171
167009,0.0009316036323944201
167010,0.002396393275883441
167011,0.003042629637334698
167012,0.0008501656154381723
167013,0.00050046451042633
167014,0.009984997719190553
167015,0.0005507897625843821
167016,0.0008484639004236268
167017,0.0007443371584028757
167018,0.0016947247678810882
167019,0.0006697549817742295
167020,0.001247075381888908
167021,0.0025353147360993224
167022,0.002608476354180079
167023,0.014820849709141156
167024,0.00047235000511143413
167025,0.00043063603887724775
167026,0.0045104635673607965
167027,0.0004746159201820541
167028,0.0008016297374269223
167029,0.006609186427922929
167030,0.024724571360857178
167031,0.0005615728784477124
167032,0.0034176180407305234
167033,0.0009370767559279569
167034,0.0008547007322223601
167035,0.0004858158285782694
167036,0.0007703003242530994
167037,0.0024058942572233954
167038,0.0006482465005791448
167039,0.002644064448505198
167040,0.004355459736299888
167041,0.0005839790892674991
167042,0.0006904755790998788
167043,0.0015890320607519286
167044,0.0007617067214964679
167045,0.0007104435562325973
167046,0.0009218365815687212
167047,0.004990602154079862
167048,0.0005136402802385223
167049,0.0006973598651403815
167050,0.0028209084317868385
167051,0.0006745188332778706
167052,0.0009818147225904494
167053,0.0004453166219646503
167054,0.0007829737382656644
167055,0.0037844923948582216
167056,0.0006821795592509575
167057,0.0027706395743872215
167058,0.0005593910939704575
167059,0.0016002196229758226
167060,0.0018452958899412622
167061,0.0031959717528235584
167062,0.002988050636209613
167063,0.027506989656167914
167064,0.0006201047636309044
167065,0.0011153504991495591
167066,0.0041214848291449765
167067,0.0014081976895488372
167068,0.0026109408827551433
167069,0.0008401254190295922
167070,0.00043488108975628403
167071,0.0014158742259859861
167072,0.003005153864539981
167073,0.0026065410047216085
167074,0.0027867270879519167
167075,0.0007503171289934833
167076,0.0007406977255506458
167077,0.000875328848125409
167078,0.0008239028164937292
167079,0.000655439808624945
167080,0.009512143051899938
167081,0.015326654094662728
167082,0.005143309630574399
167083,0.0005647431797059036
167084,0.0031581655796608715
167085,0.0006985424297736053
167086,0.0011868099418941836
167087,0.004599924114807495
167088,0.0006454405081975669
167089,0.0008347199397669877
167090,0.9924023714880976
167091,0.002132798545121628
167092,0.0005462593871058772
167093,0.0005014007020287789
167094,0.0006336744508500499
167095,0.0008877552169699748
167096,0.0005393647318615171
167097,0.0005481881019827155
167098,0.014492769304245057
167099,0.010322727472872543
167100,0.0008736137556224074
167101,0.002225394544169589
167102,0.0005654087186562454
167103,0.002201595821740134
167104,0.003921437715745378
167105,0.0011549759366319802
167106,0.9937267065509887
167107,0.0005320446306030856
167108,0.00048592479492577526
167109,0.0004609520492883346
167110,0.004329894101417797
167111,0.02645588407348788
167112,0.0007997860767956289
167113,0.9918858811524254
167114,0.001182614833431756
167115,0.0005630059716485111
167116,0.0004664024521615932
167117,0.002418426686984778
167118,0.0006221410485447341
167119,0.007011367291476157
167120,0.03398648602612226
167121,0.0006232383090850409
167122,0.0005908422271019279
167123,0.0006226675505996935
167124,0.0005998377703652857
167125,0.005563287711690353
167126,0.0012295269787164042
167127,0.0007557230500104335
167128,0.004681937818219504
167129,0.0006315071602367067
167130,0.0017434904073476256
167131,0.02137101135488961
167132,0.0004964409688793372
167133,0.0021031706362127723
167134,0.006114012287315392
167135,0.001399801037492117
167136,0.005674865766163918
167137,0.007198669091778449
167138,0.012026605543439001
167139,0.0011786832507653898
167140,0.0005287109396302909
167141,0.0007955319451512488
167142,0.00193710688694231
167143,0.0007884869131720479
167144,0.0007845568981474884
167145,0.000898420511448962
167146,0.00538794681862725
167147,0.0012739542018648823
167148,0.0005876515681865521
167149,0.0012033401043625388
167150,0.0009547399482131735
167151,0.0009014186400397135
167152,0.0006817850727038137
167153,0.001141638848564446
167154,0.009562917454207665
167155,0.0007498533950393567
167156,0.005032710431328942
167157,0.000645544827077479
167158,0.0004693847902988921
167159,0.0006435455857764618
167160,0.0005464656156038738
167161,0.0008251507226097706
167162,0.0014286825539448853
167163,0.0007701965826689897
167164,0.0008241067019948674
167165,0.0005272968781107525
167166,0.0007259159387699261
167167,0.0009408236932279402
167168,0.0012004814188660015
167169,0.0007161088099617663
167170,0.0007704202208286669
167171,0.0009147625323910561
167172,0.000513737712079982
167173,0.0008637997803927207
167174,0.0031751880608322436
167175,0.0012227536689887644
167176,0.0006640489171656311
167177,0.005451456812351025
167178,0.0005396105495555141
167179,0.000847435347861872
167180,0.005562258411964071
167181,0.0054785916207307685
167182,0.0006904719424344841
167183,0.0015469931316097329
167184,0.0029144466905770524
167185,0.0012542027102059336
167186,0.015169601836088105
167187,0.0015876292026620763
167188,0.0034229666555475624
167189,0.001084299670999095
167190,0.0006455837435746367
167191,0.0008860023127980961
167192,0.0012761507448107788
167193,0.0003990532750206976
167194,0.0004392859521597046
167195,0.0005580320921336151
167196,0.000521538572174729
167197,0.008332382405488718
167198,0.0012463796248925365
167199,0.000690609898599072
167200,0.0014098462733466884
167201,0.0008893493063307773
167202,0.0026095212387140373
167203,0.001712724063539207
167204,0.001200758940200898
167205,0.0020897767930240646
167206,0.0017420058741964457
167207,0.0017249958763925527
167208,0.0007029675049421833
167209,0.0015752415240616597
167210,0.01392562519646621
167211,0.0006795874097537554
167212,0.0006176969911680108
167213,0.0007364918810319471
167214,0.00057111040619072
167215,0.0073418422441368075
167216,0.0009017555462419989
167217,0.0007981452137270891
167218,0.0008154543943641373
167219,0.001127020408478778
167220,0.0011531377910516992
167221,0.0006403088734581025
167222,0.0008388881872336784
167223,0.0007524657934925727
167224,0.0012781396581602244
167225,0.00270169302247948
167226,0.0008290177938247117
167227,0.0006605993722617669
167228,0.0022186235839807148
167229,0.001946004839771926
167230,0.005695302735626519
167231,0.0005656175037692685
167232,0.01680138616475945
167233,0.0019045459710575914
167234,0.000584773245403692
167235,0.0012309102010842176
167236,0.001466091358902195
167237,0.00033219250905912453
167238,0.0008870946077985783
167239,0.0018256116692507386
167240,0.0005082962207977127
167241,0.0017064686907842784
167242,0.0005522971914191277
167243,0.0007713202725068186
167244,0.005296391499305163
167245,0.0012763079811260205
167246,0.009175487071208369
167247,0.006188264494628306
167248,0.004993317847429438
167249,0.0009777764406974322
167250,0.012459078831292356
167251,0.0019555643839838563
167252,0.0007222483556851743
167253,0.0017820921024214568
167254,0.0027300453171016257
167255,0.002446281586584922
167256,0.0026868174942741322
167257,0.0012375603095221644
167258,0.0005785219258453288
167259,0.001466091074909896
167260,0.0010881215617752247
167261,0.001187674619221571
167262,0.0006596696549934742
167263,0.00112313395908017
167264,0.004413096438967944
167265,0.0004889967013282517
167266,0.0006683269011056583
167267,0.0021582922704243626
167268,0.0006245007688870253
167269,0.0006102575375891611
167270,0.0006230421591110868
167271,0.004241269598520836
167272,0.000610646986257109
167273,0.0007929742770501212
167274,0.0005925550932583604
167275,0.005496852140013801
167276,0.0007478146773374765
167277,0.0009413578701624985
167278,0.0005242417545410991
167279,0.0007286212054381941
167280,0.0006128973388075817
167281,0.007195066350031271
167282,0.0006445536408130202
167283,0.0023597082465824726
167284,0.0019466021613750275
167285,0.018585426258551876
167286,0.0007341553461223303
167287,0.0005340689484977067
167288,0.0008372501965906183
167289,0.0005447000539988649
167290,0.0008227181038155053
167291,0.0015936212877701553
167292,0.0022040016992735173
167293,0.002462429254960639
167294,0.00042248016599901947
167295,0.0006385896939300836
167296,0.0005762411213527346
167297,0.000487528119679743
167298,0.0013601199074319097
167299,0.0013245230608454643
167300,0.001096862152045642
167301,0.004103395085762206
167302,0.0007835307972231713
167303,0.005299362151105224
167304,0.0014275303086854034
167305,0.0003892457031455095
167306,0.0008548749805561421
167307,0.0031974743961024343
167308,0.02488890343504034
167309,0.0006305520017864713
167310,0.0006157456427922283
167311,0.0009138595417937266
167312,0.9964299790492439
167313,0.0005344640290968274
167314,0.0012560716915136986
167315,0.000637869443141666
167316,0.000698570783112625
167317,0.000975951248475667
167318,0.012906548676952529
167319,0.9961413826171746
167320,0.0016891379640237066
167321,0.0005775602539182826
167322,0.01739316626967387
167323,0.0007089027218836277
167324,0.001529381691890514
167325,0.0008246481720218497
167326,0.0006774437442096607
167327,0.0008624761226846917
167328,0.004165653659747422
167329,0.0005534783921583114
167330,0.0005007172900008016
167331,0.0005114716026732681
167332,0.0007029709274497527
167333,0.0006513106607009393
167334,0.0007051799858339165
167335,0.0009222409700160361
167336,0.0014758888658101882
167337,0.003098478319908396
167338,0.0011935663722681482
167339,0.0005809357081525108
167340,0.0007278973780286303
167341,0.0008582725836167795
167342,0.015968040729643383
167343,0.0006292294949754975
167344,0.0013477075575150177
167345,0.0007180273829111524
167346,0.0013562812083279248
167347,0.0004821286450483719
167348,0.0014344090313519135
167349,0.0007263082715115447
167350,0.00042457570315850436
167351,0.0009472493312984861
167352,0.0008745673826612093
167353,0.0005360504522061225
167354,0.0017135994177055764
167355,0.0006238285438965754
167356,0.0010674263879893202
167357,0.008028208052093658
167358,0.0008537158307493651
167359,0.0009215679589586167
167360,0.0006435307244912033
167361,0.0007275805506619429
167362,0.005074268885104558
167363,0.0026859160128334942
167364,0.00162443033281366
167365,0.0011880032113980759
167366,0.9990728652791278
167367,0.005348890800067644
167368,0.0005773219770951583
167369,0.02348290374159212
167370,0.0026991039368764146
167371,0.0019483460024071254
167372,0.021259665298246563
167373,0.009873295325399621
167374,0.0006897249436028975
167375,0.0008925228809464939
167376,0.0007146234075613741
167377,0.0008342830902606361
167378,0.0008839638427085097
167379,0.001612486454979955
167380,0.00061053009856476
167381,0.006549048470816892
167382,0.007710881537686104
167383,0.0007233422062660762
167384,0.007564524843114148
167385,0.002084318843902152
167386,0.0005061964625264633
167387,0.001336421101469717
167388,0.02386383202643036
167389,0.0006655940892101354
167390,0.10679907942617312
167391,0.0005614733961554637
167392,0.0006182606598803881
167393,0.0003947678840792208
167394,0.0029346654430612027
167395,0.001248257829221071
167396,0.0004290468976886302
167397,0.0036117733416777707
167398,0.018696997099473686
167399,0.0006367639958929067
167400,0.0007226817759260981
167401,0.002998275761370518
167402,0.001048027828170901
167403,0.0005869966173944609
167404,0.0005718282649895645
167405,0.0007777505095425486
167406,0.0037168174469643356
167407,0.0010821523964015993
167408,0.0015167787775963704
167409,0.000592192532715135
167410,0.0054902671249134356
167411,0.0076730698201065315
167412,0.0007877577420262712
167413,0.000777938145313602
167414,0.0011280733141017538
167415,0.0010433018935741248
167416,0.0007466931614307968
167417,0.0007044170290272947
167418,0.0007430542466421471
167419,0.02605340718243592
167420,0.0005635901727991578
167421,0.0008007605748290745
167422,0.0005171866787951156
167423,0.0034148977390312425
167424,0.0029495387395810694
167425,0.0008161031684411001
167426,0.0018286687583995219
167427,0.001338334110000002
167428,0.0015903613279414793
167429,0.0004668181443087131
167430,0.0004642875994983695
167431,0.0007919433235855124
167432,0.0004941836241615533
167433,0.997222398138041
167434,0.0008103531580131101
167435,0.0011332120655541573
167436,0.0030326066809851747
167437,0.0006115806845464339
167438,0.00034086268357869207
167439,0.0013360494116058028
167440,0.00394838318248432
167441,0.0014280270487050002
167442,0.0023673516365686313
167443,0.006035719097284746
167444,0.0007351879758709936
167445,0.2009984124185537
167446,0.0005141555958660975
167447,0.008812784761166485
167448,0.9479402425690828
167449,0.0015497044955192414
167450,0.001923759400930261
167451,0.0003556282778145832
167452,0.0037905058829934986
167453,0.0009162111776109501
167454,0.0006585953605532159
167455,0.0006164875439101854
167456,0.0024139383798243274
167457,0.003242062969048271
167458,0.007244549987786956
167459,0.004370141216952663
167460,0.004174034394870844
167461,0.0005999841505186193
167462,0.0005532550186827022
167463,0.006001950564753884
167464,0.0037263828349402457
167465,0.0017235725894917946
167466,0.0007946299819648295
167467,0.0009304609180326353
167468,0.0007258939494047998
167469,0.0007936723475101062
167470,0.0004886610003267302
167471,0.0006433464158030553
167472,0.0007072436838905925
167473,0.00147327813558864
167474,0.0015393237536729394
167475,0.0008730314894679031
167476,0.0007867643632554676
167477,0.0028000819172108726
167478,0.0006719140944497755
167479,0.0012104536285109028
167480,0.0011491830570556068
167481,0.0015008473356361621
167482,0.013385511010730872
167483,0.0010339949913672998
167484,0.0035283397345548277
167485,0.0011766281208420476
167486,0.0004729242546606866
167487,0.0005954449801200011
167488,0.007579342662004817
167489,0.0009712840066597221
167490,0.0005678252311900055
167491,0.000627290439326344
167492,0.0016067778066102376
167493,0.0004068395329183858
167494,0.0029067396054806814
167495,0.0007691606185084212
167496,0.0006960847394480032
167497,0.0004574279574024769
167498,0.0034143037892934965
167499,0.0018681693116745406
167500,0.0005492909411581407
167501,0.0009676553254915041
167502,0.0006770206652864663
167503,0.0011175159707330323
167504,0.0006085863863683682
167505,0.0006164410491819157
167506,0.0005693628112711826
167507,0.0006728337087474321
167508,0.008253216523420828
167509,0.0009236187161362053
167510,0.000770727629847391
167511,0.0005166270460290457
167512,0.0008093052276642169
167513,0.0007610845862007577
167514,0.0037228145808235616
167515,0.000966206102798302
167516,0.0013357782199292637
167517,0.0005687593650997675
167518,0.0019166094816264316
167519,0.001104708039554434
167520,0.0018464031525279945
167521,0.001896352544660885
167522,0.0006427973999122896
167523,0.008519970660222339
167524,0.0018130539307057792
167525,0.0004996699725640687
167526,0.0058820294182702505
167527,0.0007506263846652771
167528,0.007594468423469317
167529,0.002069270342340187
167530,0.0007027457079261726
167531,0.0005859066098674103
167532,0.0007489968526988068
167533,0.0016849161922450342
167534,0.0005333224255916825
167535,0.007598519297046499
167536,0.000740674294095333
167537,0.003233263827373148
167538,0.0005724552871549082
167539,0.0006553336923789388
167540,0.0007996469046417001
167541,0.0015977771574715576
167542,0.0005382781524842438
167543,0.0006209675102185129
167544,0.004679827548449372
167545,0.0009984285157201777
167546,0.0008056537209660721
167547,0.9946567897297309
167548,0.0007697404968293527
167549,0.0033839470435706553
167550,0.00395628800150689
167551,0.0005752878811396547
167552,0.0026444147256544552
167553,0.0008813390143717246
167554,0.0017631470212809458
167555,0.0042994211425595175
167556,0.0003815148247150055
167557,0.0008107989590217435
167558,0.001145734383321594
167559,0.0038218061458531374
167560,0.0007383095859887822
167561,0.0008941645992493829
167562,0.04191075279191507
167563,0.003030563963621726
167564,0.002405266939778496
167565,0.0004441398460314544
167566,0.002572291818362786
167567,0.0038927860900062564
167568,0.0005560702870429668
167569,0.0020735673607777767
167570,0.0009680063824079269
167571,0.0005159248560857348
167572,0.0008028798904622775
167573,0.0008167217308519333
167574,0.0009398415309700341
167575,0.9863890660790717
167576,0.0059270906544297425
167577,0.002091511728224798
167578,0.002542955651648266
167579,0.0024910044158882156
167580,0.0006777727136352914
167581,0.007734206845786378
167582,0.0006052286899802748
167583,0.0007769930849098975
167584,0.0005921017606125845
167585,0.0010299062399963198
167586,0.00039842579449263666
167587,0.0008523570260141522
167588,0.0038983683393824936
167589,0.0005296942397421984
167590,0.001886902861893286
167591,0.0009478263908055159
167592,0.0012434875637719243
167593,0.01265101850627412
167594,0.003890945606414475
167595,0.0007988471592554084
167596,0.002155136587843016
167597,0.0014064997723070211
167598,0.000678920103918946
167599,0.0008248435144070879
167600,0.004445956151716887
167601,0.0008737717210614527
167602,0.0009302714494140464
167603,0.0019895169549374366
167604,0.0006934148826871068
167605,0.014251617730391995
167606,0.9976003771532526
167607,0.0007399281101915099
167608,0.0008108318220838866
167609,0.0005622206673433861
167610,0.0016485632726865695
167611,0.007439564855877049
167612,0.0022996660430074215
167613,0.000609264254371192
167614,0.005846420495639475
167615,0.003724938591027998
167616,0.003121915061185381
167617,0.022430001797644518
167618,0.0007682495843929036
167619,0.0007588422009277903
167620,0.0006576727860220151
167621,0.001544473742327957
167622,0.01193209383594878
167623,0.0006523254389847678
167624,0.0009135246495147042
167625,0.0027267936919084363
167626,0.0010621545014204772
167627,0.002945885091389332
167628,0.01164111731424532
167629,0.013719095408088251
167630,0.0010651365950002927
167631,0.0004691555024826402
167632,0.01264268291848678
167633,0.0006539623296683537
167634,0.0006105108503690293
167635,0.0030864814806899257
167636,0.007039610714100255
167637,0.0008538334935395467
167638,0.005747277352988751
167639,0.0008291654147406953
167640,0.0018731673571604141
167641,0.0008336122185989563
167642,0.0006312339922155774
167643,0.03160492941411801
167644,0.0005792297321402563
167645,0.0007593982162057632
167646,0.0055008167798967856
167647,0.0007972060934475923
167648,0.0005556156210824773
167649,0.0005728150533963863
167650,0.0007029591356325169
167651,0.0004155468508500758
167652,0.0006604017931502459
167653,0.0006810399518495341
167654,0.004854354650403375
167655,0.0010478739754418956
167656,0.00907473230421059
167657,0.0004562771552479173
167658,0.0015269901837011966
167659,0.0010372247934444495
167660,0.0008364198831572431
167661,0.005873471662852422
167662,0.0007702336564378191
167663,0.0030483094848226255
167664,0.005095219796377538
167665,0.0005086065151524758
167666,0.0008722369715076289
167667,0.001184753095547138
167668,0.00114048389944788
167669,0.0008262558432159466
167670,0.0011398911956612924
167671,0.0006725087368213876
167672,0.0006989988298779748
167673,0.0019212854192338872
167674,0.0008216947089541632
167675,0.0006905976792208465
167676,0.00762731497033888
167677,0.0014055723420498417
167678,0.0008701241368969752
167679,0.0015008587988408618
167680,0.0006634671889415231
167681,0.000460099208899347
167682,0.0006539439924736185
167683,0.0006428653435244259
167684,0.0007086374394993981
167685,0.0006898331640609369
167686,0.003038762509245755
167687,0.0006515167022287995
167688,0.013886465622663931
167689,0.001114348243170305
167690,0.0011230411087160453
167691,0.0011302464222218962
167692,0.010068195278691731
167693,0.0024773143050152153
167694,0.0024866188917582327
167695,0.006302704171719164
167696,0.0030283253309077037
167697,0.000507906180678721
167698,0.0007525301095633013
167699,0.0007050485233316976
167700,0.021804446600335873
167701,0.0009339289987784664
167702,0.0014268410358375685
167703,0.0007045651049794951
167704,0.0005082532307898558
167705,0.0011918113551557465
167706,0.000994745646833214
167707,0.0019081535391529607
167708,0.0012049452611046438
167709,0.0007194596945844147
167710,0.000614006015243088
167711,0.007720048473289264
167712,0.0012509413012624948
167713,0.0008723184096148723
167714,0.01928681587161357
167715,0.0044428758111347035
167716,0.00040900311704483814
167717,0.002998219803328958
167718,0.005173704661223926
167719,0.003987855051088563
167720,0.002159749149783048
167721,0.004805014659031776
167722,0.0013800316783611221
167723,0.005131803441179679
167724,0.0006336166746920311
167725,0.0030840761529315587
167726,0.0007024046815939647
167727,0.0008289360829274254
167728,0.030984568271062114
167729,0.00431081525329119
167730,0.0021554214183698624
167731,0.0010456655720768515
167732,0.0016225226676596209
167733,0.0006652726369635799
167734,0.0005208902440442559
167735,0.0011222216838058102
167736,0.0023935531926355894
167737,0.0009938069277142607
167738,0.030894226090073737
167739,0.0024765969075179577
167740,0.0006323199171490146
167741,0.011604283442439592
167742,0.008894063037003715
167743,0.0004658030463644161
167744,0.0015937412483899437
167745,0.000515518160882232
167746,0.0007118252978443476
167747,0.0007046615160551036
167748,0.0007759765063108813
167749,0.0005161938147863422
167750,0.0011069054670824097
167751,0.002316654127340889
167752,0.0006616917857714809
167753,0.010887660922952097
167754,0.000524619120382363
167755,0.0006056076047519154
167756,0.0009736598242753433
167757,0.006301153196641306
167758,0.0006892121064129904
167759,0.0005067477173583055
167760,0.0005968233835076894
167761,0.0026555148623574076
167762,0.0004494753716356195
167763,0.0008179419946985349
167764,0.0008711377236863191
167765,0.0012901948451881388
167766,0.0007702005014784252
167767,0.027662375549351012
167768,0.0033165124201390422
167769,0.0010847435695899093
167770,0.0006911562474802636
167771,0.0009133180778949589
167772,0.0011884848178842756
167773,0.00438999076565495
167774,0.001173926638444252
167775,0.005979283786555434
167776,0.0006327404317447601
167777,0.001011357390928946
167778,0.003259102571725598
167779,0.0014185727691062868
167780,0.0014747014054314112
167781,0.0004799221117357938
167782,0.0024131226324207817
167783,0.0004443060276655198
167784,0.0009949120336281004
167785,0.0009621211281109329
167786,0.0020417743307465904
167787,0.0005999349858116642
167788,0.0005583989183281711
167789,0.0015558138968648104
167790,0.0004931356750438548
167791,0.011649156824639718
167792,0.0017073569129302092
167793,0.0009284294636016115
167794,0.001869229788035021
167795,0.0004635556195212552
167796,0.0010385544338251222
167797,0.9974230129969727
167798,0.0011101208942791902
167799,0.000838327166672592
167800,0.003615542359200922
167801,0.0009667489160530335
167802,0.004418322482883357
167803,0.0014691332462605123
167804,0.004978304275372917
167805,0.0006815028468975179
167806,0.00124842676094453
167807,0.9921284131389477
167808,0.0008569668679957673
167809,0.0009160545020044345
167810,0.003295378283120028
167811,0.002151517986322006
167812,0.004638616375860375
167813,0.000923471293152574
167814,0.00206469464714012
167815,0.0005709929002240241
167816,0.0005186932674032535
167817,0.0012594567912134495
167818,0.0009424497387431304
167819,0.005549859611913909
167820,0.0010897312083359737
167821,0.0006232349263902468
167822,0.00205925385802716
167823,0.0005611477130848983
167824,0.0020879419876382315
167825,0.0008434115425795017
167826,0.0007042952477234888
167827,0.0009260833569342531
167828,0.0008898377955715115
167829,0.002055005126911497
167830,0.010168504786668668
167831,0.0008680886866401295
167832,0.0007508331356580057
167833,0.00057725735257384
167834,0.0033307340146719764
167835,0.0008626346565537325
167836,0.0005320332211008034
167837,0.0008465651872189491
167838,0.007024125075019423
167839,0.0006864345669709208
167840,0.010153274385636296
167841,0.0005447972422585762
167842,0.0005195036407030199
167843,0.004396649409282761
167844,0.0004128722354853398
167845,0.002550141364952332
167846,0.0007135329127711212
167847,0.006025260220131704
167848,0.0010805149086884598
167849,0.0006923596204293692
167850,0.0012255758505469005
167851,0.0013537695826474757
167852,0.0005977050842499125
167853,0.0005196267653926753
167854,0.014126968304537354
167855,0.00878777088101283
167856,0.00106195525735025
167857,0.008743231171740369
167858,0.002307734993056355
167859,0.0013679026793896514
167860,0.004603733901435512
167861,0.0016602887662154771
167862,0.0012097571976767531
167863,0.001467035641564287
167864,0.0035543821545940624
167865,0.0014228292282846946
167866,0.0006307949542439485
167867,0.0013625274205465439
167868,0.0019509176666217443
167869,0.0008743349251470354
167870,0.0011266528486419567
167871,0.001842765351791072
167872,0.0008177555950591464
167873,0.0006394693945431939
167874,0.00047466011778580765
167875,0.0011469201864839434
167876,0.0008189164666820422
167877,0.0006147988125828138
167878,0.020195647694919116
167879,0.0006883985536948335
167880,0.0008459117882129488
167881,0.0005358879783299211
167882,0.006650746916160093
167883,0.0008596530411180994
167884,0.0005970349749433586
167885,0.0019349330035752857
167886,0.007477788401076275
167887,0.0005450894334891943
167888,0.0007771617065944943
167889,0.005595651666016754
167890,0.000522752163706052
167891,0.003012032050824973
167892,0.002294317634836291
167893,0.000640979539057637
167894,0.0006157098530855258
167895,0.0015556194767504831
167896,0.001398721671746676
167897,0.0008617558960925221
167898,0.0012458634382569878
167899,0.0014968247851279764
167900,0.00064478794799602
167901,0.02236306938637039
167902,0.000914305105223996
167903,0.0014620156747578747
167904,0.0008059235915011717
167905,0.004570164775790609
167906,0.0014612572952396527
167907,0.0005986632027119897
167908,0.0003530597695767032
167909,0.0013631450189542822
167910,0.0005824475241528737
167911,0.008561029103352328
167912,0.0016174260739709612
167913,0.0006444998486626451
167914,0.000984608198484482
167915,0.0009543460826753624
167916,0.002192408212611163
167917,0.0006418137351081376
167918,0.0015435098876215624
167919,0.0009432944265633698
167920,0.001581875947174184
167921,0.0006549049288536084
167922,0.0020011413708341326
167923,0.006158428852664566
167924,0.0037781175060648637
167925,0.0007204228524399205
167926,0.0011743451049821816
167927,0.000471804641946202
167928,0.9942698169141093
167929,0.052571863258796536
167930,0.0015923655268482923
167931,0.0028813895717110147
167932,0.0015795681011172256
167933,0.0026773929604543946
167934,0.001338947089485306
167935,0.00033830495825705475
167936,0.0005371816072733212
167937,0.000881750723526488
167938,0.0008379912323593427
167939,0.004987824351170664
167940,0.0028323610545973304
167941,0.001775055239450216
167942,0.0004173366882184847
167943,0.003321341081608216
167944,0.0011127982020563943
167945,0.00084116480239561
167946,0.0007561498342879432
167947,0.0005089977152550174
167948,0.015782095796725234
167949,0.0028162646237115787
167950,0.0011258091944080064
167951,0.000506518885093987
167952,0.001232848814679729
167953,0.0757589726024423
167954,0.0003815978639490767
167955,0.0016589531052973987
167956,0.004772952639092637
167957,0.0009649493867486068
167958,0.008061107597643181
167959,0.000558564319524971
167960,0.006798543748786667
167961,0.0008008082610820718
167962,0.0016391876109326116
167963,0.007477835764874948
167964,0.005356881367131826
167965,0.0009026451285006525
167966,0.0028394404690119833
167967,0.0032372254435140903
167968,0.0018823902324609013
167969,0.001195121677111019
167970,0.0006198471324769676
167971,0.0005377185315441957
167972,0.0071678475053649476
167973,0.0022372629686617457
167974,0.006374966587950177
167975,0.001386907682561822
167976,0.009520390363176305
167977,0.0006320790664285471
167978,0.0006975717020245449
167979,0.011364292885042792
167980,0.0015148610180553464
167981,0.002832727722650726
167982,0.9977129067338721
167983,0.0008127655443712166
167984,0.0005238712964155232
167985,0.0008851747799097883
167986,0.0017902599553696037
167987,0.0011756963384444135
167988,0.0006250580797306244
167989,0.007995998621092832
167990,0.9739291518907267
167991,0.012070679041574666
167992,0.004023606007739622
167993,0.0008988268214305215
167994,0.0006053570947331061
167995,0.004644781271724583
167996,0.0006811072050778068
167997,0.018570957877636483
167998,0.0018417635328396346
167999,0.0011767608959182426
168000,0.0022122719236003187
168001,0.000598616805350601
168002,0.0005683289233137416
168003,0.0010993057748101345
168004,0.0009641109551736143
168005,0.005012633150921153
168006,0.0008177174350136134
168007,0.0007686673698687758
168008,0.0017995209400030905
168009,0.0012454034502373925
168010,0.0013771092581334897
168011,0.001148012343901799
168012,0.018651255389631534
168013,0.008801157649604362
168014,0.0048321718405700455
168015,0.9968530248750398
168016,0.000818379949835988
168017,0.03053139610709685
168018,0.00180167641245301
168019,0.001528145254617412
168020,0.0031667231730586
168021,0.001722376914337789
168022,0.0035424701431174075
168023,0.0020899783600470115
168024,0.0031759620796450575
168025,0.0011479417161190967
168026,0.0487004339656059
168027,0.0018428142798146987
168028,0.002041736112073951
168029,0.0020434165808033413
168030,0.0004698547491741327
168031,0.000694773940835917
168032,0.000946914122266232
168033,0.0017485482152345632
168034,0.0010430931819704339
168035,0.000814883219428177
168036,0.0008296168070728222
168037,0.0018416612190165192
168038,0.004701025740825026
168039,0.0012808444833536869
168040,0.0007252949309562826
168041,0.0017395799123896274
168042,0.0010052325501477006
168043,0.0013036674922171751
168044,0.002684464106222937
168045,0.0014774315886398849
168046,0.004585188641336826
168047,0.000680812756743263
168048,0.0006196066231649092
168049,0.0011679796513569911
168050,0.0009070898509378595
168051,0.1324216370316565
168052,0.0007346858314991925
168053,0.0004088156246879912
168054,0.0006432255149090163
168055,0.0012743189100902989
168056,0.008618604167777067
168057,0.0007225815515147097
168058,0.0005626074942779507
168059,0.0007363952750582308
168060,0.0005305072137809458
168061,0.0003218958863379645
168062,0.003659109177129524
168063,0.002049201647292438
168064,0.0005762285953542931
168065,0.0004861633976829074
168066,0.0009485254132324968
168067,0.0006310691671467246
168068,0.0006440676758632792
168069,0.000574015920745778
168070,0.0007628061370127873
168071,0.0012790253109747295
168072,0.001279953698691003
168073,0.0010025658380486398
168074,0.0020830161847020198
168075,0.008664677945902508
168076,0.0034526062061423254
168077,0.0005961388929098168
168078,0.0024570827012791703
168079,0.00512492645055898
168080,0.0007812726377387676
168081,0.0010029591889914031
168082,0.0009713517821537392
168083,0.00081241564286222
168084,0.004161365677374537
168085,0.0007009005043305611
168086,0.0006083800309371861
168087,0.0007785953630813445
168088,0.002699394394519717
168089,0.0033999933113657514
168090,0.0007948737526308635
168091,0.0006850131549057157
168092,0.00042621185324238486
168093,0.0006245009543530531
168094,0.0699879773882897
168095,0.0008342352010999096
168096,0.0016448144251678246
168097,0.0010244061392720965
168098,0.004970785175343884
168099,0.0005869942136137029
168100,0.0009537960186290751
168101,0.0005922677801997239
168102,0.007356401921457284
168103,0.0019216903177388983
168104,0.0008171578560828504
168105,0.0013870323218356344
168106,0.0007011795480236637
168107,0.0018971745381659944
168108,0.0014696472030203676
168109,0.0011904658992004395
168110,0.0009073296840098441
168111,0.0006015498442383316
168112,0.019877589997623124
168113,0.0009270507520059182
168114,0.0015858086216140946
168115,0.0006503302534375491
168116,0.9946864685660337
168117,0.002228972980912919
168118,0.0008767870854320041
168119,0.9862957447057976
168120,0.055894147220355406
168121,0.02752878013477776
168122,0.00477329380855625
168123,0.0010184981587943816
168124,0.0006318363833129175
168125,0.001436136560960749
168126,0.0005435321467830837
168127,0.008212961752563802
168128,0.012538120894268093
168129,0.0008166608367424517
168130,0.0010080845467808307
168131,0.005541999289024081
168132,0.0006803897879495823
168133,0.001537059468584601
168134,0.0012766089531515417
168135,0.0006461002145684006
168136,0.002391945461379857
168137,0.0016042495316811191
168138,0.0006816592491413688
168139,0.006957860385084934
168140,0.0005363333228836408
168141,0.0012670765158815627
168142,0.0005344674808645639
168143,0.0005612608854091093
168144,0.0008085081804351683
168145,0.006488122871661373
168146,0.0027564675071952236
168147,0.017128845389062182
168148,0.0011500472106531472
168149,0.0009717017824321271
168150,0.003020166133201256
168151,0.0004591174902820634
168152,0.0006912593485792154
168153,0.0007801258613864919
168154,0.008339957902498776
168155,0.0006674579887598637
168156,0.000566040021433013
168157,0.0005895652532009303
168158,0.001115707086949614
168159,0.0007218052698345261
168160,0.000734360310665405
168161,0.0006479183583013168
168162,0.0005843808164584647
168163,0.0016000457971387303
168164,0.00036108478753359147
168165,0.0008954608489315898
168166,0.0019707435959001717
168167,0.00042393580346012917
168168,0.0005883418084405296
168169,0.0007527182445221802
168170,0.0008423920078316838
168171,0.0005366079961489624
168172,0.006908614139967868
168173,0.0006218455316473687
168174,0.0006531275709425623
168175,0.000663266066045695
168176,0.0008237925373145367
168177,0.9935104353177693
168178,0.0006625052892319968
168179,0.0007923780530453064
168180,0.0014208580795359999
168181,0.0008105679512492768
168182,0.0007291399390033469
168183,0.000739655959103723
168184,0.0007194667212122928
168185,0.0007761384291890803
168186,0.000832538972574117
168187,0.002477109766634935
168188,0.0008128198256861156
168189,0.0013148245740089743
168190,0.0013224140211120015
168191,0.0016631066037159346
168192,0.0005516049644260196
168193,0.005017237189773455
168194,0.0009871009897693952
168195,0.00035437839698745737
168196,0.0005868509950309847
168197,0.0014564330280309378
168198,0.0011030734163152078
168199,0.0009790747886432914
168200,0.001987349765566921
168201,0.000627648278183645
168202,0.0006707705562092158
168203,0.0012031046837439065
168204,0.0005367529943159384
168205,0.0012086992257088495
168206,0.013875427962831461
168207,0.9961163774653068
168208,0.0007342203044088083
168209,0.0007779813918295266
168210,0.000558803155319196
168211,0.0005725516045953031
168212,0.002200616125933989
168213,0.005751895700869361
168214,0.00044142666232045653
168215,0.0036055592952192943
168216,0.000455539618654626
168217,0.9908235930751076
168218,0.0006736826900490735
168219,0.007480478509663203
168220,0.001543739887063799
168221,0.00796024618486981
168222,0.0007823208337442615
168223,0.0006355665161074392
168224,0.0027491772672703606
168225,0.0005949771950645876
168226,0.0007427879654828618
168227,0.009520248715425516
168228,0.0018703933900167894
168229,0.0035310466466768236
168230,0.004866971286212468
168231,0.0038211756479619883
168232,0.0006710463891784827
168233,0.0006361695884054404
168234,0.0007661434964344182
168235,0.0008735473800429226
168236,0.00047194540422313357
168237,0.000979212339372011
168238,0.001624912027644552
168239,0.001736800594686816
168240,0.0006391448781846295
168241,0.0006242713092851943
168242,0.003140702986687215
168243,0.0005832983322537567
168244,0.000763478754494531
168245,0.0006271849823033698
168246,0.0009590699925674732
168247,0.0009922793815252857
168248,0.0016463117280117495
168249,0.0005104503418385913
168250,0.004152427382347194
168251,0.0008928287347148558
168252,0.004246292628378007
168253,0.006524757608460987
168254,0.001452227537269779
168255,0.003342087602070393
168256,0.0008080459006461473
168257,0.0011701358101584964
168258,0.0009720082860178881
168259,0.001225351487697869
168260,0.0011608357694260737
168261,0.0022896299981734454
168262,0.000953431861614474
168263,0.0006666625396064979
168264,0.0008084390053030564
168265,0.003991352256696603
168266,0.006014055430576562
168267,0.0007964659427753045
168268,0.0004723243483600811
168269,0.001989369355410389
168270,0.0007565252588522438
168271,0.0015900543919981644
168272,0.00058957300456765
168273,0.003024949602092072
168274,0.0005392345206434169
168275,0.002125828144104693
168276,0.002533815261012604
168277,0.0008599085438232507
168278,0.0010014398353023924
168279,0.0013937761395925567
168280,0.0014869507504780251
168281,0.0005876299453493529
168282,0.0008289243091643614
168283,0.0017537515390857318
168284,0.0005850601816619658
168285,0.0016495320819826947
168286,0.000940504685830948
168287,0.0005763008817214884
168288,0.0010059456608535588
168289,0.0013109183017278431
168290,0.0005976356672440986
168291,0.0007153953578090346
168292,0.0009916334481387787
168293,0.0030063233625320283
168294,0.0036469415787168348
168295,0.0005117757010974031
168296,0.0019164482014452067
168297,0.0032174569607397426
168298,0.0025794408586297065
168299,0.0010091476025392537
168300,0.0006123025069183155
168301,0.2012074896385855
168302,0.002400281355145401
168303,0.004987450456940071
168304,0.00050795455201876
168305,0.0009273272884415552
168306,0.002058572246475236
168307,0.0006562819534271098
168308,0.0029347056142628616
168309,0.003445136566995073
168310,0.0038520338136054525
168311,0.0005398912600496733
168312,0.0017156367214142786
168313,0.001240154914097495
168314,0.0005626733640250528
168315,0.003230120972796906
168316,0.0005771838774079557
168317,0.0013258591264732472
168318,0.0008502719323650321
168319,0.0006354801391738197
168320,0.0021038615724960712
168321,0.0010470280177828797
168322,0.003321889063740076
168323,0.0012131518404250611
168324,0.010230524365204944
168325,0.000576270054379203
168326,0.0005708767020951814
168327,0.001353385880843462
168328,0.0023726195748423025
168329,0.013509824594760363
168330,0.0008098207788495579
168331,0.0015039410446846836
168332,0.0005198566813747742
168333,0.0008920066220093215
168334,0.001099522516819843
168335,0.0005411955610315296
168336,0.0019833154225341524
168337,0.00075359490744346
168338,0.0017686437871422122
168339,0.0015341292075059711
168340,0.0013932231585834088
168341,0.0009350609542507262
168342,0.0020910231405399824
168343,0.0034381596568642827
168344,0.0011678327439095732
168345,0.0012532817994205196
168346,0.017403190601710167
168347,0.0028210486121002486
168348,0.0008209130734825295
168349,0.0048414721801938515
168350,0.0006589703395143934
168351,0.0033425473347211796
168352,0.0005500394017328064
168353,0.0009204526206761214
168354,0.001715758986751602
168355,0.005748218175284262
168356,0.0006682313919516025
168357,0.00276095909417205
168358,0.0017725822953638026
168359,0.0006905055739971737
168360,0.0011058739143440424
168361,0.001909883600449811
168362,0.008690418881104934
168363,0.001841336598850891
168364,0.0007349310343860286
168365,0.000572672848676764
168366,0.0006297445918580346
168367,0.0008099335629187281
168368,0.0018936043226497451
168369,0.0005002775055928192
168370,0.000708183766152959
168371,0.0004354816099933669
168372,0.0010155394477341987
168373,0.000595333373344683
168374,0.0005830174717850881
168375,0.0013546535260289404
168376,0.0006723101867040383
168377,0.0034932308516255417
168378,0.002678507186414522
168379,0.0012563629231794925
168380,0.0007102514262577724
168381,0.004440493810538303
168382,0.001920156986460632
168383,0.0024322548772509485
168384,0.0005377577197994883
168385,0.0005918017350905932
168386,0.0006734295716674123
168387,0.0005228910907051135
168388,0.000687039740742709
168389,0.0013925267370608666
168390,0.0043385473668920505
168391,0.0004983613697267945
168392,0.002024292433327044
168393,0.017845226826958507
168394,0.0008492618421315047
168395,0.0014754276905693706
168396,0.0010491520578886884
168397,0.0024819716541125796
168398,0.0007350524224458159
168399,0.001162048467936048
168400,0.0016322160357869144
168401,0.0005541826978645739
168402,0.0005996799672768128
168403,0.0034939486940195066
168404,0.003019131949957769
168405,0.00039426218896761796
168406,0.0029949520207297256
168407,0.0013728441129806186
168408,0.005401387444796386
168409,0.0018544954817958244
168410,0.0010670467574289077
168411,0.001070283526040896
168412,0.0018759428083628313
168413,0.0005088462664119437
168414,0.0008482308504040666
168415,0.0008838719508844979
168416,0.003600595211023881
168417,0.0006697907814679348
168418,0.0008972100738397846
168419,0.001029171100428545
168420,0.011413097392548033
168421,0.004697133480249824
168422,0.001132957877762382
168423,0.000492675368335903
168424,0.0005448896031265652
168425,0.002974431011654649
168426,0.0049655813470386514
168427,0.0062551850268182906
168428,0.001910168372380471
168429,0.0005523979767832075
168430,0.0026657605246892284
168431,0.0005491161698252308
168432,0.0006642420549823027
168433,0.004765148029750022
168434,0.0006773117124076226
168435,0.0038954753070635545
168436,0.001262159815652262
168437,0.0038060007541392796
168438,0.0007131097278195191
168439,0.0018054179510821327
168440,0.0005072517777301582
168441,0.0006123885748705475
168442,0.03329210971067209
168443,0.0006640180813852768
168444,0.004644921811610213
168445,0.001036254394563071
168446,0.002711352708684939
168447,0.0008646628855112242
168448,0.0005483362517023038
168449,0.9929493614893327
168450,0.0006950068747199144
168451,0.0007358813644802447
168452,0.002772121611887685
168453,0.001630018424329377
168454,0.0014443578311783881
168455,0.0005852934112048285
168456,0.0007581025375118285
168457,0.0006743617391214143
168458,0.004172440456282483
168459,0.0023867261390954973
168460,0.0006632034972658754
168461,0.0012441264003167354
168462,0.0005952046565719155
168463,0.00068269647935052
168464,0.0024768505677186838
168465,0.0012097288771970097
168466,0.0004440857437890728
168467,0.0019935533510057305
168468,0.0009190483756903324
168469,0.0011329239817682406
168470,0.000808726812962647
168471,0.00044994736897631046
168472,0.00529671417598158
168473,0.00036532697363581305
168474,0.036362760008689855
168475,0.0015003182310608847
168476,0.005230590687379286
168477,0.0010687159901964353
168478,0.0011644762103885276
168479,0.0012737685550914476
168480,0.022354270031615678
168481,0.005931427116040693
168482,0.057263544441865204
168483,0.0006807890145834639
168484,0.008897201699871385
168485,0.0009488067637716396
168486,0.0023068179040957055
168487,0.0005159159187746478
168488,0.002993558458815201
168489,0.0012818553342003988
168490,0.0005317103246740607
168491,0.0006645720750510728
168492,0.0005274449758010877
168493,0.0005996827236127152
168494,0.0043596368902947
168495,0.0030338161073194857
168496,0.0006092006201701317
168497,0.000993311072136716
168498,0.0009557806896092487
168499,0.0024145816169792236
168500,0.0013280081325153744
168501,0.0062744070801483975
168502,0.0016342146552581014
168503,0.0019360192461614569
168504,0.0009156080739344148
168505,0.0006421249801451492
168506,0.0007782373184008159
168507,0.9943089198588116
168508,0.0007135350497193633
168509,0.0005867286338952553
168510,0.003402051951699
168511,0.0025533993722102375
168512,0.0005900240360815957
168513,0.0007723043885685692
168514,0.0017574485187027886
168515,0.0015805587342940177
168516,0.0009751162270578335
168517,0.0012496973519211308
168518,0.0003284886591151797
168519,0.005150782178872718
168520,0.003751892632596798
168521,0.0005006743687384598
168522,0.0010043203427921106
168523,0.000873686234092397
168524,0.0005081640891842429
168525,0.000545587162264594
168526,0.017257855762476508
168527,0.0007329847849631539
168528,0.006844972691200818
168529,0.004531343569461485
168530,0.0008258306548020187
168531,0.0007949269218401924
168532,0.0031593749790102517
168533,0.0024032324173014364
168534,0.0052608603804608165
168535,0.002320734896808699
168536,0.001174073963366932
168537,0.0007181604969310677
168538,0.009012983915360921
168539,0.0007907473393786043
168540,0.005306296284818392
168541,0.0009609435976117035
168542,0.0006961877832002948
168543,0.007460652410315342
168544,0.0011921683325594294
168545,0.009978614777184997
168546,0.0014296738269889548
168547,0.003138781336269542
168548,0.002670940366880133
168549,0.0004621611925247729
168550,0.0005850451358172747
168551,0.0007517073516623664
168552,0.9376963439165141
168553,0.00048747619358049786
168554,0.003385930274955211
168555,0.006201256024477983
168556,0.0006923760523120156
168557,0.000698614652342067
168558,0.004045992823144987
168559,0.0009108445624027163
168560,0.0006265261287144924
168561,0.0030554389740201646
168562,0.0010122861303014268
168563,0.0012101313400445022
168564,0.003352890455907428
168565,0.00040130467370100346
168566,0.0010196060388656227
168567,0.0005705185810688808
168568,0.0009478733426267162
168569,0.002136219825627211
168570,0.0005471249910914808
168571,0.009156400859887932
168572,0.0005600302312748355
168573,0.002604144808295533
168574,0.0009027410183214493
168575,0.001978123184921856
168576,0.0014263776573155943
168577,0.0038857285926589685
168578,0.013443774332321412
168579,0.004974799409981468
168580,0.0007036372051463856
168581,0.002726545753010903
168582,0.0006718662517700895
168583,0.0026817804047936716
168584,0.004853828902379518
168585,0.011544877423921684
168586,0.0006761419739906413
168587,0.0023599838588289884
168588,0.00046666994257647733
168589,0.0052005527697904985
168590,0.002735361305952658
168591,0.000370993082918425
168592,0.00085852645599947
168593,0.0011398617948664672
168594,0.0003762567245226416
168595,0.0016652957106101862
168596,0.003523388375109347
168597,0.0011395245461640656
168598,0.0005669941855198868
168599,0.0018303388901225724
168600,0.0018127884344081913
168601,0.0005429575295223139
168602,0.002070030367207572
168603,0.027279800635256722
168604,0.0007068547470993876
168605,0.00169580860111162
168606,0.0005789656000912239
168607,0.0006743275190807503
168608,0.0007044564703871661
168609,0.010157821648298804
168610,0.0008076772163495227
168611,0.0005057448995221943
168612,0.0011728260771876075
168613,0.001012884831945382
168614,0.0013329508028637992
168615,0.0006147660654910784
168616,0.0009255498719636651
168617,0.002033658484419458
168618,0.0006575773595165991
168619,0.0010006292261687877
168620,0.0006324195630341214
168621,0.0009218042546383109
168622,0.0007516074709405539
168623,0.0003627262600327557
168624,0.007867277446974297
168625,0.0043605787655093455
168626,0.0004913848174487284
168627,0.0026621006712299247
168628,0.0005009271043673669
168629,0.000566241728005158
168630,0.04332058550089837
168631,0.0006274873892876418
168632,0.003265969111394547
168633,0.024341068149162738
168634,0.00277084240832055
168635,0.0007456390158469754
168636,0.0006720660233211692
168637,0.0006479671605299349
168638,0.01176785608623989
168639,0.0003688109799342848
168640,0.00066709643885527
168641,0.004300931620742351
168642,0.0006983508930942519
168643,0.0013158846322691214
168644,0.0020460027357845573
168645,0.0011347187339946234
168646,0.006045653579041311
168647,0.0010796829998287918
168648,0.0016276447805748725
168649,0.0009910015467881992
168650,0.0007408599580383965
168651,0.0006510132305079366
168652,0.9967555771279043
168653,0.0005474830373227317
168654,0.0007810918749540325
168655,0.0006220249543872544
168656,0.0006235993750251658
168657,0.0005534189877509215
168658,0.000872969098731836
168659,0.0016560021507820032
168660,0.0005914407959468844
168661,0.0022244631621516865
168662,0.0020268120686431864
168663,0.0005294617578473337
168664,0.0016974882292388337
168665,0.0007553410969551145
168666,0.00043472018597661387
168667,0.02558595587471442
168668,0.0016233360703139586
168669,0.0007505823999435313
168670,0.0011866950560032446
168671,0.003537010650151421
168672,0.00298541316212531
168673,0.0005646015346723473
168674,0.00039509311481508144
168675,0.004941420003351826
168676,0.007003370935161559
168677,0.0030705994903758717
168678,0.0006399794031566609
168679,0.0007334499903783845
168680,0.0007230564873177181
168681,0.0007190424321122854
168682,0.0007182697489974295
168683,0.0005469056461018836
168684,0.0006757604961619822
168685,0.007691286919935058
168686,0.0007917053266931027
168687,0.0010715304246560829
168688,0.0011219337618902962
168689,0.0003272910226668899
168690,0.004858439800780106
168691,0.0005895850293468195
168692,0.991656829513618
168693,0.0020243154387681156
168694,0.0007812660298056335
168695,0.0007077960893023804
168696,0.00047355276882399424
168697,0.0037100308370610533
168698,0.0009036203632613735
168699,0.00044935244009863503
168700,0.002581744080678957
168701,0.005599104871354444
168702,0.0006440274665431837
168703,0.0008927296942874129
168704,0.9699490992842605
168705,0.0010427675264017007
168706,0.0018577148509255881
168707,0.0008789260882950242
168708,0.0004928527986859698
168709,0.000994003050457779
168710,0.000646804872102786
168711,0.000554584578615094
168712,0.0008093805331402936
168713,0.0015893578035443307
168714,0.0012299626285905685
168715,0.0008068311588506512
168716,0.0017491890738030307
168717,0.0009582328717610748
168718,0.0007396998835047673
168719,0.0009522881747574593
168720,0.0006325520319948718
168721,0.0007685587672363678
168722,0.011891299035965114
168723,0.02301950796778305
168724,0.0008919939273623334
168725,0.003959324330335287
168726,0.00048496518876429615
168727,0.0006227840949832454
168728,0.0027658474952814488
168729,0.0004950260499346313
168730,0.0008389132332777428
168731,0.0008254201781733924
168732,0.004817754836303524
168733,0.0006016159794821811
168734,0.001245177156295883
168735,0.0007468721098230935
168736,0.0023856487570687126
168737,0.0005047884645536149
168738,0.9874722531710205
168739,0.9839357375565037
168740,0.0013150708062764937
168741,0.0006633038160053974
168742,0.0008444735878469897
168743,0.000493000053226638
168744,0.0016408973566921891
168745,0.0007104558378784095
168746,0.0007446664619890433
168747,0.0010559062397009693
168748,0.003309228454953727
168749,0.0005711985503061274
168750,0.000686297457050136
168751,0.0011803529276370323
168752,0.00604836609929971
168753,0.0008218797403202862
168754,0.041065415278209186
168755,0.0014191449554277393
168756,0.0005019872001325595
168757,0.000875115342490654
168758,0.0014395703381249584
168759,0.000628093459234425
168760,0.0006928540355226008
168761,0.0006005180481818531
168762,0.0014188756723858792
168763,0.0038959018484484146
168764,0.005016553927691696
168765,0.001385904753387476
168766,0.0008331149395776484
168767,0.0009388320399149966
168768,0.0017463878689346318
168769,0.0012648351394898274
168770,0.011533706410663145
168771,0.002801276562498914
168772,0.003040260838366734
168773,0.0011620442224235432
168774,0.0006637822852802151
168775,0.002758156093841605
168776,0.0017828248043255822
168777,0.0004386775464575463
168778,0.0008139212963812317
168779,0.001497887490703826
168780,0.0013625998890602182
168781,0.006563981205044098
168782,0.006170480665924909
168783,0.004058461943479869
168784,0.0005180412517182447
168785,0.01879518207412071
168786,0.0007295618325596474
168787,0.00114719982674712
168788,0.0006264903769763012
168789,0.00043683876150105524
168790,0.00048306070745862554
168791,0.0008932462138786664
168792,0.0006143364861084812
168793,0.004059182356941929
168794,0.002738587735147963
168795,0.0014560317316238192
168796,0.0006563491584697075
168797,0.00047889997569272233
168798,0.001760267800115288
168799,0.004378306589749898
168800,0.0008290929445677526
168801,0.00521304737366895
168802,0.00078985745492539
168803,0.0005133711606945426
168804,0.0008578230776771368
168805,0.0019928447544224643
168806,0.002872608600610252
168807,0.0008138931903673011
168808,0.0012461877718555159
168809,0.0005776288178238241
168810,0.009479558240617515
168811,0.0008063598706720722
168812,0.0016703990853603884
168813,0.0012906550194927283
168814,0.0008555672416405814
168815,0.0005604265490383481
168816,0.0008030446092518171
168817,0.0005837356880914491
168818,0.0008393559036484776
168819,0.008349168652462064
168820,0.0008028153804111159
168821,0.0007872419547459563
168822,0.0008019509962248486
168823,0.0006946198773454656
168824,0.0013817860176004804
168825,0.0007167185498684211
168826,0.001262509096368152
168827,0.0007730811118365489
168828,0.000605185977972105
168829,0.0014470736003294776
168830,0.0007857059327484498
168831,0.000847127577825418
168832,0.00046692479410616675
168833,0.002507277969902782
168834,0.0004629677291556846
168835,0.0010912245726468202
168836,0.005461359584581018
168837,0.012229119641516479
168838,0.0015718976920533487
168839,0.0006346601894739607
168840,0.0006147366496777428
168841,0.0019893306563431266
168842,0.001258249363717886
168843,0.021933010331301184
168844,0.00045610958476169865
168845,0.0009257493386956761
168846,0.0005935761123462841
168847,0.0004681897908076101
168848,0.9942552474975785
168849,0.0005850640006662426
168850,0.004025019511491217
168851,0.005749145265943909
168852,0.0005765265510180044
168853,0.0008288405226978637
168854,0.0021718013078235957
168855,0.0009264217063208197
168856,0.0017281013620357296
168857,0.0006478583066025726
168858,0.003568901797468152
168859,0.0007466544044304667
168860,0.0008829289776417258
168861,0.0006653144698928293
168862,0.0010607865341787435
168863,0.00041506869117709607
168864,0.02296503723041632
168865,0.0007694773146295175
168866,0.0006618148729247345
168867,0.0005035075240715018
168868,0.0016978258618775026
168869,0.0014779937296817043
168870,0.001917748348728211
168871,0.0008204810971323639
168872,0.002153582455653415
168873,0.0010063564832981696
168874,0.0012553826224759321
168875,0.0013820668886907737
168876,0.005021173759281768
168877,0.0023776071886564163
168878,0.0005265108438396627
168879,0.0006929176785390346
168880,0.0009816443489702328
168881,0.002689052381972854
168882,0.0009063302119632091
168883,0.0007700732455993183
168884,0.0011811938334863846
168885,0.0019147891434402667
168886,0.001153701566901334
168887,0.0008889280420203301
168888,0.0005778515675461716
168889,0.0005932749969958025
168890,0.0013072875427133424
168891,0.003320670557285085
168892,0.0006227065237157411
168893,0.0006693279960459896
168894,0.0006585944935359909
168895,0.0007493376912674418
168896,0.0012197385851348288
168897,0.002355785804634162
168898,0.0005392360754068999
168899,0.0004597003432862275
168900,0.0010716371885409548
168901,0.006138597936493614
168902,0.0007296677104447419
168903,0.016069921976376446
168904,0.000786175698590369
168905,0.0006081297615072245
168906,0.001413231538066083
168907,0.0011309115229716778
168908,0.009257465731839614
168909,0.0012448287014721463
168910,0.00045037978784243294
168911,0.0005121414815633242
168912,0.0031309683437284234
168913,0.002628428634443185
168914,0.006288415756724403
168915,0.0005742888287534967
168916,0.0006443034693953608
168917,0.009424983861693497
168918,0.011551277816484493
168919,0.0007067571911767604
168920,0.00042733627403767754
168921,0.003617814855554555
168922,0.0006491820600977609
168923,0.01145068997355777
168924,0.0009297830051589554
168925,0.0007528497188133792
168926,0.0006350736665947704
168927,0.002015010104718063
168928,0.00030794299236226296
168929,0.0010296646380519685
168930,0.003495557076644732
168931,0.0007646353668986616
168932,0.0025700703895060882
168933,0.00047617836136056333
168934,0.0006436276219758241
168935,0.0019241994330453003
168936,0.000683235085126006
168937,0.0024904306756404265
168938,0.0009106194670508239
168939,0.000780319430238886
168940,0.0014682167642224254
168941,0.0025944730974426225
168942,0.0011606168420974156
168943,0.001184849700804541
168944,0.0009264384084897818
168945,0.0011771771096290762
168946,0.0004723418286479309
168947,0.0012777223717317094
168948,0.003342063956919418
168949,0.0007231396427141742
168950,0.0015938792708981115
168951,0.010020926595636814
168952,0.0007074287152224247
168953,0.0011981165750859462
168954,0.009849670737686967
168955,0.0008689912771528924
168956,0.000653527393998012
168957,0.001025575489975818
168958,0.006885141141347178
168959,0.002058498497921607
168960,0.015867230528884533
168961,0.0006457530171977248
168962,0.0007610177297561405
168963,0.0008309355478273203
168964,0.01809509302963186
168965,0.001141795357295361
168966,0.0116885745573225
168967,0.0008954515249957457
168968,0.0013819008044401952
168969,0.0032263600123601187
168970,0.0006471059263969953
168971,0.0004826306512312456
168972,0.0007039953143096627
168973,0.002765240503337588
168974,0.0007946562611496461
168975,0.017057830641339276
168976,0.0006469752227775825
168977,0.001382527365041425
168978,0.0014593332661563133
168979,0.0007948241792154879
168980,0.0006825500538557828
168981,0.021057169347005317
168982,0.0006739872543082193
168983,0.0009047936244922907
168984,0.004574420306107612
168985,0.0005334903267568276
168986,0.0005732181121233638
168987,0.0014022669290313454
168988,0.0011644511438645877
168989,0.0008093159760513727
168990,0.001274269882477687
168991,0.0006826825262635889
168992,0.017911357362189385
168993,0.0006417145795584465
168994,0.0007552444367964054
168995,0.0006564449079770623
168996,0.0006473528966822625
168997,0.0008823048149010838
168998,0.0005662933787574307
168999,0.0015588563766070224
169000,0.0005906128809779819
169001,0.0007728697856639812
169002,0.0006907546889045926
169003,0.0018589798308035156
169004,0.0008934682889340737
169005,0.001148980210346419
169006,0.0005196989189083467
169007,0.0025909692878029597
169008,0.0006553707000587091
169009,0.002489447146153547
169010,0.01465448078006623
169011,0.0013308218828120464
169012,0.011415132565013208
169013,0.0004671030556848802
169014,0.0006040596756459484
169015,0.0006955200203657045
169016,0.001405987173523476
169017,0.005976538402492193
169018,0.0009700417630369382
169019,0.0006606956327193025
169020,0.0044855398514273784
169021,0.007887799679389008
169022,0.0003972458552064532
169023,0.0015703028336686155
169024,0.001386864183414199
169025,0.0009753478621252048
169026,0.0005754926588923255
169027,0.0005284045688301247
169028,0.0008374468618611287
169029,0.0009663388774893819
169030,0.0016461886376827487
169031,0.0006765109630220126
169032,0.0016464716590544218
169033,0.0005699518719424683
169034,0.0005993757426609933
169035,0.0033205380898522546
169036,0.0009161795757586363
169037,0.0005158455091710178
169038,0.0005787758290972361
169039,0.013634764834086224
169040,0.0008467881547407463
169041,0.0006780443889734123
169042,0.0005666918786658042
169043,0.0197145064803454
169044,0.0012146452741729746
169045,0.0022440265595182352
169046,0.0032561796036404047
169047,0.0004087798668041528
169048,0.000366423454930076
169049,0.0007048556430527754
169050,0.0011749591755022813
169051,0.00077740849105181
169052,0.01763250615802458
169053,0.0011425612268037124
169054,0.0008160951279869897
169055,0.010389156689814784
169056,0.0007291254612028339
169057,0.0007167258183629023
169058,0.0005776545787688172
169059,0.0019058456358669634
169060,0.0009843548226302838
169061,0.000780288994870077
169062,0.0014286805097600702
169063,0.0004602581002801418
169064,0.002263036672380011
169065,0.0006299444384164216
169066,0.0006342002288890816
169067,0.008710934216499402
169068,0.0015731512901941895
169069,0.0004705927858682253
169070,0.0003311239841918376
169071,0.010371559163228801
169072,0.00033873047237529267
169073,0.0017231697371715977
169074,0.0007409921230175586
169075,0.0006118594267463125
169076,0.0015199337147159932
169077,0.0007008028263183111
169078,0.0024126502454647754
169079,0.0009048448241928362
169080,0.0026349469823774667
169081,0.9978544743378612
169082,0.0008055383079489877
169083,0.0005188895690734459
169084,0.0009604224979906091
169085,0.0005521292190790675
169086,0.000756745768722672
169087,0.0010127627077601681
169088,0.0015986994934710508
169089,0.000761606716587381
169090,0.0008407434544424016
169091,0.00043387454428172673
169092,0.0008336250773644864
169093,0.0012741064777948728
169094,0.0005424356315187849
169095,0.1932705454244052
169096,0.0006736457626281439
169097,0.0009594392626437506
169098,0.0026527656746783593
169099,0.002069846522401399
169100,0.0012710472434688134
169101,0.0006880695738909642
169102,0.003948284301768091
169103,0.0008505831995464261
169104,0.0009432348336069478
169105,0.0022191561754474243
169106,0.0004702774734465256
169107,0.001117748693219765
169108,0.0007199591240032848
169109,0.0006109686707345732
169110,0.010988448884123446
169111,0.005492802806519085
169112,0.0006580143898422565
169113,0.0009650146206404361
169114,0.00491524115009155
169115,0.0015742512306350996
169116,0.0006774207101489148
169117,0.0012231623403537641
169118,0.0005329562645447297
169119,0.0022499079121537984
169120,0.0005823670956015742
169121,0.0011978545156111917
169122,0.0006091037020168292
169123,0.004722101153922411
169124,0.000826925307359878
169125,0.0008384853867044298
169126,0.0005503980951855586
169127,0.0012983608543068903
169128,0.0006090456087045464
169129,0.000873900482499305
169130,0.000380636599197358
169131,0.019315531234221618
169132,0.0008199793235345856
169133,0.00045236236610436556
169134,0.0013371552227641871
169135,0.0007478658020182916
169136,0.0004678879222616341
169137,0.0012824582925555147
169138,0.0015253500448607652
169139,0.020971329620275536
169140,0.0007654716568096969
169141,0.00046863113647127786
169142,0.007427523399268464
169143,0.000637593734445338
169144,0.009748697561752884
169145,0.0006003854759087746
169146,0.00373451394590644
169147,0.014889541290836795
169148,0.0011166851301878575
169149,0.0005586487352800616
169150,0.0017992159380628451
169151,0.0018577445743839403
169152,0.0003809383784700127
169153,0.000997998571802498
169154,0.00044951021124320866
169155,0.0008279395712446143
169156,0.0018904299603618303
169157,0.000761520463096234
169158,0.0010648815377119261
169159,0.00121455179229901
169160,0.0006161030423265526
169161,0.0009867478027131722
169162,0.0005164507776695959
169163,0.004668616147061098
169164,0.9978981270070101
169165,0.0008979956063859445
169166,0.0006781324029973649
169167,0.001996065100049425
169168,0.014139039816398358
169169,0.9935622622472449
169170,0.000747606550575376
169171,0.0009063287057253751
169172,0.0007463476559865878
169173,0.0020176205620031926
169174,0.0006130754395213182
169175,0.0005610741522306238
169176,0.0006019242221956457
169177,0.005552741606015762
169178,0.0009898755217991175
169179,0.005025748603099581
169180,0.0006669423327641475
169181,0.0006301897233859076
169182,0.0006670001239459217
169183,0.0016944568443761157
169184,0.0010280230738182732
169185,0.0009133044370783173
169186,0.0006972235769986
169187,0.002285697607163878
169188,0.008292256869252859
169189,0.005920606770691354
169190,0.0006225921922056655
169191,0.0007354043610720209
169192,0.053306123039022324
169193,0.00436924836749268
169194,0.001128034281341372
169195,0.002882992838360057
169196,0.0008091303810840162
169197,0.0006740513188203301
169198,0.0006171775718041272
169199,0.0015328410481777505
169200,0.0008499015880034487
169201,0.006190177730503634
169202,0.0005262737140742749
169203,0.0007964580735027601
169204,0.0007348622522744551
169205,0.000615202038294534
169206,0.0005506067971471967
169207,0.022281392059047365
169208,0.0010208122610722722
169209,0.0017085434377331627
169210,0.0011605769177627297
169211,0.0005834426134121862
169212,0.05081507720153239
169213,0.000819333319652554
169214,0.0005514518128724174
169215,0.0006871967620780541
169216,0.0008014309078383365
169217,0.0020499806499102704
169218,0.0005443373734327368
169219,0.0007980606515656842
169220,0.001325586454038301
169221,0.001601005977558625
169222,0.0010461996081161378
169223,0.018497116831297167
169224,0.0005297048326630662
169225,0.0007491046971009297
169226,0.0019688315359154534
169227,0.0010428749957954585
169228,0.0007978017441796637
169229,0.0004911267131668283
169230,0.004460508365736641
169231,0.0011936573802866827
169232,0.0006164239611910338
169233,0.0007633430827602445
169234,0.005685859119946009
169235,0.000545570864668558
169236,0.0017210273810511424
169237,0.001275472754468715
169238,0.0005200588776725422
169239,0.0004911963843132939
169240,0.0015938268079842
169241,0.0009062991983366574
169242,0.000659091100055368
169243,0.00282516541424792
169244,0.0010226231074971913
169245,0.0006822543817396997
169246,0.0006731501721850563
169247,0.001357781993857436
169248,0.0014838174751049364
169249,0.0034355255800239733
169250,0.0022776950448084752
169251,0.0031884159770809058
169252,0.003516509947826937
169253,0.0013293876985106402
169254,0.004393094528782964
169255,0.00134526569233995
169256,0.000604185456004354
169257,0.006457891142103075
169258,0.002495242065393289
169259,0.00817456919229782
169260,0.004169814588165625
169261,0.0008108860875337899
169262,0.0007141952985001974
169263,0.0022092764009463495
169264,0.0006281502919196089
169265,0.0009992437639845622
169266,0.0013026776298981167
169267,0.0006128593373703272
169268,0.0008165469297010244
169269,0.0006285667543572149
169270,0.0003626388477933712
169271,0.0008691991052798696
169272,0.0006167546201914695
169273,0.0020551766700673034
169274,0.0006622207253369148
169275,0.0005358574462732003
169276,0.0007266129154287757
169277,0.004474901470231756
169278,0.000539725865251541
169279,0.0038637106663130276
169280,0.001128945213016483
169281,0.0028493161150081434
169282,0.020610685437741687
169283,0.0020962664733128623
169284,0.007491475235445211
169285,0.00039842669593991096
169286,0.9985664252278378
169287,0.004093247348438625
169288,0.016441826375561006
169289,0.0007308281870419067
169290,0.004484007508912513
169291,0.0006540809514386361
169292,0.0010601842141583601
169293,0.007381350250122715
169294,0.0011089526710260284
169295,0.0018778890141076107
169296,0.0005581617531990142
169297,0.002766790005686243
169298,0.003111127260675697
169299,0.0025733486309861397
169300,0.0007599850575408298
169301,0.001078106502116713
169302,0.0009780743657920045
169303,0.0017702653345435296
169304,0.001985671597120487
169305,0.0011134535576940226
169306,0.001927391616809568
169307,0.0005464456780890584
169308,0.018366959878943753
169309,0.0018489023056649401
169310,0.0023177787732281243
169311,0.004366120846859233
169312,0.0009640557393392594
169313,0.0005275633794572291
169314,0.003667184448931445
169315,0.0009992295009259274
169316,0.0005856249063732837
169317,0.0008307614155280306
169318,0.0006719906116384593
169319,0.005522267469969815
169320,0.0008149967213799585
169321,0.0009754657788857456
169322,0.03844335494478465
169323,0.00046201662025073173
169324,0.0006422800972991355
169325,0.0006316580025103227
169326,0.0019230375480860213
169327,0.0003948685186443739
169328,0.0005191588258342404
169329,0.0006141699584021026
169330,0.3246784469236495
169331,0.02068124929809765
169332,0.0012422367781411946
169333,0.0011537444202106917
169334,0.000840327538381602
169335,0.0005405402583942437
169336,0.0068507931678842855
169337,0.011836732461340897
169338,0.0008333272571479046
169339,0.0034260014256421683
169340,0.0004755565523657197
169341,0.0008197550963567441
169342,0.0006317078851653561
169343,0.0004728024187086267
169344,0.0012846120910649755
169345,0.0006699841442015671
169346,0.0030704359300366517
169347,0.0018758168500350742
169348,0.008540501427559483
169349,0.0005177612778882021
169350,0.0005074725107531409
169351,0.0012191952737116876
169352,0.000685695356088167
169353,0.0005292696767642152
169354,0.000871198201579222
169355,0.0006012654348637708
169356,0.0009901840924893348
169357,0.0015910118621454427
169358,0.0016443655476853247
169359,0.0013033968146586366
169360,0.002382250398765223
169361,0.0011810961484797306
169362,0.0061140347613179245
169363,0.0011254442735991264
169364,0.0013991417769880687
169365,0.0007259810039474407
169366,0.0010530970928831426
169367,0.0017534094985539289
169368,0.0006317535710354312
169369,0.004100114518473933
169370,0.0005127892087672999
169371,0.0005638266140775508
169372,0.004492805697296212
169373,0.005312755661329617
169374,0.0006759196565375012
169375,0.9928306860378541
169376,0.004022971616287287
169377,0.0008702907310247965
169378,0.0006915004095685909
169379,0.003275880367623698
169380,0.004631988950002313
169381,0.003295283002841
169382,0.00565568785210345
169383,0.0013290549086072785
169384,0.0006939672254446538
169385,0.0013927212004555788
169386,0.0007007837700464349
169387,0.0011630139710906606
169388,0.0005929911025713842
169389,0.00037870636929081177
169390,0.0005906735288584886
169391,0.0006790551220710803
169392,0.0007873652044697167
169393,0.0006629622800401676
169394,0.0026746012917628773
169395,0.001605596222064262
169396,0.0031831776797248395
169397,0.0005725142078582944
169398,0.0006159605263529578
169399,0.0011075156082756834
169400,0.00045345324669905803
169401,0.0008143150571624737
169402,0.0047960644831697135
169403,0.0009712529652416055
169404,0.0011024399702174782
169405,0.00047179014399696873
169406,0.019021002694062983
169407,0.0008149421821083702
169408,0.00037854116435755326
169409,0.0005088455932586617
169410,0.0016592160941528568
169411,0.0006386395842739643
169412,0.0024719771536966706
169413,0.0040800277890729614
169414,0.0014155984891306237
169415,0.001882797751633343
169416,0.016415963259028367
169417,0.001454849862269663
169418,0.0029619464914392244
169419,0.0007404537887651968
169420,0.0018831381460759852
169421,0.0007309047520365462
169422,0.001127017642358233
169423,0.0009469118148948245
169424,0.0037361545423322587
169425,0.0008711026158736966
169426,0.000851662409175053
169427,0.006953263363319471
169428,0.001249781295068082
169429,0.007648151564293312
169430,0.0015506731467339907
169431,0.00265634516517901
169432,0.004409342216005113
169433,0.0017482226856617828
169434,0.000830954022217955
169435,0.012158353520209376
169436,0.0009042604124809007
169437,0.004723903174519862
169438,0.003147340658961645
169439,0.006984954934218773
169440,0.0009916627776899128
169441,0.008758025684742257
169442,0.0013385118529620809
169443,0.00046750545136987513
169444,0.0008040344697781874
169445,0.0005204799876929348
169446,0.0005731053484812745
169447,0.0006576664453510958
169448,0.0016197564399008583
169449,0.0006695351662451777
169450,0.0016461826230381063
169451,0.0005472898617776044
169452,0.0007610994593648295
169453,0.0005609693037285178
169454,0.004641690268130386
169455,0.0014810215256484327
169456,0.0009731394915440156
169457,0.0010788368470327561
169458,0.021215016241740367
169459,0.0009293483115661791
169460,0.06792706478848147
169461,0.0007159044176169203
169462,0.001061349133633011
169463,0.0005811400398887517
169464,0.005811072646215587
169465,0.0004338405035874752
169466,0.004620663179881899
169467,0.007843378815166568
169468,0.0010338276859059188
169469,0.0007124209955306504
169470,0.022027178389267925
169471,0.0017982259226332355
169472,0.006468191795558216
169473,0.023794605366392045
169474,0.0012895746718687682
169475,0.0006272335988590419
169476,0.9951990242633002
169477,0.003036901541938305
169478,0.0007229922670051897
169479,0.001178275026246098
169480,0.0004989699036909482
169481,0.000610317634946926
169482,0.14267206067828636
169483,0.0005695153943007686
169484,0.005582516608001865
169485,0.0005898862857356509
169486,0.0004920388859729065
169487,0.002004014622152303
169488,0.001469649101913315
169489,0.0006249635981251664
169490,0.0010809307590557663
169491,0.001392701248168472
169492,0.0007116112813546171
169493,0.0005639132008182649
169494,0.003917708217069927
169495,0.0005263565973755917
169496,0.0007205046878989432
169497,0.002653394840794152
169498,0.0018189780580700602
169499,0.0015959439806668494
169500,0.017426158213177848
169501,0.005191315255586309
169502,0.0007421584895423935
169503,0.000543395960717089
169504,0.0024743054135931116
169505,0.0011391531300167987
169506,0.005500383496068579
169507,0.000490389047817885
169508,0.0008241730850750635
169509,0.0008480770238487915
169510,0.007530424895770707
169511,0.0005524339708691358
169512,0.0330472250766317
169513,0.00432202215705796
169514,0.0006683182062698712
169515,0.0011650835439401617
169516,0.0007335621302062973
169517,0.0006995531221764931
169518,0.0005068220059662607
169519,0.0010906153032799269
169520,0.0010126015894524184
169521,0.0009303130891714266
169522,0.0009829400166143966
169523,0.0007454095431499991
169524,0.9953079832190176
169525,0.006995931734906686
169526,0.000775895566915385
169527,0.0007513825660545811
169528,0.0007682114580519145
169529,0.0011429935644272464
169530,0.0036415952769982807
169531,0.0009762460423183507
169532,0.01143280477216307
169533,0.002742922962607775
169534,0.0005419459168464124
169535,0.017164195581301306
169536,0.0008598708536614464
169537,0.0004792148470126928
169538,0.0006859920133156812
169539,0.0015846954680564201
169540,0.0023038456600377776
169541,0.0008530044029555145
169542,0.0018161636398370787
169543,0.001385184434326602
169544,0.0016102897522457691
169545,0.000703862514172977
169546,0.015283673188052321
169547,0.0005743057784212528
169548,0.0035336750664948587
169549,0.0007199151198704234
169550,0.0035775497420250857
169551,0.007290401193211952
169552,0.0006076699365816161
169553,0.0006438216482486262
169554,0.0038681776295938506
169555,0.9971750503130811
169556,0.0005376311799114467
169557,0.0008156730738167269
169558,0.0004924678285933086
169559,0.0043132339348216624
169560,0.0026796074632523506
169561,0.0006704833133288712
169562,0.001124620293914862
169563,0.0006404004152922439
169564,0.0009006753674504427
169565,0.0008639026629778653
169566,0.001139393745278217
169567,0.000992302714701467
169568,0.0006213610088195932
169569,0.0005128920559917354
169570,0.00967463963348562
169571,0.015767227694300234
169572,0.0020802788178074377
169573,0.014668691351408764
169574,0.0007290702077703071
169575,0.0008948009443166831
169576,0.0021817111717447155
169577,0.001515555510930131
169578,0.0007239004609681647
169579,0.001109709186494724
169580,0.0033013659340543093
169581,0.03331514422684574
169582,0.0006447514129363239
169583,0.0008071077869646832
169584,0.0014229271921277886
169585,0.0018625174033587498
169586,0.0010819085211643152
169587,0.0009226340517246782
169588,0.0007319274522345556
169589,0.0010180469236516112
169590,0.0012869659971612266
169591,0.000597807948624481
169592,0.0015923009840253066
169593,0.0061581741603682775
169594,0.004803499760482769
169595,0.0011907830365325198
169596,0.0025795931141574403
169597,0.0007027121802920467
169598,0.0017078209803106452
169599,0.0008266339196694776
169600,0.0006659454385358272
169601,0.0005784300318336871
169602,0.0007959042913584486
169603,0.0011401960020116053
169604,0.005559570834703561
169605,0.005917457407551196
169606,0.0007824721991142555
169607,0.0005565441538147703
169608,0.004875463492463055
169609,0.0004852973015632736
169610,0.04597694663367963
169611,0.0009816237204249576
169612,0.0005465015456653813
169613,0.0005310148747522295
169614,0.007044497026654694
169615,0.0007003801314143664
169616,0.007350741002092512
169617,0.0006425257091256712
169618,0.0006309365477476164
169619,0.002917015135884063
169620,0.003797994912996026
169621,0.000775240099335885
169622,0.0011829820484631532
169623,0.0007307123204189674
169624,0.0005483492699454781
169625,0.001450598432513772
169626,0.000676431072185005
169627,0.000739747427516867
169628,0.0006332339110848189
169629,0.0005794141797606152
169630,0.0038452629687712424
169631,0.0007769054209888593
169632,0.001309372489835491
169633,0.02041360009777994
169634,0.003558076217732128
169635,0.0009948815217898678
169636,0.001247508391716232
169637,0.0010986495484161512
169638,0.000680696806036268
169639,0.006262487984151726
169640,0.0011223813816730308
169641,0.000876293101350059
169642,0.0014660955982215987
169643,0.0005861921914864861
169644,0.004588767732448956
169645,0.0005723005092759545
169646,0.0008140334177598758
169647,0.0030035130367195633
169648,0.0013613225595701982
169649,0.001239058392915434
169650,0.0017129713490081889
169651,0.0006833714796279717
169652,0.0008730714397247138
169653,0.0007241232538645959
169654,0.012528218920640726
169655,0.0036324609071388975
169656,0.0024864457434589354
169657,0.000769317890267395
169658,0.0008648238376182883
169659,0.0030498519817019915
169660,0.004167978188111956
169661,0.004054297488855166
169662,0.0005793266683720935
169663,0.0011342102603068864
169664,0.0010585259117340665
169665,0.003465805033121843
169666,0.012183441318854717
169667,0.0005452163612283042
169668,0.0004566747403576762
169669,0.0006813891649694048
169670,0.000638991040643016
169671,0.001104054518796234
169672,0.0007813844388560804
169673,0.0020784384293769317
169674,0.0006178613885979142
169675,0.0014068694728153802
169676,0.0006456149688454679
169677,0.0005047768720533867
169678,0.0012117750239561526
169679,0.0006931108170205729
169680,0.0010864622191825543
169681,0.0006668120057339339
169682,0.0007449463194421845
169683,0.0009597435560213367
169684,0.00450770894386238
169685,0.0007439984210879632
169686,0.0005286032112375159
169687,0.0004733359931274895
169688,0.00032634403349771145
169689,0.002982416423957678
169690,0.0017836968723359053
169691,0.0013807147935925618
169692,0.0007167385308509337
169693,0.0014363500880698776
169694,0.004571478935246485
169695,0.0005863564100907729
169696,0.0025019797846943456
169697,0.0008103211466251841
169698,0.006803773084495853
169699,0.0006018036814801242
169700,0.0007655261725481632
169701,0.0007425580790510512
169702,0.000506403693471917
169703,0.00042355110373899253
169704,0.0010710567575102112
169705,0.0005568102979160054
169706,0.002559733029954386
169707,0.008570222636586898
169708,0.001898399239697125
169709,0.0011347368798253568
169710,0.0006754176563800744
169711,0.0008953924268318094
169712,0.004028814168017356
169713,0.0006970596944982174
169714,0.0015801880877085346
169715,0.0007458344765563936
169716,0.0009009802034773717
169717,0.0005193248048699005
169718,0.09214317242901161
169719,0.00036886209959033394
169720,0.0005495591579991268
169721,0.0008760355570415382
169722,0.00976048934740391
169723,0.0006641136402210514
169724,0.0006310567078290457
169725,0.022006376705400205
169726,0.0008047095954748688
169727,0.0009665013882776833
169728,0.9933604607655626
169729,0.0007325329857498202
169730,0.0008923457960318454
169731,0.004716879309691302
169732,0.005348611362472952
169733,0.0006920538856122418
169734,0.0030847451350397366
169735,0.0018950512088354316
169736,0.0009780981691199584
169737,0.004670631967688223
169738,0.0008878791976428584
169739,0.0005594988839147068
169740,0.03878156286415278
169741,0.0033823913961768606
169742,0.0023446276237081643
169743,0.0006408775521956666
169744,0.0029608511625153306
169745,0.0004510664675269567
169746,0.0005792730815579066
169747,0.001538587452829322
169748,0.0005776258287367455
169749,0.0020489735380734837
169750,0.0006685026810729175
169751,0.0011423786467081526
169752,0.0026746906378265125
169753,0.0005853157085677731
169754,0.0007038726406460713
169755,0.0017116761566518556
169756,0.0014847533708401942
169757,0.020829940262166842
169758,0.001657131560584738
169759,0.0007665721322512904
169760,0.0010233307436787876
169761,0.0007929242560175743
169762,0.0009605788656292329
169763,0.0007076096222589664
169764,0.0009020224264301313
169765,0.0012180217508142497
169766,0.01577017349398251
169767,0.0006439007351498313
169768,0.00206051467472351
169769,0.002090392678353957
169770,0.005590117176557727
169771,0.000891458645835536
169772,0.0009164060764733253
169773,0.000573991356118276
169774,0.0023938039442235512
169775,0.0004992701585556675
169776,0.0010095175646181419
169777,0.0008261981196543116
169778,0.9897957574826197
169779,0.0009230007751815361
169780,0.0007415461044354898
169781,0.0007190003626325613
169782,0.0006960413818138494
169783,0.0009114065590922272
169784,0.00047417938492258786
169785,0.0179583880639014
169786,0.0008292486779418482
169787,0.0009842001163795334
169788,0.019448130692966574
169789,0.004551919820344942
169790,0.0011661139721529344
169791,0.0006247568994521861
169792,0.0003929034401844093
169793,0.00204158993342264
169794,0.0005444536689674867
169795,0.0008329229801643499
169796,0.007776619583892747
169797,0.0004142777965634319
169798,0.0012175891384681979
169799,0.0005423872747710052
169800,0.0015556700241295025
169801,0.005418659616575283
169802,0.001154205993917717
169803,0.0010499055337183792
169804,0.0007646291829487426
169805,0.0015972404504230636
169806,0.0038606466157548357
169807,0.000683687494099596
169808,0.0007255796226346585
169809,0.0006653137887398046
169810,0.00041092560883349504
169811,0.9692495387456429
169812,0.00031733964161737477
169813,0.0022564115228817464
169814,0.0007755163955811672
169815,0.002081612587242988
169816,0.003452410978159723
169817,0.000472524505963169
169818,0.001886926885878756
169819,0.0006529442165946799
169820,0.9939932055078933
169821,0.0007641222711317782
169822,0.0019629778196837452
169823,0.0018636701862813814
169824,0.0011104111519507176
169825,0.0021959500973374848
169826,0.0008639176958268841
169827,0.0007398315872949803
169828,0.0006566121643645567
169829,0.0006095007678568509
169830,0.0008494790392099599
169831,0.000808008238051807
169832,0.0004598857535762409
169833,0.008203920977745997
169834,0.0016542682541878075
169835,0.0010048057948550276
169836,0.01785284119691883
169837,0.0010089234466408201
169838,0.017195093638033593
169839,0.0008445524876650975
169840,0.0005948654510477484
169841,0.0008493268462351277
169842,0.0010549564314485853
169843,0.001843086232743858
169844,0.0005966440372992313
169845,0.0005401363691563746
169846,0.0005787721550349497
169847,0.0014072035672123427
169848,0.0047310974358687665
169849,0.00045292445014740205
169850,0.000842950624480946
169851,0.0013363481004831737
169852,0.001566083256478099
169853,0.0005072077392068346
169854,0.0019909420938430252
169855,0.0015156752316482424
169856,0.0011042431098839608
169857,0.011389658689047595
169858,0.002752559350712572
169859,0.0017678535595756488
169860,0.001216489598707599
169861,0.0020381768568483475
169862,0.006738101259473531
169863,0.00045133807371173736
169864,0.0005623291592182162
169865,0.0007601217600921111
169866,0.0006626957121052912
169867,0.0012165279661932424
169868,0.0013554999600400427
169869,0.000585733423766493
169870,0.0006057225636024474
169871,0.0013443966358374475
169872,0.0014438340404298896
169873,0.0019126575829665478
169874,0.0017320075165657663
169875,0.0010514919380603632
169876,0.0010268334184147367
169877,0.0008522464758506875
169878,0.002868417211417391
169879,0.0007613076541357553
169880,0.0031147301552441457
169881,0.000581405714289569
169882,0.0006500687023501561
169883,0.011901224428354226
169884,0.0015774353696674371
169885,0.0007968481923170557
169886,0.0019611317880264853
169887,0.0010112774251431773
169888,0.0006014099030563448
169889,0.0004908783835027878
169890,0.0005649193352460234
169891,0.0018281856688352862
169892,0.013459286225202195
169893,0.07227892825654665
169894,0.0009538927651194503
169895,0.0004830338500704245
169896,0.0004259433869886341
169897,0.003022416194044251
169898,0.0025071747729917193
169899,0.0006811923085901974
169900,0.0010837928505784218
169901,0.0009776208331547516
169902,0.0015969065542935901
169903,0.004303206228015343
169904,0.0013086205075073423
169905,0.003687398503477145
169906,0.0009414696012573587
169907,0.0011753297514216694
169908,0.0005146800737289329
169909,0.0006832598412016737
169910,0.0006114223407725323
169911,0.001283078068654023
169912,0.003818062213640173
169913,0.0006806577910172052
169914,0.0008517934742978284
169915,0.000668732894939224
169916,0.0006623163867209559
169917,0.000678314721695817
169918,0.009512561028894875
169919,0.004287359361822526
169920,0.0006426040151290264
169921,0.0006658307729860589
169922,0.0019804476814904697
169923,0.0021720886684849423
169924,0.0006736599163568078
169925,0.0008181359529061666
169926,0.0006402178694061686
169927,0.0013199176723384584
169928,0.0035387297121880794
169929,0.012904431466302924
169930,0.0057646684523627485
169931,0.0004931049531145841
169932,0.0008388726639536028
169933,0.0007413452010773367
169934,0.001065908154120893
169935,0.0005713802849856425
169936,0.0009243753678614036
169937,0.0018906645105169879
169938,0.0006262644119844728
169939,0.0006121700605731312
169940,0.0008282534761592916
169941,0.0005933845709049622
169942,0.01422028095729137
169943,0.0005320784593433158
169944,0.005214673459263276
169945,0.0036220648580695585
169946,0.056535729980682
169947,0.001020010740631292
169948,0.000558801449394638
169949,0.0369377655905446
169950,0.0009162669261267731
169951,0.0005697799555613064
169952,0.0021799907813950673
169953,0.0010870801230298615
169954,0.0008771132855222548
169955,0.0013206000352082954
169956,0.0014126252243811858
169957,0.01073959737784579
169958,0.001521527703113986
169959,0.0010217983672657293
169960,0.0006938999705792631
169961,0.003947372942389246
169962,0.0007074041708586653
169963,0.00035855006651846534
169964,0.005300832455882764
169965,0.0027021728071814984
169966,0.0026980014721498247
169967,0.0006760261701257838
169968,0.001516579108281212
169969,0.0011405351061467151
169970,0.0004905508170066356
169971,0.004323910978645653
169972,0.0033165649631370026
169973,0.001020158652225954
169974,0.000535928001348003
169975,0.0005598114512547151
169976,0.0012055040056933783
169977,0.0048919487705137545
169978,0.0005886663283635153
169979,0.0006801824999104255
169980,0.0008172115065316562
169981,0.0006882954590255162
169982,0.005549859611913909
169983,0.0011126812608227964
169984,0.003516338989236581
169985,0.0005259000132672668
169986,0.0005359143499391805
169987,0.005743548436476449
169988,0.0005734181700272857
169989,0.0005584597161178589
169990,0.0009508108630499372
169991,0.0014296485355349458
169992,0.0011786795698083045
169993,0.0010346646251260224
169994,0.0010532564564712306
169995,0.0027403498353487264
169996,0.000432171205570845
169997,0.001997746141441675
169998,0.0005919467074332928
169999,0.0007909791131841717
170000,0.0020090177574136137
170001,0.0010722083287347311
170002,0.00047402885045877825
170003,0.0006809514614578136
170004,0.0005571334392873366
170005,0.000731284000235327
170006,0.0007080065968967597
170007,0.0007928253579151893
170008,0.00038478620244605853
170009,0.0011815204164652377
170010,0.001191053226043847
170011,0.0007143029925206145
170012,0.001116913116338597
170013,0.0017943678943167175
170014,0.002337897187345601
170015,0.0010030213890618346
170016,0.0006692062626392642
170017,0.0008343306234546743
170018,0.0019531661933284237
170019,0.0009463256895101607
170020,0.008773102396565289
170021,0.0004143283070796719
170022,0.000544689809707508
170023,0.0007957209886168341
170024,0.0018099773088850724
170025,0.0084702148585857
170026,0.007448990585691914
170027,0.028582101911256784
170028,0.0006532245957906563
170029,0.003511671974875149
170030,0.0017072405642740269
170031,0.0008110068008585318
170032,0.003814397409292944
170033,0.005216725964561959
170034,0.0004796637435419541
170035,0.0012442650630808234
170036,0.007144994500164042
170037,0.004678967294955587
170038,0.0009742927794756382
170039,0.0021812561962581242
170040,0.0006198034030527815
170041,0.00487386491102825
170042,0.0016025730406072857
170043,0.021538984009667778
170044,0.003299444663265619
170045,0.000730405996315165
170046,0.20089423821039787
170047,0.0061667563262005065
170048,0.0020670902872444953
170049,0.0007777034697867251
170050,0.0010135317173029024
170051,0.0010607083475579057
170052,0.0006576139741871403
170053,0.0011053452333491557
170054,0.002445554525707925
170055,0.0006080722238628848
170056,0.0028014827098081403
170057,0.9974361513186824
170058,0.0014944066349970534
170059,0.002033272619672983
170060,0.002990076693910361
170061,0.0009823706076726004
170062,0.0006137987548262865
170063,0.0008856029687142213
170064,0.0013265678317734135
170065,0.0006129700180554551
170066,0.0007259911342106509
170067,0.0012122715691258432
170068,0.002577870045949594
170069,0.001370293807251564
170070,0.0010927860338573923
170071,0.0011901688242603693
170072,0.01859299466930426
170073,0.0009422788325491472
170074,0.0011297097476897424
170075,0.000610712456262284
170076,0.001331756716472502
170077,0.0006962052514857716
170078,0.0007162197048646415
170079,0.001046364698475986
170080,0.0006314598521053122
170081,0.003241849989579104
170082,0.0005613309457082098
170083,0.0007437063890041765
170084,0.0010586131785064025
170085,0.0006285364921357448
170086,0.0008770392916923407
170087,0.0006389480759591325
170088,0.0012369441615215238
170089,0.0017204750633959852
170090,0.0006411627873663722
170091,0.002155794837250412
170092,0.0027028222367234643
170093,0.0013887440020825862
170094,0.0005324145103392093
170095,0.0012518307105607758
170096,0.0012533599725327586
170097,0.0007772940206927029
170098,0.0011932257801362135
170099,0.0008800071254666243
170100,0.0014263259360425165
170101,0.00042242261760789835
170102,0.0006568957641648543
170103,0.0014372937074580662
170104,0.0005957113539067865
170105,0.0008555088141901739
170106,0.0006669707225602515
170107,0.0020554323771629166
170108,0.0005665787970653337
170109,0.0009036644532701206
170110,0.001808347692883658
170111,0.0030765926022736758
170112,0.001840275239334
170113,0.0006961777455483981
170114,0.000988286299397103
170115,0.0006634131238739764
170116,0.9948605123566345
170117,0.002095126487085606
170118,0.0006384406774316195
170119,0.0005820040705601797
170120,0.001253434197512194
170121,0.0014544434363504674
170122,0.0013233775030155736
170123,0.0018544171446163663
170124,0.0008856874728840438
170125,0.0019856272507529837
170126,0.0011426204511108338
170127,0.00313130534889106
170128,0.0005821139085010359
170129,0.007117166252523565
170130,0.009521199965665167
170131,0.0005572300904086363
170132,0.0004949994227373626
170133,0.0006456323264830426
170134,0.0008439876362569167
170135,0.0007854203246621253
170136,0.0006657741597463179
170137,0.0021370824613791087
170138,0.004620160827270592
170139,0.01065166877429163
170140,0.004066286574815652
170141,0.004358578939103012
170142,0.0010937187499062604
170143,0.0006660506395618759
170144,0.00048258298916922115
170145,0.0008499259302602549
170146,0.0008688572821973681
170147,0.00043205827663538184
170148,0.0005100122075579248
170149,0.001865125750051181
170150,0.0008257250758342397
170151,0.0026086878288971425
170152,0.0032893879590627276
170153,0.0018898700868719897
170154,0.0009860881738815164
170155,0.0010874322877903668
170156,0.0007109269843299244
170157,0.0006220915515620175
170158,0.0005090715977887847
170159,0.0060862686026453405
170160,0.06510734387031542
170161,0.0006453803190113451
170162,0.001674463705408336
170163,0.001786662188527221
170164,0.009910270323772709
170165,0.0028875331722088638
170166,0.00916376359091193
170167,0.9988556843023207
170168,0.0005699305933004943
170169,0.0004324964135080122
170170,0.0009024727876895083
170171,0.007792314043444621
170172,0.0010192572658058057
170173,0.0010346423976873211
170174,0.0006403910813533582
170175,0.0008455764747188814
170176,0.0018206863228301716
170177,0.001002692770125137
170178,0.0006609617107250685
170179,0.00043487064089058807
170180,0.003483601094709931
170181,0.0007510667527579193
170182,0.00047612445804116606
170183,0.0010135507677096725
170184,0.0012333438231939093
170185,0.014181679348405335
170186,0.0006281045412253579
170187,0.0009465171912966668
170188,0.008248725829714582
170189,0.0017961364582670769
170190,0.002482297864301704
170191,0.001642675240345053
170192,0.00386707372382193
170193,0.0015893110216585724
170194,0.0007531406807482548
170195,0.0007821398609751155
170196,0.005816102809885672
170197,0.0004970298171900741
170198,0.006743422535027386
170199,0.0007982707798675681
170200,0.008490458534059917
170201,0.000683039701181844
170202,0.0008006439431900392
170203,0.0010170547119807169
170204,0.0016434078423633518
170205,0.003026918040535957
170206,0.0013887728496905154
170207,0.0006039348656532525
170208,0.0025830868647486725
170209,0.001027079620303824
170210,0.0013331470283951615
170211,0.00616144434063557
170212,0.00066298365275251
170213,0.0014902686215461753
170214,0.003409372867722046
170215,0.013429919547484428
170216,0.020415510162209924
170217,0.0004900951093181521
170218,0.0006703123183701127
170219,0.009948287506743217
170220,0.024879489272546254
170221,0.0026287386497701537
170222,0.0018754701913222273
170223,0.0008255271424161994
170224,0.0008575043949694743
170225,0.0005448406165324585
170226,0.0028367273375047553
170227,0.0020033884727315193
170228,0.0007457580221745331
170229,0.000519158933017297
170230,0.0006586951872337741
170231,0.0009818900099236797
170232,0.00048554125431864885
170233,0.0009411889685007166
170234,0.0015859110273010878
170235,0.0005661282552440126
170236,0.0006200575227683122
170237,0.0007336787971123994
170238,0.0006830635047403802
170239,0.0010384432179141054
170240,0.0007478359584337144
170241,0.012946255249111058
170242,0.0006885568523198424
170243,0.000847527272209397
170244,0.000487176781985669
170245,0.0011651456413694272
170246,0.0008886432764080327
170247,0.000537390470777223
170248,0.0004821886316574469
170249,0.0007541623808665074
170250,0.0006220708582807721
170251,0.0007528833527994576
170252,0.0006089275692104818
170253,0.00541570626022002
170254,0.0003645586498345922
170255,0.0006475924702470435
170256,0.000583470220174369
170257,0.0015973867665756273
170258,0.0012962848181829612
170259,0.001081999268044266
170260,0.0008219859524191895
170261,0.0036347888077747853
170262,0.002357315630569159
170263,0.001765805532693912
170264,0.0008143609280915139
170265,0.0009348949466589056
170266,0.0007009158293563702
170267,0.0005220810143873092
170268,0.0014856705134535376
170269,0.0005442843125189639
170270,0.0007731567367930094
170271,0.003766875738991479
170272,0.004999682841018843
170273,0.0013358897999223634
170274,0.0006513089353874421
170275,0.0004898077293543788
170276,0.0017173844164259408
170277,0.0010064509624550452
170278,0.0030628855843119656
170279,0.0005557534949537743
170280,0.000609732486365075
170281,0.000535996498948029
170282,0.004505694902687235
170283,0.010954777943428407
170284,0.000685734901557346
170285,0.0009682758126765295
170286,0.0004608360707713614
170287,0.0008584940391782813
170288,0.0005893259080041807
170289,0.0013562580810531836
170290,0.001171730710937238
170291,0.0009032924929667484
170292,0.0024154952833411836
170293,0.04492811894875752
170294,0.0013816425493832444
170295,0.0034369008925872694
170296,0.0006243390623568743
170297,0.0006415386665540775
170298,0.005142469012335855
170299,0.0018568676628572495
170300,0.000865473973860447
170301,0.00387131193401953
170302,0.0012325584060023805
170303,0.0051867718949801965
170304,0.0004488239730499859
170305,0.0030596522149635014
170306,0.0008128920896609244
170307,0.001458795304885404
170308,0.0036141441215376195
170309,0.0006445745102436179
170310,0.0012278405120179762
170311,0.0030147336713135867
170312,0.0011042627214637676
170313,0.0013635200208754476
170314,0.0008077807156732814
170315,0.0005466044633382995
170316,0.000935332163835588
170317,0.001091724674326151
170318,0.0005544843827435083
170319,0.0006288740214579705
170320,0.0003738525539436492
170321,0.004548852384123534
170322,0.012316904692088999
170323,0.0007475474330955723
170324,0.005222728871776413
170325,0.0005754229072090639
170326,0.0009370663258275989
170327,0.00045452696775955074
170328,0.0007786744610634036
170329,0.18897050042436078
170330,0.0036385845846291153
170331,0.0010422108804129322
170332,0.0016592747278115936
170333,0.0006135014838338734
170334,0.0006987187600372581
170335,0.0006361395487926714
170336,0.0006131726488012109
170337,0.0006470558561644009
170338,0.010505209050678446
170339,0.010877656785909776
170340,0.0014922413736297236
170341,0.002035883011089486
170342,0.003977664704287459
170343,0.0007832557565727286
170344,0.0006591994178052516
170345,0.015500933617286761
170346,0.004983997234646351
170347,0.0008021360672477327
170348,0.0007983312559064649
170349,0.002960194324604837
170350,0.0008623672856751313
170351,0.005781965030053583
170352,0.00048302025714119584
170353,0.0005258475494202455
170354,0.0035937482711814826
170355,0.0017669866776286658
170356,0.0028018695971439665
170357,0.0005624803981484532
170358,0.0004876835790826833
170359,0.9968066535186061
170360,0.0012635583540627476
170361,0.002380664535882292
170362,0.0007558302500204626
170363,0.0010368770179796487
170364,0.0006718051816832933
170365,0.0006805371832006271
170366,0.0032967385568877195
170367,0.0006114260366775663
170368,0.0034710229043344335
170369,0.00034561713971540704
170370,0.005666032091842962
170371,0.0008943368912407027
170372,0.0005105872483091186
170373,0.0017135053879299214
170374,0.0006747407584436109
170375,0.0006500106689411714
170376,0.00047765217238588526
170377,0.0005947600262065327
170378,0.00047205683886709004
170379,0.0007097252696313748
170380,0.004429158117600008
170381,0.001393377604838531
170382,0.0018249925281063452
170383,0.00046852663641145693
170384,0.0011077896833000223
170385,0.0006724694076746399
170386,0.0019817266533650557
170387,0.0007633712230682825
170388,0.0008719278236940014
170389,0.0025554090695888085
170390,0.0007800955034581727
170391,0.0006516486019033933
170392,0.0076588135819553715
170393,0.0007882187953955498
170394,0.004326859403874415
170395,0.16497233934547217
170396,0.005233791922607975
170397,0.002458347022435866
170398,0.0005651035012883632
170399,0.0014921048416224078
170400,0.007798296507734937
170401,0.0007351882997591566
170402,0.0006238143141669471
170403,0.002096457250233451
170404,0.00248554019207991
170405,0.0011462481906278892
170406,0.0005536548531347687
170407,0.0013149527109731652
170408,0.001498036790395832
170409,0.0183044283370799
170410,0.0027982757433280235
170411,0.011995899274304788
170412,0.00040170398056921626
170413,0.0014248877755417538
170414,0.0006225230399283063
170415,0.0011250668478640887
170416,0.0015620867807798263
170417,0.015400621849746152
170418,0.0007179742716156656
170419,0.009317444509913305
170420,0.0006164187892854595
170421,0.0006512218079130882
170422,0.0007111216086051359
170423,0.001413898869292854
170424,0.9976051990936297
170425,0.0006217527290729712
170426,0.01478003136656785
170427,0.0005833536759250388
170428,0.003566981104132101
170429,0.000696962595102083
170430,0.0025012063016822215
170431,0.01109884737382012
170432,0.0017691916258626306
170433,0.000806698021217958
170434,0.0006664362040402625
170435,0.0009740740290871328
170436,0.002094302321753629
170437,0.0010208467863508355
170438,0.0032533566159083345
170439,0.006056093621694061
170440,0.0010958099735472598
170441,0.0005149770410395459
170442,0.01946840619203053
170443,0.0021572109097812513
170444,0.0005000453354752365
170445,0.0008322206956725136
170446,0.0020094704957627153
170447,0.0008058303884862104
170448,0.0008059325904031873
170449,0.0012366325112665355
170450,0.0018945359393228896
170451,0.0016409494030152124
170452,0.002525477677706213
170453,0.0018312239544448147
170454,0.0026052525373206573
170455,0.0008241867794401927
170456,0.0005665600532032361
170457,0.002138760002881872
170458,0.002358759490418973
170459,0.002078952699393977
170460,0.0004770236240116605
170461,0.00786608638879888
170462,0.0016433392452895783
170463,0.0006530751301579641
170464,0.02757664917648843
170465,0.0006247349662535206
170466,0.0018004287281359766
170467,0.0035767283542778644
170468,0.03242428487638263
170469,0.0013605600758886175
170470,0.0009091398583893033
170471,0.0011906091749771482
170472,0.0018386814338341865
170473,0.0010109987291551886
170474,0.016928860511338233
170475,0.000659395916007005
170476,0.001508202171066137
170477,0.00043750646032625503
170478,0.0005536244434280736
170479,0.0027111718236396683
170480,0.06303611488968221
170481,0.0014657656000429224
170482,0.0010381515152658933
170483,0.005062408234546665
170484,0.0028348382048707277
170485,0.0028465875452599555
170486,0.000547259358862203
170487,0.0005565098464734492
170488,0.001251061858563233
170489,0.0004766658918146972
170490,0.03538493936163493
170491,0.0038517490319557985
170492,0.0014544731820851768
170493,0.07158281530760016
170494,0.0007652734453288115
170495,0.0006031460964531063
170496,0.0015558138968648104
170497,0.0008026408221932073
170498,0.0005604778247212503
170499,0.988547274233524
170500,0.0005122933438814299
170501,0.9487880238864548
170502,0.0015524209454297465
170503,0.001924291758553557
170504,0.01439180382485927
170505,0.0011209728339629825
170506,0.0004516558627875469
170507,0.009187949243204143
170508,0.00045550829686224115
170509,0.0007714031846387517
170510,0.0005373807462834331
170511,0.001490632465077026
170512,0.0012176985445289089
170513,0.0007917015178542676
170514,0.2597007022300723
170515,0.0011176107543817903
170516,0.0006491904696374483
170517,0.0006359725555992174
170518,0.0021149455352958485
170519,0.01634403524598079
170520,0.6843438838418735
170521,0.0015936780874657758
170522,0.0012282133456957918
170523,0.0007096499609980338
170524,0.001167371978645266
170525,0.0018052543543182623
170526,0.0009783284429155624
170527,0.0006200359476179499
170528,0.0006245975505302913
170529,0.0012491785158034545
170530,0.0027113129525802903
170531,0.0004248107137019822
170532,0.0025399203709895184
170533,0.0018025290954855667
170534,0.0020590964632889305
170535,0.0005127666513609826
170536,0.006793506476244069
170537,0.0005372558816921973
170538,0.0005566967304259641
170539,0.0010517597364368516
170540,0.006050350861472965
170541,0.0009115343232678132
170542,0.0054584137279644895
170543,0.0014579327256499992
170544,0.0005928505312384501
170545,0.0007614814760098568
170546,0.00594066520509961
170547,0.0005929924418377379
170548,0.0034202308988949973
170549,0.0005495533807341252
170550,0.004037767465390182
170551,0.0035265023210516375
170552,0.0006337885112685153
170553,0.0006162616439247076
170554,0.0013452294415363388
170555,0.0008077479688220628
170556,0.000677029849940521
170557,0.0005720558626514609
170558,0.0005776409147460213
170559,0.0008072333669761206
170560,0.0005938109777336805
170561,0.00330473878260326
170562,0.0005040417780741641
170563,0.0012492248830590965
170564,0.0006898533260086097
170565,0.00047270240547291363
170566,0.004007209106637808
170567,0.0007922154887909091
170568,0.0009079938584539732
170569,0.0008471703060204073
170570,0.0018682046354663504
170571,0.004887840270285912
170572,0.0007401667894776146
170573,0.0005478002973412489
170574,0.0006213968712655862
170575,0.0010793600072946134
170576,0.0005863001033649645
170577,0.0036995509219032163
170578,0.0009052793050400156
170579,0.00047095587335658085
170580,0.0007974303007658217
170581,0.0009859289059689115
170582,0.0008325134534066112
170583,0.0005830744270518655
170584,0.00461430651746721
170585,0.0236083733558556
170586,0.0032293678330722834
170587,0.00038597574431931245
170588,0.0022864220133931527
170589,0.0011116442598429893
170590,0.0006053927684115141
170591,0.0007347026766852198
170592,0.0007658890478718318
170593,0.008146476765051832
170594,0.0007854502499402391
170595,0.0017620213250281072
170596,0.0005153443326308669
170597,0.0021377521887729753
170598,0.0012775890256666422
170599,0.0006891427680287928
170600,0.003983291703628447
170601,0.005097073085540991
170602,0.0010609354832669525
170603,0.0017818808336131904
170604,0.0006097804161910858
170605,0.0011978067412323585
170606,0.001794543034149623
170607,0.011486271198479697
170608,0.0004905339587925773
170609,0.0006335727888389625
170610,0.0008581995295103544
170611,0.003488604751409249
170612,0.000874181619434396
170613,0.0006042557460574451
170614,0.004594057003939054
170615,0.015726387813585502
170616,0.0006914567510075818
170617,0.005067969736799959
170618,0.0013642687375613103
170619,0.0005677789418605445
170620,0.0017657427691291942
170621,0.0039213955204713945
170622,0.0017607637768129749
170623,0.0006824584807528723
170624,0.00078440905202397
170625,0.003998939174167156
170626,0.0005805282525968891
170627,0.0008524862776873113
170628,0.0050406865752157075
170629,0.0022578662025323805
170630,0.003338879608155321
170631,0.012572866059129936
170632,0.0012785058672802143
170633,0.0006560001411434468
170634,0.0005279358208866073
170635,0.004704083414538547
170636,0.0008218196247323366
170637,0.0007551311656329976
170638,0.025441972337640235
170639,0.0011304090549254901
170640,0.005093614342804911
170641,0.006047253212850937
170642,0.004467062254024626
170643,0.0005450728635776744
170644,0.0013080971852090584
170645,0.0030970778973195764
170646,0.0019690439182199907
170647,0.0017134420808643342
170648,0.0005759655580907794
170649,0.0009789572443798143
170650,0.0009107079028865585
170651,0.0005426098873285505
170652,0.000593714428918199
170653,0.0017174495939728867
170654,0.20116659829190991
170655,0.00709961781700287
170656,0.0005772344738973298
170657,0.004345536348379748
170658,0.024916294953151775
170659,0.001056357757682416
170660,0.001017713426637764
170661,0.0051715608839311665
170662,0.0048531004835808585
170663,0.0007037475959978779
170664,0.0008119320602525649
170665,0.00039856037002838885
170666,0.0011571526005371363
170667,0.0004692799208018304
170668,0.0007622334853251585
170669,0.004763199806750459
170670,0.0008566561771656447
170671,0.002084703884639163
170672,0.0008670447187923991
170673,0.0011950720886710886
170674,0.000656340585798626
170675,0.0031573430169172783
170676,0.000702025703013986
170677,0.0007849897763865668
170678,0.0009633358275774478
170679,0.0007495675481473577
170680,0.006874105250915357
170681,0.001315606362914066
170682,0.0005879848961506031
170683,0.0029384919606690574
170684,0.0009023732112934126
170685,0.00722500372522774
170686,0.000527924006360755
170687,0.0005329610980619833
170688,0.012854865674539178
170689,0.0018368355125655534
170690,0.0007212518443060039
170691,0.0010540523984527792
170692,0.004463133735201947
170693,0.0028608469939330437
170694,0.001058882318179114
170695,0.000833955526926923
170696,0.05032972697342909
170697,0.0032339793335786878
170698,0.0008346917163575622
170699,0.0008871464093180314
170700,0.0004092234494629417
170701,0.0009197060531991313
170702,0.0008190044923652143
170703,0.0006448540882157648
170704,0.0005308597255870166
170705,0.006674095084592284
170706,0.0014994568604560852
170707,0.0016457331505751766
170708,0.024240380584740207
170709,0.0010477311304678992
170710,0.0003945179605986896
170711,0.0008386577799330516
170712,0.0006880330832864498
170713,0.00712462047326945
170714,0.0007236656075461152
170715,0.0013468016821134407
170716,0.0007287343071747069
170717,0.005775427938210608
170718,0.0008329998304509968
170719,0.0006196379103988237
170720,0.0011735612664246849
170721,0.0006952499979450495
170722,0.00368337378427447
170723,0.0010029364999726482
170724,0.00048560586438717193
170725,0.0029577648623134653
170726,0.0005498673105344247
170727,0.0005918786914249919
170728,0.0007944720890147691
170729,0.0009577883786970141
170730,0.0005097465800534338
170731,0.20428992812941352
170732,0.0008848151420335145
170733,0.0007135813456967714
170734,0.0013659495095997734
170735,0.001187223998173247
170736,0.0009278549035905629
170737,0.0007231763873662422
170738,0.0009609496663258706
170739,0.0021982886115721506
170740,0.007542937394753379
170741,0.002140812168628608
170742,0.0007179005558227499
170743,0.0006393472139088978
170744,0.0005402850770804398
170745,0.0025992949890699126
170746,0.0010215885753472845
170747,0.0006153211287949786
170748,0.00109302871149561
170749,0.0006184124001967004
170750,0.00069937382026014
170751,0.0008939075844113878
170752,0.0005671622369429921
170753,0.0007797531015797218
170754,0.0007796947604694518
170755,0.0004951604987547179
170756,0.004343884396512516
170757,0.0014482326093244154
170758,0.0061148696005791335
170759,0.0007279031522359034
170760,0.0010936989346900683
170761,0.0005646530404981872
170762,0.0009649068692007553
170763,0.002623335067269446
170764,0.0005504540924135632
170765,0.0005017323735737203
170766,0.0005780594246008715
170767,0.004358700415036613
170768,0.0007558309889962676
170769,0.001391328748304623
170770,0.0010753972632270268
170771,0.0017028619172893948
170772,0.0007221401121241801
170773,0.00039084330700992056
170774,0.00138241972540475
170775,0.0007877762587419532
170776,0.0021414440389719886
170777,0.00046680514954575906
170778,0.004360341786936461
170779,0.0008559825647081273
170780,0.004729549841169748
170781,0.007318126722355704
170782,0.0015818939501091945
170783,0.0027689741925139306
170784,0.001330241228026702
170785,0.0005168985169231861
170786,0.0010403822884048706
170787,0.004365675027496942
170788,0.0013093249864277732
170789,0.0009399414786966304
170790,0.0006559967887313478
170791,0.004094471684179884
170792,0.0010170746621233954
170793,0.002061178330878588
170794,0.0006768374916287768
170795,0.0026786673230139875
170796,0.0006095073992447837
170797,0.0009973346305466885
170798,0.0005549781572265321
170799,0.0012757013645061576
170800,0.000804320650894638
170801,0.0024982282110509696
170802,0.0004939106038940997
170803,0.006053719802045934
170804,0.0006983760715554597
170805,0.00207086242954016
170806,0.0014868441874357067
170807,0.0006446791256714101
170808,0.0023315394614691733
170809,0.0008378982992607362
170810,0.001974669151873081
170811,0.0005945781944324349
170812,0.002742126707260098
170813,0.000657263696447557
170814,0.0040850224530790255
170815,0.001047681767664294
170816,0.0003603675766178328
170817,0.0006462341409727826
170818,0.0013748806886213474
170819,0.04105157467100966
170820,0.0012898351442627133
170821,0.0046822768267839356
170822,0.0005127363978340812
170823,0.0005766173040652061
170824,0.0006132021740879101
170825,0.001029902781472746
170826,0.0005725616783221131
170827,0.002343002371792475
170828,0.0005843258127280344
170829,0.0007058597841651116
170830,0.001833335472057259
170831,0.06565457472835036
170832,0.0005169382210902516
170833,0.002927939539915854
170834,0.0013410659538471298
170835,0.0006878438606429486
170836,0.0005496009020237087
170837,0.000571881453828686
170838,0.0030717004639295113
170839,0.0009500981130837849
170840,0.000992657086792583
170841,0.0005651493217411401
170842,0.000691749630232196
170843,0.0006451340844281614
170844,0.0008462128794735281
170845,0.006224691932011887
170846,0.0011104442988937794
170847,0.0005410389791061369
170848,0.0029094028883438292
170849,0.0023033209275703063
170850,0.0008879442744532547
170851,0.001398127213018986
170852,0.0007340881593863419
170853,0.0015360963729611002
170854,0.004244900652794275
170855,0.00068661195731183
170856,0.003079507080878106
170857,0.0006858187165152735
170858,0.0017176676804550601
170859,0.0006434282937116056
170860,0.000954260779418856
170861,0.00638850356514091
170862,0.0014856406910308644
170863,0.000761124483533691
170864,0.0008136904328448339
170865,0.0010090582533719477
170866,0.0006965226607398851
170867,0.0010243490239793668
170868,0.00184108588051515
170869,0.005706907528532744
170870,0.0010000629550146734
170871,0.0017832845404215916
170872,0.0009191098291999578
170873,0.003584273535476908
170874,0.0014556773771336386
170875,0.008604410661632268
170876,0.0007988322855665898
170877,0.0006347439736534898
170878,0.0007884213124270316
170879,0.0014057352274704541
170880,0.0018307667657863366
170881,0.0011076473480643803
170882,0.0005493259246127783
170883,0.0063623876187707635
170884,0.0009652517724978646
170885,0.000859782592945672
170886,0.0007576606867308894
170887,0.002230262280809766
170888,0.002761007025411549
170889,0.00047328214508506863
170890,0.000685792676086491
170891,0.001121528888922695
170892,0.0013622352202687653
170893,0.0005061351752238766
170894,0.0004890423622442981
170895,0.00041856807476447675
170896,0.0017553738720239164
170897,0.0005145274003132718
170898,0.0005445605914522477
170899,0.0013233145321851277
170900,0.012688909776091023
170901,0.9767391391882805
170902,0.0022687583158540626
170903,0.0033053818035827594
170904,0.0007286819615290891
170905,0.0005594776841990782
170906,0.0033655866409814912
170907,0.0007851869778684329
170908,0.0024718720830744084
170909,0.0006196046397237357
170910,0.002815342097909494
170911,0.0028625273140956455
170912,0.0013541822478917859
170913,0.0010417963058311115
170914,0.0005887537810557421
170915,0.006753382672769879
170916,0.023705041442147638
170917,0.0004613095757947973
170918,0.0008242153805146131
170919,0.007547792401209372
170920,0.006276213240077894
170921,0.003416445966613684
170922,0.0007745409602834428
170923,0.0014773821152104898
170924,0.004906993683929436
170925,0.09301792597865924
170926,0.0018629764105379872
170927,0.0009132978692221205
170928,0.00055701475582869
170929,0.0007873359912298438
170930,0.0012086918449451588
170931,0.0007460847278394831
170932,0.0018875424287469484
170933,0.0006599944127310077
170934,0.00061448108579404
170935,0.00046846544395566465
170936,0.0031442665184151725
170937,0.0008305331140019892
170938,0.0020636266593140155
170939,0.005163152250392031
170940,0.0005952272041623194
170941,0.0008286312388712724
170942,0.0006630519215708417
170943,0.0008349639309891178
170944,0.0013608685102100833
170945,0.0005342193480849476
170946,0.007602119582387413
170947,0.00047699013189157443
170948,0.0012101333901098701
170949,0.0005450493714336674
170950,0.0015376858020901326
170951,0.0032033468233132415
170952,0.0005784633374435597
170953,0.002599814507958211
170954,0.0009302733680195388
170955,0.0020771013711465957
170956,0.0008166764353375224
170957,0.0005209409604319894
170958,0.005641081011924328
170959,0.0005152687859234403
170960,0.0007450550703877422
170961,0.0013067646960396159
170962,0.0006601131035704427
170963,0.003150808497555962
170964,0.0008045836422014641
170965,0.007875481901708416
170966,0.00027727235033861333
170967,0.0006711722217362997
170968,0.0013251731037009459
170969,0.0021169577567301708
170970,0.002462900238125467
170971,0.005285187402912344
170972,0.0004264939560050592
170973,0.0007795646523909151
170974,0.0010113187408995927
170975,0.0009406126579971848
170976,0.0006144350271729887
170977,0.008035077221492125
170978,0.0005412484024462443
170979,0.0010852809713298263
170980,0.0010273692348314865
170981,0.0007809412666912249
170982,0.0008317222929767186
170983,0.0011757172996844363
170984,0.0032320181604334436
170985,0.001768138156832087
170986,0.0005632161122942496
170987,0.0007136892307279289
170988,0.0014959365521267382
170989,0.003044906980273018
170990,0.0007289881787881421
170991,0.0011577297029047745
170992,0.9955098010837973
170993,0.0006147259336342491
170994,0.000648061605990692
170995,0.005521782059017304
170996,0.0007249640290742089
170997,0.003182832148804253
170998,0.006516970411682869
170999,0.004684227991582056
171000,0.0031794720237115597
171001,0.00108292105101066
171002,0.013355680361092349
171003,0.0034207035602179478
171004,0.0008027405988430671
171005,0.0007442360734726237
171006,0.0003679265212217839
171007,0.0007343834164582535
171008,0.0018727883466806382
171009,0.001134609553958132
171010,0.00251031090733662
171011,0.004587071402300854
171012,0.0008294531957360332
171013,0.001726794758406796
171014,0.0005681349322923239
171015,0.0027564914286723223
171016,0.0013675598103453056
171017,0.0006725341926133491
171018,0.0015048420719664763
171019,0.0008442847925116506
171020,0.0005015215258297323
171021,0.00045909622136307304
171022,0.0006123747842502341
171023,0.0013382902176094485
171024,0.0004949601587604456
171025,0.012651951290670628
171026,0.0006547335959687028
171027,0.0014286812608866268
171028,0.0005343415433476061
171029,0.0023983632493581714
171030,0.0009725246756827969
171031,0.006651416278155754
171032,0.00034283566552578725
171033,0.0004948512465205698
171034,0.0010044624485722093
171035,0.0006435771089529645
171036,0.0030447957852819713
171037,0.0005785258330564127
171038,0.000601460984817285
171039,0.0007260323358999106
171040,0.0013071318069687921
171041,0.0045019498575888574
171042,0.0004879709959751109
171043,0.0006683165664443976
171044,0.0009997612000398675
171045,0.0005480484760448071
171046,0.0009279513077806996
171047,0.0006666097719443664
171048,0.0007097996113373177
171049,0.0006075029323951261
171050,0.019111649702451414
171051,0.00178915241333425
171052,0.0036143712433887847
171053,0.0015079559467437512
171054,0.0021466974429471884
171055,0.0005862066957464504
171056,0.004744172678938904
171057,0.004359012739164266
171058,0.002908895815238066
171059,0.004837948279515673
171060,0.0006129887173102845
171061,0.0047647627631601285
171062,0.0007497901945881071
171063,0.0027192411661274393
171064,0.0004574334059361872
171065,0.00146381040533865
171066,0.0015400891428783599
171067,0.06828061157918694
171068,0.001279762739541583
171069,0.01150912650117952
171070,0.0006078389995389491
171071,0.0010561008708540685
171072,0.07246926606578416
171073,0.0007201225378695357
171074,0.0008680212469782533
171075,0.0005198946973474965
171076,0.00040457310155797766
171077,0.0006320878034772473
171078,0.004069067292607786
171079,0.0037798146109791213
171080,0.000625542787945889
171081,0.0037433030582331023
171082,0.00070002566060893
171083,0.0005313321990511328
171084,0.0019342788862742135
171085,0.0006804416654566988
171086,0.00047164760167814454
171087,0.0018823502339634264
171088,0.00048254940148886215
171089,0.0008605768387623866
171090,0.0009943270156778513
171091,0.0010268803620160558
171092,0.00043796244192496626
171093,0.004053203491345501
171094,0.0012481020653753623
171095,0.0003969400762778233
171096,0.0004984677295663484
171097,0.0009565069752343349
171098,0.0010169713499166841
171099,0.03706788285011674
171100,0.0017685017468927647
171101,0.0019891968622494814
171102,0.0014625082798860594
171103,0.00043248109406665493
171104,0.002102037143702323
171105,0.0034369798920207695
171106,0.0006181804516949417
171107,0.000820682253864066
171108,0.0007638080045631292
171109,0.0005700231769366338
171110,0.0005918380180237959
171111,0.000704263376550793
171112,0.0010603790351184882
171113,0.0012486630873446492
171114,0.027561751546868775
171115,0.0021554194977426253
171116,0.004303920484694526
171117,0.0019822729441283837
171118,0.21063549455590358
171119,0.0010653739991839943
171120,0.0019148516098390933
171121,0.0016468779622996164
171122,0.0005185901271696964
171123,0.006535777799364723
171124,0.0007853190110629349
171125,0.006238531318464096
171126,0.004822885614493738
171127,0.00057833739122453
171128,0.007103330556141617
171129,0.0006603919648426971
171130,0.0008531468454470233
171131,0.0007316184681548073
171132,0.0009440638654566483
171133,0.020260727890479124
171134,0.0007486038237016495
171135,0.000672879138755842
171136,0.000869956125332197
171137,0.0013120316620616836
171138,0.009422349039778972
171139,0.0007886746084656234
171140,0.0032537533531362337
171141,0.0014132208315834408
171142,0.0004528881128146692
171143,0.002966387393464325
171144,0.004398290033347607
171145,0.0006289074843957421
171146,0.0005225848066186968
171147,0.0005347564783867043
171148,0.0006695529249171162
171149,0.0007002522793498279
171150,0.0012305093780796516
171151,0.0012019273474364893
171152,0.0008316872968500107
171153,0.00040421631898054304
171154,0.9445364748990204
171155,0.0005644556981210525
171156,0.007237940499019795
171157,0.0013620296531677723
171158,0.0006234781835814638
171159,0.0029724044335709106
171160,0.003738683028364309
171161,0.0005884835567936784
171162,0.00046396591591256107
171163,0.0014658852249601422
171164,0.0005716926760620942
171165,0.011515701618483915
171166,0.006740455590677295
171167,0.0008527681732680341
171168,0.06346963852180663
171169,0.0009344352919115591
171170,0.005680514282581471
171171,0.0011503087936717122
171172,0.0010065777813861618
171173,0.0006956842321477122
171174,0.002220454003558644
171175,0.0012320915236127658
171176,0.002867331551062084
171177,0.001162047234011412
171178,0.0005101070305989534
171179,0.0008916396442752246
171180,0.0006839238412961437
171181,0.0008770237467385915
171182,0.0006520073290234008
171183,0.0014594710317484163
171184,0.0020941212009952036
171185,0.000690968781519559
171186,0.007869182566956892
171187,0.0008029224625138026
171188,0.9975516752197123
171189,0.0005237958560838105
171190,0.002154571386120062
171191,0.005742568571696199
171192,0.017621989100780805
171193,0.024410998747931567
171194,0.0019064021119284953
171195,0.0007423870014947696
171196,0.0027749507201137312
171197,0.005064887566506091
171198,0.0022899419771601685
171199,0.0024150396786602225
171200,0.00138846660997613
171201,0.007811467936041153
171202,0.0005337050129187217
171203,0.003968653310398936
171204,0.0024346950084783076
171205,0.0016244653492982566
171206,0.0007867075567653038
171207,0.00037188042693462995
171208,0.0013585286600835593
171209,0.0018001830908086595
171210,0.003077536649144573
171211,0.0006205362911548041
171212,0.0006473795569899714
171213,0.001108503448520302
171214,0.0005404976913701937
171215,0.0232697954035638
171216,0.003430058532193167
171217,0.0013694303064327282
171218,0.0006191657413344587
171219,0.0007146132284175126
171220,0.003441029863434607
171221,0.0016940634257069462
171222,0.002790265529258977
171223,0.0008584904302945662
171224,0.0009905880687372083
171225,0.003455278612916568
171226,0.0005725394812614081
171227,0.9969292538870822
171228,0.0004306276936374433
171229,0.000694203149338327
171230,0.0007784592163864405
171231,0.0003987673347187115
171232,0.002191735482200684
171233,0.0030524827640774927
171234,0.0016567308494848997
171235,0.004424373448840106
171236,0.0007409722699627454
171237,0.0007828945977937772
171238,0.0004249396977192133
171239,0.9963054867325092
171240,0.0008137379199517961
171241,0.0012939106217084212
171242,0.002798845040504492
171243,0.00107746871732712
171244,0.004441980529241675
171245,0.007294909013695543
171246,0.0008480179667326596
171247,0.0011629576203333882
171248,0.0006824804398143404
171249,0.001694182034469417
171250,0.003707232527803467
171251,0.0057149448668080746
171252,0.0006404108626042224
171253,0.001062123051384458
171254,0.0005990954580947906
171255,0.003264154503747674
171256,0.0007165738084791964
171257,0.0007528072928180303
171258,0.0006212812204159342
171259,0.00044087094995626025
171260,0.0005468893767885117
171261,0.0008719429633947685
171262,0.004455114089828375
171263,0.004211592400994279
171264,0.0023122147794908112
171265,0.001350936722669414
171266,0.0006691751257201327
171267,0.0006798938583487807
171268,0.0005925230650106028
171269,0.0023255090658708833
171270,0.9968451793233765
171271,0.0005880300623758766
171272,0.0006446100943768452
171273,0.0005786259956325919
171274,0.0004066873940396441
171275,0.0020359811666201587
171276,0.0005666954755873168
171277,0.0005774438663734946
171278,0.0007081799153483212
171279,0.016333247447581273
171280,0.001639621059505287
171281,0.0017543063697057443
171282,0.00178822329926937
171283,0.001826394975808796
171284,0.0004913989846221672
171285,0.0005674457179130832
171286,0.0006903373022099918
171287,0.0025617762683296137
171288,0.0007214945938809262
171289,0.0033160661234640553
171290,0.003731915102781759
171291,0.0014806356363673743
171292,0.000538583160997152
171293,0.0008066992605147363
171294,0.0006599779268957194
171295,0.0005499004476477833
171296,0.0006770962851456714
171297,0.0013600972623042087
171298,0.0006317527572982516
171299,0.003828188558554376
171300,0.0005617125098054928
171301,0.000943821654528144
171302,0.005665703849052203
171303,0.0008472255904563952
171304,0.0007196610084371105
171305,0.0008523398777667704
171306,0.0012064582161709471
171307,0.0077353145396750825
171308,0.0005146122078856927
171309,0.005109812139085871
171310,0.0011779087370662332
171311,0.0007877680512737388
171312,0.0010538485795690824
171313,0.0006773646097960131
171314,0.0009270832680709788
171315,0.0005034316713566923
171316,0.0007096954935746109
171317,0.009979576465214692
171318,0.0008129042934466596
171319,0.0018597954796721362
171320,0.0019613900240899526
171321,0.0010257436563887335
171322,0.004969488841654896
171323,0.008529515425042745
171324,0.0005347708265319261
171325,0.0005547109670090261
171326,0.0019455210776856842
171327,0.0005363219702473386
171328,0.0011756816319959402
171329,0.001643543905388138
171330,0.0006189087709681568
171331,0.0005007490737388739
171332,0.0007804339613477943
171333,0.042721356499892574
171334,0.0011098405825822313
171335,0.0008918126105919771
171336,0.00044985402284493305
171337,0.000715976636084499
171338,0.0006120499614964279
171339,0.0005132494896146116
171340,0.0022050422248921205
171341,0.0006805272637855867
171342,0.0009137542060528515
171343,0.0011320513710609895
171344,0.0005296008919317475
171345,0.00047678899425245664
171346,0.0007681348813537616
171347,0.0006156598634746172
171348,0.0007456138012399163
171349,0.002188617981141063
171350,0.010021530451051083
171351,0.9961607586803357
171352,0.0012341919301234062
171353,0.00048680744235322503
171354,0.0006530075754611395
171355,0.0005907028663801819
171356,0.0009922687424679373
171357,0.0024211200607375197
171358,0.0008867154621789461
171359,0.0013481230298472207
171360,0.027533268299454967
171361,0.0007367027497206865
171362,0.0007812442875416695
171363,0.0006530446293200531
171364,0.0010856693497400594
171365,0.0009980390079491856
171366,0.0010020611796636681
171367,0.0006429762135842256
171368,0.00045417376351159877
171369,0.0011550343431256296
171370,0.0016162431926253344
171371,0.0005960080855622086
171372,0.001983094758949185
171373,0.00376164575039581
171374,0.00042101042932560267
171375,0.0013146170381007354
171376,0.003924946973109397
171377,0.001348791320895815
171378,0.0015508488063233443
171379,0.0016563118050049548
171380,0.0006857574152760111
171381,0.0006348329093906294
171382,0.0007666497257545024
171383,0.0020552556670825526
171384,0.001187304728747781
171385,0.003795061121548383
171386,0.0006832028698586523
171387,0.0006443652574898496
171388,0.0022396658604029876
171389,0.000860204692851764
171390,0.0008921896235711509
171391,0.0007123621669667321
171392,0.0007061429951136364
171393,0.0010129791546886861
171394,0.0006012362521470685
171395,0.0008835315589178338
171396,0.004893663263212226
171397,0.019591090536692737
171398,0.09721347774733528
171399,0.0008693311828512737
171400,0.16822304849097322
171401,0.007670978715546357
171402,0.0009926542100530435
171403,0.003319552131123253
171404,0.0030411381738554046
171405,0.0007625645341102633
171406,0.00722260909376056
171407,0.0007962295727251842
171408,0.0019600888907470595
171409,0.000471719054660039
171410,0.0007351707251565231
171411,0.001311736277630017
171412,0.0006270113033601138
171413,0.0008808875883543147
171414,0.0010615614438092597
171415,0.00393491828698087
171416,0.0006580002157639045
171417,0.0008230986171883963
171418,0.000697626422551563
171419,0.0010644920739592372
171420,0.0008575325576868859
171421,0.011693833983886669
171422,0.0010344884734481774
171423,0.0066899306574340085
171424,0.000667992030603915
171425,0.0011633335152894926
171426,0.0013571473224423746
171427,0.0007464370523763899
171428,0.0011217544114928862
171429,0.0014137455839085239
171430,0.019805826276853844
171431,0.0007354948533855836
171432,0.0006036404670773502
171433,0.0010796309797755784
171434,0.0008828320852863739
171435,0.002362211416415164
171436,0.0376825836751702
171437,0.000563065698404881
171438,0.002658732227352792
171439,0.0006993164106946882
171440,0.0033818986185523703
171441,0.0005953884217275523
171442,0.0007002081477225609
171443,0.0013880272311456914
171444,0.0005926053044141809
171445,0.0005463317269626905
171446,0.0008770287568846662
171447,0.0031536383082658376
171448,0.0058665710673043315
171449,0.0174702620686661
171450,0.001916115354313553
171451,0.0005845120625163373
171452,0.0008829592029629524
171453,0.0014464012091793535
171454,0.0008518170523325388
171455,0.0007893242346743485
171456,0.0007144336360665224
171457,0.00300335055645424
171458,0.0008332378925556881
171459,0.027403913489566743
171460,0.0013061633054794735
171461,0.008295590172942366
171462,0.0006668084618835556
171463,0.20060822298145228
171464,0.0006998267114880976
171465,0.0007449597075476022
171466,0.0007273352684158238
171467,0.0008460805501638624
171468,0.001575018448474967
171469,0.0005100004192493768
171470,0.0019574128348582376
171471,0.00832167895959501
171472,0.0008272007794522288
171473,0.000620629744452691
171474,0.00147565455123421
171475,0.987163063872885
171476,0.00172794004276443
171477,0.001184779577627655
171478,0.0006010873342638065
171479,0.00220862306538145
171480,0.0009678814391033662
171481,0.0005854626227155107
171482,0.0006106010321667964
171483,0.003073667647400787
171484,0.0007116341868129531
171485,0.000495125028573699
171486,0.023980735972618957
171487,0.0007743437532366205
171488,0.0035632431575288717
171489,0.012699043706138544
171490,0.0010526513852251312
171491,0.0007674951408859773
171492,0.0008182615084797709
171493,0.0006067652377627426
171494,0.0008237875120795624
171495,0.0006383482496355379
171496,0.0013241283951491525
171497,0.002643909523858463
171498,0.0023812042624028157
171499,0.004998699114314744
171500,0.002092536697543661
171501,0.0005687596074704812
171502,0.0008128288785179258
171503,0.0007252350562153068
171504,0.0008316819546097921
171505,0.004215178881703948
171506,0.00069509640024053
171507,0.000472119947895657
171508,0.0012377495226098712
171509,0.0007623604947723493
171510,0.0006662066332349735
171511,0.0020315870799199193
171512,0.0011969719930473115
171513,0.004602685128377907
171514,0.001051593879033811
171515,0.0007907788889383988
171516,0.002740167963228979
171517,0.0005625633944126464
171518,0.0012021180942453492
171519,0.012211991954199294
171520,0.010233161823000131
171521,0.000433574824711364
171522,0.0009347370159257051
171523,0.0017123836178092344
171524,0.0005147050086436119
171525,0.00104683069181518
171526,0.0032669468832808913
171527,0.0006768765498542013
171528,0.003229030833450325
171529,0.000994653246137071
171530,0.0009851184992980676
171531,0.000637440443191887
171532,0.0009280372802210966
171533,0.0038233592461373433
171534,0.00045003108661859857
171535,0.0006926824168877958
171536,0.005908547277704987
171537,0.0006487635235065898
171538,0.0008020165631665956
171539,0.9710782512600913
171540,0.007715336950625622
171541,0.000543585069791255
171542,0.0014198997205157591
171543,0.0007953462023684525
171544,0.0012067157435726966
171545,0.002071542678044498
171546,0.0006118198998565072
171547,0.0003207120147922861
171548,0.0007512362392929576
171549,0.0009482593369399302
171550,0.0007015710217464191
171551,0.006499959848473508
171552,0.0017272203976595071
171553,0.00042239367161265727
171554,0.00046921152953771834
171555,0.0007886931133735575
171556,0.0005196157387059436
171557,0.0014162871582868994
171558,0.0003261559117822488
171559,0.0006897248288360355
171560,0.0053284509654442265
171561,0.010648360272725404
171562,0.0013830516652021557
171563,0.0076368309235445376
171564,0.0004000601350829014
171565,0.0007616547307771267
171566,0.0008795408660533931
171567,0.006703225217876685
171568,0.001080291337116976
171569,0.00842919563055445
171570,0.004621543701387818
171571,0.0005001471733099453
171572,0.0024860089307340598
171573,0.0009244640269356599
171574,0.0006828238664962712
171575,0.00040216492343063615
171576,0.000826837377135581
171577,0.0008431147908364402
171578,0.0012884168194737837
171579,0.0007916287406204961
171580,0.0005601804940493874
171581,0.0007462755279361176
171582,0.0007226488199841277
171583,0.0041225697829623585
171584,0.00030237325075535874
171585,0.0006428816410868249
171586,0.0011128683790542326
171587,0.0007826909949342595
171588,0.0007713865183677642
171589,0.0004782929417378353
171590,0.000584083666369164
171591,0.0008302467850325151
171592,0.0009259054783660867
171593,0.0012781236136009113
171594,0.0005110425430933001
171595,0.0007366000826540522
171596,0.00037290191942135543
171597,0.0009406330774409863
171598,0.0008893412437768224
171599,0.0021201333384088623
171600,0.001021205594424851
171601,0.0006361994132192774
171602,0.0009469484181563951
171603,0.0005688062316876974
171604,0.0006739555523583652
171605,0.0008988763277066917
171606,0.001956746291550609
171607,0.0005382374559512256
171608,0.001246073511705614
171609,0.003937248930882129
171610,0.0014108268111472692
171611,0.0007570903665127847
171612,0.0029235319934589896
171613,0.20105882004886536
171614,0.0009040842782713739
171615,0.0006001600250129114
171616,0.0007923852524544924
171617,0.0008028949541287557
171618,0.0015929001847655518
171619,0.002035434733328078
171620,0.0015127837557145942
171621,0.0006000352763609088
171622,0.02794110541396012
171623,0.0004965632643932352
171624,0.0006697314560648921
171625,0.0004347839724390574
171626,0.001548939290167404
171627,0.0007993644039602141
171628,0.0007542129776890024
171629,0.0005346777327533453
171630,0.007684646150296194
171631,0.0008262696038093015
171632,0.0007235451289328742
171633,0.003328211047844358
171634,0.003401800952240608
171635,0.0006189719586404727
171636,0.0005290436834548802
171637,0.000575173343524052
171638,0.0015776064553648002
171639,0.004593834138532303
171640,0.0021036794167963837
171641,0.0011940867242302966
171642,0.0006349460948424563
171643,0.000945840399167566
171644,0.0004577739763547111
171645,0.0021081147680121898
171646,0.000675603784354792
171647,0.001623883850919388
171648,0.0005973813909127353
171649,0.0006332889621813978
171650,0.0016976257954772185
171651,0.0007586566034311001
171652,0.003100328812037181
171653,0.000960248528763959
171654,0.0020191867686822395
171655,0.0015832016269286442
171656,0.000570357985308935
171657,0.0006325862994459812
171658,0.01238080047360686
171659,0.0018441555894202716
171660,0.0008793856293225228
171661,0.0005167470973637153
171662,0.9774757155473349
171663,0.00039356909297096293
171664,0.0005621583045290043
171665,0.0009198567537117263
171666,0.00040064939288289017
171667,0.0007828915295606769
171668,0.0006252649572937322
171669,0.0013742999614634994
171670,0.0011387343990032972
171671,0.002203083196511796
171672,0.0006438725861674166
171673,0.0005282126192384472
171674,0.0042975101592774255
171675,0.005947121118423214
171676,0.0029172079932650464
171677,0.0005968606181612515
171678,0.0018409254218979942
171679,0.0020613458751631277
171680,0.0009292111913815212
171681,0.014751547364019095
171682,0.0007045081982123605
171683,0.000908173222256648
171684,0.001035022557514541
171685,0.004349384187230621
171686,0.0012865761515000896
171687,0.0008119137027029134
171688,0.0011999443318520889
171689,0.003747191178989047
171690,0.0008424694636876213
171691,0.001704740220761866
171692,0.0016223098237094975
171693,0.00040823983343506247
171694,0.0004910325864066561
171695,0.000722215894575075
171696,0.00044950580985541466
171697,0.0009930855461116597
171698,0.002000600949274514
171699,0.0011238352255474823
171700,0.0006776995054990451
171701,0.001800701905781586
171702,0.000676440180125479
171703,0.0004970815715189704
171704,0.0007210926785736896
171705,0.0005893735077504771
171706,0.0005831285139632256
171707,0.00053909807606373
171708,0.0005428420046976181
171709,0.0011656729008130804
171710,0.0011387609920269141
171711,0.9850026828133502
171712,0.0013464942691779052
171713,0.041421637296577246
171714,0.0014171981489041478
171715,0.0005442908147483996
171716,0.0020438896845728863
171717,0.0020397497140341252
171718,0.0018107971024195488
171719,0.007575886347014049
171720,0.0007568571436161415
171721,0.0010007789287746524
171722,0.001047229539989752
171723,0.009505439594986025
171724,0.0005880281306413112
171725,0.0009094689526870523
171726,0.0007178729333534282
171727,0.0011384423882820766
171728,0.007330293592063881
171729,0.006498459727738243
171730,0.0005452083132584227
171731,0.002061175003506897
171732,0.012722378971752775
171733,0.005769581168632924
171734,0.0020768937614573024
171735,0.0006327681767916981
171736,0.0004736407956639168
171737,0.0006302963023992417
171738,0.0026986358516261112
171739,0.0005129546538620728
171740,0.0005953635135087705
171741,0.0006709271260849866
171742,0.002351513008265417
171743,0.0018540173302034541
171744,0.0009856571063870147
171745,0.0016655433554198396
171746,0.0007655921419726877
171747,0.00046607675124044306
171748,0.008610962926315902
171749,0.00045924213870653454
171750,0.0015335300044295522
171751,0.9960565804580194
171752,0.0006003604688404799
171753,0.0005209083609199832
171754,0.00048517416763824763
171755,0.0007388702889882338
171756,0.0006714316832130792
171757,0.0016874438921349287
171758,0.0006309179297104648
171759,0.0008695083508862545
171760,0.0006095211701685245
171761,0.0007333059933247539
171762,0.0011268400058130775
171763,0.0011010538180624076
171764,0.0021777834677802143
171765,0.0006663864139726424
171766,0.0009447634753222099
171767,0.00044257342195091955
171768,0.0006869257756389388
171769,0.0038330494760156885
171770,0.0010217176883079522
171771,0.0015642604757996133
171772,0.002344202450568741
171773,0.0009672529096453109
171774,0.004457894216632779
171775,0.0005924361069711123
171776,0.0027634448610390446
171777,0.02437062022034224
171778,0.0013552517615145732
171779,0.0015761390246646831
171780,0.002318924328012054
171781,0.001422168134126193
171782,0.0016994872525991373
171783,0.011379178212346693
171784,0.0009262384835141287
171785,0.0007690689675125355
171786,0.0011969265262986827
171787,0.0008951630717352966
171788,0.0005357028735643835
171789,0.018779696830757416
171790,0.0015768348912134772
171791,0.0005814973320577337
171792,0.0005139655101002532
171793,0.011546445408839999
171794,0.004429486148870015
171795,0.00079955939836605
171796,0.0007012312333531717
171797,0.0009166761843139027
171798,0.0027401871313443658
171799,0.0005231159715095402
171800,0.000676585861695037
171801,0.0007572607463235586
171802,0.0005603057921878996
171803,0.0004990934690717393
171804,0.0034709426831761535
171805,0.0005201052552203632
171806,0.0013225429963553276
171807,0.0012369919729225969
171808,0.0005407146243668286
171809,0.01578620210450598
171810,0.0005400120504665976
171811,0.0013283949049421257
171812,0.005251028098711628
171813,0.0011068054886203796
171814,0.0006568579047095948
171815,0.005230727487024087
171816,0.00046794167311375027
171817,0.09384626478270565
171818,0.0034641906419558338
171819,0.010754078597132625
171820,0.0006176349384347254
171821,0.0010875624709880787
171822,0.0008357400186485911
171823,0.0006691729523597202
171824,0.002126130197662374
171825,0.0009974726278217574
171826,0.0014862414406545178
171827,0.0006621309153045064
171828,0.0005019754011097149
171829,0.0018665176932850748
171830,0.0013710466019454597
171831,0.0007216024013150909
171832,0.0004354041751356403
171833,0.0006261063134439036
171834,0.0042572559681376895
171835,0.0016000259991223982
171836,0.0006369748349211986
171837,0.002342319467585027
171838,0.9966934538651018
171839,0.0008069363015736331
171840,0.0026579069678314277
171841,0.006183873410912812
171842,0.0040716847360521054
171843,0.01218596819030431
171844,0.0005170455223780465
171845,0.9722884048426482
171846,0.0007221612863849042
171847,0.00230130984057382
171848,0.0006142529472286989
171849,0.000549247408240064
171850,0.0005984386279499283
171851,0.0010499976022007359
171852,0.0007674196582454398
171853,0.0006429350121843285
171854,0.0007499600873975614
171855,0.0005022476177739466
171856,0.00114798045781112
171857,0.0009404852291299535
171858,0.0006582858675054355
171859,0.0012163490392804882
171860,0.0014053896114493275
171861,0.0007689489612418287
171862,0.0013515469091511722
171863,0.003175106210504956
171864,0.004244981553738629
171865,0.0013896320910845024
171866,0.9957097204224155
171867,0.003752671116314106
171868,0.0012352155876164828
171869,0.0005924381499852765
171870,0.0007878435578600147
171871,0.009175965502095767
171872,0.0016859978564588121
171873,0.0017119960669615183
171874,0.0481354541539932
171875,0.005360840019401483
171876,0.0006780727106086255
171877,0.0005388315606498007
171878,0.0005823515826303263
171879,0.0038068929247900905
171880,0.0006853994170589821
171881,0.0007414127281748297
171882,0.0008467892093233206
171883,0.0032355140172229038
171884,0.0005026331062074861
171885,0.002098148301147242
171886,0.0008290862777917603
171887,0.0006028783536328628
171888,0.0011603051009628845
171889,0.0007803553212744242
171890,0.005896742622036592
171891,0.0006532942885466996
171892,0.0005266629834846062
171893,0.0008905143000614483
171894,0.007398327386186988
171895,0.02113444260110483
171896,0.016143399582761824
171897,0.0017184576174313448
171898,0.0008824666150874327
171899,0.0035213860118680626
171900,0.0025991460221536575
171901,0.0019177151464809458
171902,0.0005531513811255462
171903,0.0007353509143638132
171904,0.0010444522929071035
171905,0.0006418575374906871
171906,0.002819277522548451
171907,0.0006030691559930324
171908,0.02169816182757757
171909,0.01383643366211531
171910,0.0006555660329201881
171911,0.0005596403617110416
171912,0.019773146784155784
171913,0.0006377642708984657
171914,0.0025156029860945264
171915,0.0005512647622595801
171916,0.001937748429106497
171917,0.000518067032278163
171918,0.0008081890499307724
171919,0.0008082477423955434
171920,0.000928219332311956
171921,0.001861291747538188
171922,0.9944102914893768
171923,0.005350055587225411
171924,0.0016852191664219153
171925,0.0004157685821227787
171926,0.0006354825659904666
171927,0.0011287435703204508
171928,0.0022891571376300163
171929,0.001282279314191009
171930,0.0005457699959724367
171931,0.0006924973455465428
171932,0.001107783425203339
171933,0.9651541264826037
171934,0.0013721806756912085
171935,0.0010963247126214073
171936,0.0008890602537617758
171937,0.0005301976367392776
171938,0.0005931158013146395
171939,0.0019954045549963294
171940,0.0005450886486541409
171941,0.0021606177803047515
171942,0.0005365310645535393
171943,0.0004364525553376671
171944,0.004580187596989768
171945,0.03814207672674638
171946,0.0007015231579510626
171947,0.0016073857068454175
171948,0.0012627115020005255
171949,0.0019385199381067783
171950,0.0056466223867572135
171951,0.0007246327486036322
171952,0.0011999177054635205
171953,0.0005157972786938098
171954,0.0006001788097389687
171955,0.0014316098020185817
171956,0.0011855492933196864
171957,0.0006584753332701883
171958,0.0006498755878130832
171959,0.0008208614814463657
171960,0.0007423089457307928
171961,0.0009055409562928851
171962,0.007790262000842043
171963,0.0006306750636376158
171964,0.0006167896973088385
171965,0.0006946780403002649
171966,0.008790650854542099
171967,0.000600524872251242
171968,0.0023896404381821877
171969,0.0009658679836115377
171970,0.0005839811757893129
171971,0.0005968496866480591
171972,0.000576581117190676
171973,0.001172630739170821
171974,0.0005490232750595395
171975,0.9980045543321232
171976,0.0004859573774534932
171977,0.001515567342170226
171978,0.006906411835723018
171979,0.0006400867258434184
171980,0.003585496118155551
171981,0.000675398992944234
171982,0.0019443668861662904
171983,0.0006044916278036449
171984,0.006795084843543532
171985,0.0020464237922474867
171986,0.005275350255478001
171987,0.0009850457430515798
171988,0.00048715745311541704
171989,0.0005535441977158085
171990,0.032057075746952296
171991,0.021114464198618135
171992,0.0007639262278700211
171993,0.0018544237909754358
171994,0.007416649942245522
171995,0.0005811084759378486
171996,0.000579746480483426
171997,0.0006422185322432993
171998,0.0010011384801149761
171999,0.00048011069872854416
172000,0.0006597407719630751
172001,0.0011560587741756795
172002,0.007832452127795222
172003,0.001514312923844298
172004,0.0004264734002092661
172005,0.0010936273224331973
172006,0.000764029388177487
172007,0.0018907724939061451
172008,0.0004758774996465389
172009,0.00040549059672910075
172010,0.001119397098222643
172011,0.0008552966778312892
172012,0.000654253871359998
172013,0.0005258044083783728
172014,0.0043151247032012455
172015,0.0006132436431660754
172016,0.000548977084179439
172017,0.0006417016966841513
172018,0.002291322614751442
172019,0.0010391129769127712
172020,0.0006971130405051574
172021,0.00047386070149267666
172022,0.0004971336587560194
172023,0.00046838991483090693
172024,0.01668841838399408
172025,0.000841671309810825
172026,0.0009470827278089235
172027,0.0007222342099119452
172028,0.01684816709894705
172029,0.0033909755451456804
172030,0.0009290292634596235
172031,0.0006401752228797034
172032,0.0005556639180578971
172033,0.0011701163566843857
172034,0.0004978696098238416
172035,0.000900758325211526
172036,0.0005924675976882459
172037,0.0009335240176817897
172038,0.0008270776956229649
172039,0.001327920399748861
172040,0.002837764249662103
172041,0.002228917491684589
172042,0.021196583582438887
172043,0.001969924298704771
172044,0.001389654360348606
172045,0.004980701129701806
172046,0.0010044263100729817
172047,0.0035031775130182677
172048,0.0008718043256263343
172049,0.0005490710932208968
172050,0.0005584292051022858
172051,0.0007002450980381343
172052,0.0005610767571271202
172053,0.00504379719599808
172054,0.0007760035003009227
172055,0.0008369224968456151
172056,0.0008168592666224889
172057,0.2026475181563321
172058,0.0008586994676294701
172059,0.0011442356254969441
172060,0.0004739515248392284
172061,0.0006888952337692568
172062,0.001187045096610232
172063,0.001405513525163738
172064,0.0005098656988105943
172065,0.0035352956221537555
172066,0.00845016368535378
172067,0.0023048939690515553
172068,0.0027014682734368637
172069,0.0007424204663226238
172070,0.000678175849643497
172071,0.008618604167777067
172072,0.0005977421683381278
172073,0.0007274901540438162
172074,0.0008783150679780533
172075,0.0009905695388831312
172076,0.00197371253193104
172077,0.0035613877542207376
172078,0.0004957776792817524
172079,0.0005727115939473256
172080,0.001713393774266709
172081,0.0005977331074796641
172082,0.0013517320026625655
172083,0.00275737275803408
172084,0.009280530959833985
172085,0.007299602320839864
172086,0.004415526142190441
172087,0.0009473562586307157
172088,0.01671150515598675
172089,0.001330734386656228
172090,0.0006350338749137357
172091,0.0005267716765024811
172092,0.013015209972835465
172093,0.001784108085782873
172094,0.015314264093522769
172095,0.0005085861494107392
172096,0.0013413730964266404
172097,0.0017444661565297523
172098,0.0013993520774885344
172099,0.9972404431201842
172100,0.00047358860419417705
172101,0.0007105918875558587
172102,0.0009794828661419544
172103,0.0005519887962293881
172104,0.0006582044232606543
172105,0.0010671448636243573
172106,0.001069904068605712
172107,0.9971649458151393
172108,0.009470188742530259
172109,0.0014906038368826613
172110,0.0017992549115397427
172111,0.0027400729471251557
172112,0.0006995649749206887
172113,0.0009313026623896486
172114,0.0007670341411813381
172115,0.0005336105839364629
172116,0.000752164153749601
172117,0.006073953542996009
172118,0.004045678444613729
172119,0.0006006516479730379
172120,0.0007514700564384906
172121,0.0061493365376599374
172122,0.0006139407747569824
172123,0.0009687104294452196
172124,0.0016028044713224882
172125,0.004567726972164155
172126,0.0014591389399145882
172127,0.001022506257355636
172128,0.0027313809061901874
172129,0.0005857812463769182
172130,0.003260069398155156
172131,0.00133519942157146
172132,0.004008892228292236
172133,0.0015065263050584475
172134,0.0004922936322250963
172135,0.0005900410843322635
172136,0.0004433879304331042
172137,0.0008665811707267747
172138,0.0009361250163475825
172139,0.0006353061111616647
172140,0.0006701503249694955
172141,0.0010543413950244874
172142,0.0011625590053987776
172143,0.0005771587987278479
172144,0.0007055735767307365
172145,0.003105854100203847
172146,0.0007621412756695811
172147,0.0011789043560701362
172148,0.000531965740454864
172149,0.0011812534560285974
172150,0.001398562533014392
172151,0.000960385190871548
172152,0.0004940859349010964
172153,0.0006701383157814404
172154,0.001222820412423398
172155,0.004396783673148509
172156,0.0008003559645823649
172157,0.37289413617805106
172158,0.0008147678643206856
172159,0.008504009495398543
172160,0.001703124853652632
172161,0.004351066927876453
172162,0.0007155313813023037
172163,0.0009496682178817238
172164,0.002247295697674902
172165,0.0019019203034322018
172166,0.0007274038557164681
172167,0.0009066318466224191
172168,0.009331276408746638
172169,0.0007278926884064685
172170,0.0008687109501915853
172171,0.0007592284362647292
172172,0.001849593103707576
172173,0.0004988790158874357
172174,0.0007583891798284701
172175,0.00054924722887718
172176,0.0005256592824711198
172177,0.02441612992553973
172178,0.0004488839991428652
172179,0.0019550726171751807
172180,0.0006685547013361053
172181,0.0006723467872382876
172182,0.0024545199855486237
172183,0.0009356237594769392
172184,0.017315957154313746
172185,0.9898264421048591
172186,0.000734535360100545
172187,0.024778796567257746
172188,0.0007802962567539499
172189,0.9980108673607604
172190,0.0008057480537068354
172191,0.004616936605544538
172192,0.033519055997561706
172193,0.0006936737723101812
172194,0.007384126722742945
172195,0.0018735269894845225
172196,0.0019981170489905423
172197,0.0005486067706714383
172198,0.0010998675084381068
172199,0.001602016339618209
172200,0.0006001239752236175
172201,0.0016731499904594207
172202,0.03421382954678981
172203,0.0014973002814288633
172204,0.0011853959914104972
172205,0.0007779030664831683
172206,0.000820339896469431
172207,0.007874483172223428
172208,0.0005788415271227678
172209,0.0007191589842679474
172210,0.0022106754826129644
172211,0.0013332151130361547
172212,0.000540416365404102
172213,0.0005101803562028183
172214,0.0007610782716158033
172215,0.005201734174438994
172216,0.0005293324159804612
172217,0.0018170813315736035
172218,0.0005617086382791941
172219,0.0007818535505975176
172220,0.0006916524076977352
172221,0.0008047716354154388
172222,0.001560085469418068
172223,0.000819036859359796
172224,0.001225259218930464
172225,0.0007774181333494789
172226,0.0017000904102548707
172227,0.000684964303027888
172228,0.0006788514438885001
172229,0.0007353831451032183
172230,0.0006044849639647102
172231,0.003990400168637328
172232,0.0016976153617183974
172233,0.0007749299149114027
172234,0.0025558869837429754
172235,0.0006054099888181682
172236,0.0010215955436144218
172237,0.002873609355332804
172238,0.0009851391064141153
172239,0.0033704399908044648
172240,0.0005384415874892565
172241,0.0006636160515127456
172242,0.0013160393854912188
172243,0.0007876138140103766
172244,0.0005222190032891848
172245,0.000616459526507462
172246,0.00056250735197447
172247,0.0005429946245338519
172248,0.006326724196608209
172249,0.0005619828656369381
172250,0.002419684835377824
172251,0.0004748756788992375
172252,0.0008718719991990373
172253,0.0022141789162163053
172254,0.0008691449499343596
172255,0.9991160835595323
172256,0.002439182780238914
172257,0.0006471955380635648
172258,0.9963877771348538
172259,0.000664819575498495
172260,0.0010584669046847265
172261,0.0020740307007249114
172262,0.002242604284214332
172263,0.0006638518518420958
172264,0.0007392313336408459
172265,0.0014492387404670191
172266,0.0006647366359462025
172267,0.005214873823586882
172268,0.004003742221659798
172269,0.00465528622817904
172270,0.007887964473832797
172271,0.008019803208039845
172272,0.0007946389379141253
172273,0.0006197545516206991
172274,0.0005211356750606984
172275,0.0007173751770937445
172276,0.0013453002701802027
172277,0.0013767098659349499
172278,0.004642266963224656
172279,0.0030351161300787135
172280,0.0007331708029669618
172281,0.002118693324957567
172282,0.002373389310314941
172283,0.0037341019689925035
172284,0.002018598891223664
172285,0.002712053145303657
172286,0.005677963542163696
172287,0.0011233508706188
172288,0.00619511718409478
172289,0.0007611841932658536
172290,0.002339773862065903
172291,0.0038583033760663864
172292,0.0007212211081629027
172293,0.0007610388255978191
172294,0.0036175668439550075
172295,0.000700118877783858
172296,0.0008065238535015541
172297,0.0013204257240277747
172298,0.0017804718597432389
172299,0.0006444179442543535
172300,0.0006999379657054072
172301,0.00504752256923248
172302,0.000588557361448886
172303,0.005530234848304002
172304,0.0009206749687914223
172305,0.0052656668428970686
172306,0.0006384205943777903
172307,0.0014929081639962296
172308,0.0013868830295056416
172309,0.001321857772867242
172310,0.0007447321199305821
172311,0.0024349396397128327
172312,0.0023833222299970234
172313,0.0009839866263323355
172314,0.000565730614663545
172315,0.012837159017433753
172316,0.001484441954234556
172317,0.05341324969753781
172318,0.0022625150993682117
172319,0.005915686135546246
172320,0.0005298186766679763
172321,0.0004332284398558781
172322,0.0014044630171756807
172323,0.000439783386942218
172324,0.0016507019163590302
172325,0.0008578088492817949
172326,0.0004627013509759683
172327,0.001431578871351384
172328,0.19852844750222506
172329,0.004359410786821846
172330,0.0028821310200010963
172331,0.001971372162480463
172332,0.002601082779050766
172333,0.0006085477937850305
172334,0.002577274538245148
172335,0.0009268488328404501
172336,0.0010651629471238135
172337,0.001194333820476434
172338,0.003267832849463202
172339,0.00035921709942677275
172340,0.0020479758822400393
172341,0.0005302685576856789
172342,0.004625622316535494
172343,0.0005965716075825465
172344,0.0013350410326460026
172345,0.0011632664881199215
172346,0.0007874647915826205
172347,0.006313948632960172
172348,0.0023512148417096177
172349,0.0009540019278176903
172350,0.0015232560549410783
172351,0.000860492565022601
172352,0.005116464876071613
172353,0.0006599370449970821
172354,0.0007105357305899734
172355,0.0012599214274737268
172356,0.0016597113985467604
172357,0.0006757430897822886
172358,0.0021106069215674596
172359,0.0006573097823432998
172360,0.0019220586545957408
172361,0.0007570498437741753
172362,0.00875563554326091
172363,0.002095941579206454
172364,0.0008256767041701031
172365,0.0014421841926391332
172366,0.0016597326678296131
172367,0.0007369121977790532
172368,0.0015587863953677704
172369,0.0007135055654305521
172370,0.0006344390452069977
172371,0.01812773562151132
172372,0.0031827595168102563
172373,0.0032281108699632006
172374,0.00142527185895231
172375,0.003459556345803795
172376,0.00045407198054101184
172377,0.005282686600774865
172378,0.001396938353384536
172379,0.003169269880125895
172380,0.000577811471374359
172381,0.000678745883792931
172382,0.0010542833180395776
172383,0.005526804896977303
172384,0.00127246093135499
172385,0.01075666301294137
172386,0.000458524478041382
172387,0.0006935153309970403
172388,0.0006425139855044187
172389,0.000994050931314011
172390,0.0007016884681495303
172391,0.0012084362578115735
172392,0.0020535088286720874
172393,0.0012625446661708984
172394,0.0005869334096749051
172395,0.0004533995707650748
172396,0.006695061351223186
172397,0.0005661463474689287
172398,0.0007570739358115774
172399,0.0013382982031166014
172400,0.00175442609704859
172401,0.0034545931340130166
172402,0.0007367322589853484
172403,0.0007091535882068913
172404,0.0014755943347401364
172405,0.0008042091777455143
172406,0.0036867696053265522
172407,0.0005723443620827377
172408,0.00044127736867442086
172409,0.0008033072420477634
172410,0.05737619209919732
172411,0.000663426024448561
172412,0.009012924578857117
172413,0.001871380004646391
172414,0.9969154418154336
172415,0.0011305506638535474
172416,0.0012928070380240097
172417,0.0007509307946536557
172418,0.011050511171806297
172419,0.0005442961916649745
172420,0.0018401844835440268
172421,0.000628544466394155
172422,0.0012827642191723995
172423,0.02008895001471691
172424,0.0014636293203903073
172425,0.0005192864619805821
172426,0.008732345829319919
172427,0.00046129773478341103
172428,0.0014731931818210474
172429,0.002170152521105263
172430,0.006095383421365685
172431,0.027166666853138483
172432,0.001991337900397292
172433,0.0004526649438185428
172434,0.0025446685589878785
172435,0.0004789374364904891
172436,0.0007188134256448226
172437,0.0006197154085385117
172438,0.004529930650980965
172439,0.0003471272698950086
172440,0.002666403964877023
172441,0.0010204804198764037
172442,0.0005656649000444329
172443,0.0011053951216323447
172444,0.001088106944456981
172445,0.000747015642442599
172446,0.009073300318621972
172447,0.0010623002754538893
172448,0.0021891970873961376
172449,0.0007532955415487544
172450,0.001900069670133505
172451,0.0006419124857557696
172452,0.010536074429832622
172453,0.012696837904695954
172454,0.0007826636648314005
172455,0.0004641763827972858
172456,0.003611891814206639
172457,0.007001281512407059
172458,0.11989651584052621
172459,0.989878799873483
172460,0.0034479252695640825
172461,0.010012542678396326
172462,0.0005652307167678574
172463,0.00213607549527244
172464,0.0005934026506445492
172465,0.0006728400813941313
172466,0.0015952566587683391
172467,0.002757390535301242
172468,0.0006124806006004413
172469,0.0006163576341478687
172470,0.0006657357453588356
172471,0.002734244167237639
172472,0.001175740808126039
172473,0.0006227213567076269
172474,0.0006227370698910694
172475,0.000615382809962566
172476,0.0016602211257406882
172477,0.0048715918503467555
172478,0.0005866108265964172
172479,0.002036489179421948
172480,0.0007091717377262135
172481,0.0009587707710926564
172482,0.0006336499593185291
172483,0.0014266310194029545
172484,0.005828067844582943
172485,0.0032714507365978643
172486,0.0005347342701350697
172487,0.0008621077502894417
172488,0.0008321581006832165
172489,0.0006603537558531652
172490,0.010995102530529178
172491,0.009294956674550783
172492,0.0015332429852823526
172493,0.0015975799899241513
172494,0.0007503156738496613
172495,0.0018008926439500874
172496,0.0008162560152709731
172497,0.0007367809553559078
172498,0.0006335357441983234
172499,0.006173077995759087
172500,0.0005082977039692049
172501,0.0007679812063319776
172502,0.0015083360963836542
172503,0.014841078764672277
172504,0.006745482367232658
172505,0.0007684704211222771
172506,0.00787421763828931
172507,0.9927835863784049
172508,0.00036254601474498615
172509,0.00553376970981182
172510,0.0006927976158646415
172511,0.0005325036772796935
172512,0.0005917333193481841
172513,0.0016943398063150599
172514,0.0024389570392993804
172515,0.000861522433275059
172516,0.0013102596605536695
172517,0.004462402018497378
172518,0.0007915594705430228
172519,0.0005458441732921443
172520,0.000843883083328814
172521,0.0045532204753146645
172522,0.0006259886085572271
172523,0.0010651694556402208
172524,0.0008160548346142845
172525,0.0006080376574586231
172526,0.00661499254705826
172527,0.005106997296226903
172528,0.0015516361747116296
172529,0.0016565483137403782
172530,0.007581431569491173
172531,0.0006559090909375386
172532,0.0019441155700603118
172533,0.004000110054509754
172534,0.0011621398300585561
172535,0.0004997753570777475
172536,0.0011750211245116042
172537,0.0008706115118524626
172538,0.00101111462047104
172539,0.0008443645568173249
172540,0.0006050923748488223
172541,0.0015281196000324572
172542,0.0014889049941665643
172543,0.000870912106362273
172544,0.0015768752800812565
172545,0.0005872790748176911
172546,0.000954129116625157
172547,0.001012860368555127
172548,0.0015863432470213854
172549,0.00044762029337937676
172550,0.0005870685000043808
172551,0.0005439331736619657
172552,0.0006737373171283594
172553,0.0010318784276322243
172554,0.011313662570227584
172555,0.0013686884776059796
172556,0.0021384729629492687
172557,0.006594155621740553
172558,0.0004317778877419969
172559,0.0004324600753541533
172560,0.000551307660416908
172561,0.15948680937656456
172562,0.000660053909813431
172563,0.0008753159113916592
172564,0.0006002124795600795
172565,0.000726161995767549
172566,0.0006551000641750273
172567,0.002087326097566646
172568,0.0006095759965314788
172569,0.0009783653957542698
172570,0.0006477439916768069
172571,0.02447977939623068
172572,0.004083960039626161
172573,0.007036092988951544
172574,0.0012003191692258352
172575,0.0006518783876394256
172576,0.0006346105481511918
172577,0.003512794397167279
172578,0.0006651645842167929
172579,0.0010361940172043049
172580,0.0015776179537668477
172581,0.0006246240742590353
172582,0.0007159914156487214
172583,0.0005857262526315216
172584,0.0012813352249898954
172585,0.0007470872173000686
172586,0.0005714304478893881
172587,0.000626282681275608
172588,0.0011317037003333653
172589,0.001229383613102813
172590,0.0038781617164141196
172591,0.0016942222803793504
172592,0.0010344901191507855
172593,0.000522859179306856
172594,0.0017651814809784153
172595,0.0003985273257281864
172596,0.0006765233468776843
172597,0.0010727954799427115
172598,0.0005394528332769604
172599,0.0006194705643908508
172600,0.0005368006696587254
172601,0.0007116288361556612
172602,0.000511949158200997
172603,0.0007194760294202562
172604,0.0019276274760262595
172605,0.0007357178297774647
172606,0.0005244546446739173
172607,0.0018665473020562991
172608,0.0007278699869351106
172609,0.007799660115035434
172610,0.005106740973994943
172611,0.0005162835439053339
172612,0.0030512114323356103
172613,0.023514188552484
172614,0.0006408035641403909
172615,0.006549591774797877
172616,0.001055747074153015
172617,0.0006990332763979791
172618,0.0005238183514757854
172619,0.0007993716365499533
172620,0.0006577615109037709
172621,0.0005553370390840249
172622,0.0007726185260317627
172623,0.0005115396944711301
172624,0.0005637765909089047
172625,0.0005580419690391047
172626,0.00226696715278813
172627,0.003303366615245604
172628,0.0015703028336686155
172629,0.0007435652204523431
172630,0.0004302106866747007
172631,0.0014114633880349368
172632,0.0029344685521673517
172633,0.0036501603901358854
172634,0.0005978786939196526
172635,0.0006381673906564796
172636,0.0023288471418028873
172637,0.0005548287147503819
172638,0.0043273972184679
172639,0.005345329189920896
172640,0.0005651961602070163
172641,0.0005269820602063234
172642,0.0015216603582766954
172643,0.0039268276191946234
172644,0.0009828224380429586
172645,0.0005048326561339846
172646,0.0056954788239917025
172647,0.0013842019866261972
172648,0.0003241356739872021
172649,0.0007752639112551976
172650,0.009743145084144249
172651,0.0017340117675586205
172652,0.002967721447556907
172653,0.0014921527905584426
172654,0.0019023184254439384
172655,0.0008559441678839139
172656,0.0024238862558995837
172657,0.0009508530373494519
172658,0.0005936002812733757
172659,0.0009034825727528867
172660,0.013976275544501558
172661,0.0029214334782560573
172662,0.0006464212063100911
172663,0.0014771427912358128
172664,0.0006512591152356281
172665,0.0011137769541860844
172666,0.0024136808531502693
172667,0.0008317911210237362
172668,0.0059553581007338995
172669,0.011621185755380799
172670,0.000748153348857878
172671,0.012867268721464048
172672,0.002073814825996776
172673,0.0015665078797991376
172674,0.0008788829638677533
172675,0.0005561434973178113
172676,0.0010466289514532703
172677,0.0005937544462468118
172678,0.0005139887337815997
172679,0.0005744616982010239
172680,0.00039695127352476034
172681,0.0011131610443465701
172682,0.00039944685768963234
172683,0.0005304766123681071
172684,0.0004319698084128528
172685,0.0029366411472213517
172686,0.0006537351559594567
172687,0.0020062902306568547
172688,0.0036178466578277364
172689,0.0017522423141246436
172690,0.0026844313176711153
172691,0.001861293287052522
172692,0.0006182448961043142
172693,0.0011278044457997559
172694,0.0011550569280038788
172695,0.0007206532835147084
172696,0.0012898571069820037
172697,0.0026150857687047353
172698,0.0007199791721491244
172699,0.0004588823214936295
172700,0.0034481794041820455
172701,0.0018597010004922456
172702,0.0008199899325455077
172703,0.000449931953683703
172704,0.0005427767616036385
172705,0.005203746664778493
172706,0.001465964293409294
172707,0.0007797312145302222
172708,0.009434136092208271
172709,0.004818827849239425
172710,0.0006185327864544038
172711,0.0018849315531040895
172712,0.0015107937807270527
172713,0.0009963375990275749
172714,0.0005482235100711632
172715,0.0018125329569850354
172716,0.002623144123424255
172717,0.9952335169214527
172718,0.0004514021292047996
172719,0.0005907988027752418
172720,0.0007743640629421191
172721,0.0018349587543411887
172722,0.0009996077971110421
172723,0.0011549759366319802
172724,0.0005514743421524773
172725,0.0005129173216935985
172726,0.000535806752129049
172727,0.04906828659294392
172728,0.0006382204996131526
172729,0.0052838072376894035
172730,0.0024792356803213724
172731,0.01166023510703831
172732,0.0010881236421470457
172733,0.0007549154341638919
172734,0.004289769342262242
172735,0.002080002754796878
172736,0.0006616996387767592
172737,0.00047632270043913936
172738,0.0019452381183065642
172739,0.002085781472530881
172740,0.007944919005177879
172741,0.0014735633410418595
172742,0.0005447074212273697
172743,0.20048420052811877
172744,0.0005818096860937469
172745,0.001072554604106246
172746,0.5292280628356124
172747,0.0009339142190729348
172748,0.0015470054216103319
172749,0.0038435119468453356
172750,0.0009536334098899957
172751,0.005197742529007407
172752,0.00045938451033822607
172753,0.0022005363663978625
172754,0.00247664230147707
172755,0.0006573410740955196
172756,0.000649819472200447
172757,0.0011007357396492358
172758,0.0005438209524789289
172759,0.029729483335912545
172760,0.000827308510231766
172761,0.025118239098498696
172762,0.008462147615639437
172763,0.0017361486569383317
172764,0.0006928547036989356
172765,0.0006716815126150318
172766,0.002005706799876352
172767,0.0005504084759682619
172768,0.0007390131245492325
172769,0.0012756719960665263
172770,0.0009781181474798819
172771,0.0005698581238925933
172772,0.0013740893650256649
172773,0.0010125359772063251
172774,0.0004545965715061904
172775,0.0008345167979181935
172776,0.001655966673685829
172777,0.0012437386427165613
172778,0.0008131730118636692
172779,0.0038841152823192076
172780,0.005823616119077739
172781,0.0008391569521987454
172782,0.000506819169185604
172783,0.0017658036333179003
172784,0.0014995549658096425
172785,0.0006128196030979619
172786,0.0008185362281656198
172787,0.001607586778989065
172788,0.0006934127298490143
172789,0.0006183911795617061
172790,0.0018762665396159924
172791,0.0034232503273557953
172792,0.015645715093718864
172793,0.0008975661767880103
172794,0.004528315653911699
172795,0.00312360973181637
172796,0.0007090905767470285
172797,0.0003537702762298096
172798,0.0005764600616534701
172799,0.003066286683931717
172800,0.0007459410147674922
172801,0.00517658075603448
172802,0.0005502383868245731
172803,0.0014080538389267228
172804,0.001006769657059606
172805,0.0004879402617047146
172806,0.001877273987110874
172807,0.011016540098751991
172808,0.0018797204740974114
172809,0.0021330692751275675
172810,0.000545475839347177
172811,0.0006389292003143696
172812,0.01894816482767872
172813,0.00793495571675575
172814,0.20136376942934095
172815,0.0005727259112216605
172816,0.001340324585218535
172817,0.0007184428819254371
172818,0.0013715368586088347
172819,0.0008154223630018457
172820,0.0007129684142409855
172821,0.0024490762754326035
172822,0.004099654379033366
172823,0.026820307050223566
172824,0.001005784452500105
172825,0.0009478014540669773
172826,0.0006930545747603895
172827,0.0026477659817081486
172828,0.0005152006255185576
172829,0.0005886048915772227
172830,0.0016586631927646054
172831,0.014190867714043555
172832,0.0018269951248988817
172833,0.0008533239436659828
172834,0.0037198718092170003
172835,0.0005556147711237205
172836,0.0010301746830336687
172837,0.003671966462557531
172838,0.0025761667084573375
172839,0.0005250598229760231
172840,0.0013834017512905342
172841,0.0008422161747264167
172842,0.0012374875514356064
172843,0.0008572203111054966
172844,0.003699028982727828
172845,0.0011516766935717807
172846,0.0004357086629282615
172847,0.0007141138866775089
172848,0.0011914291016604048
172849,0.019783804129875675
172850,0.0004613143024741729
172851,0.001344319527947552
172852,0.01233582056160227
172853,0.012281590573044648
172854,0.0009483731504827972
172855,0.0005669420799996741
172856,0.003851143811654432
172857,0.007299701279750844
172858,0.001143856000028677
172859,0.011579191519905796
172860,0.0010190429945920966
172861,0.004203918556668852
172862,0.0006745971134016996
172863,0.0009027079163642531
172864,0.003680673107870731
172865,0.0011033598314598033
172866,0.00048110715868758297
172867,0.0008475438927083871
172868,0.0014158107043140957
172869,0.0006492028409134878
172870,0.001133954181296604
172871,0.0005575224044792823
172872,0.003919426118865293
172873,0.0007055205076564725
172874,0.0006431540370660732
172875,0.9952323015939859
172876,0.0005706408279453208
172877,0.001485053084339407
172878,0.0005883278580459281
172879,0.002400958511373429
172880,0.009788012960960046
172881,0.0019416155400843226
172882,0.005717211026594809
172883,0.0009753737960866076
172884,0.0019460419151817177
172885,0.0035814590285303816
172886,0.01422845442004685
172887,0.003313749898191162
172888,0.00043437167076361405
172889,0.0006472515744774638
172890,0.0005184633563490168
172891,0.0005508310266527279
172892,0.0016053837207804168
172893,0.0008498729773517958
172894,0.005274502542692109
172895,0.0008436844269355889
172896,0.0019241248593042108
172897,0.0007445017414511191
172898,0.0025715112545983336
172899,0.0013412257513159738
172900,0.0005482584548959265
172901,0.00040410767946029723
172902,0.0006225161411990755
172903,0.0005407708293042689
172904,0.00514988433716484
172905,0.0030053920296071145
172906,0.0009679476387830486
172907,0.014238725130854585
172908,0.0007658797505540594
172909,0.005651547905385405
172910,0.0033267392959002457
172911,0.0006705957360885183
172912,0.0004922190784802892
172913,0.000674704948410283
172914,0.0005503995020060821
172915,0.0009484306145068301
172916,0.0007102958315961398
172917,0.0028317710976292487
172918,0.0023364426770421834
172919,0.0008861738914788977
172920,0.005191822783413447
172921,0.001745390580414303
172922,0.0006398672333418177
172923,0.0006439690009638641
172924,0.0006576424349603357
172925,0.0011191741476117277
172926,0.0014283551883081888
172927,0.001335952814309111
172928,0.0008774860939406324
172929,0.0007494126195730032
172930,0.006029903060802302
172931,0.0006590698795212798
172932,0.0005852231144469884
172933,0.0008901883691144149
172934,0.0007163567233539354
172935,0.004945708164338042
172936,0.0010819999375537453
172937,0.0007100239373914074
172938,0.0008223601569895482
172939,0.0009769007122025367
172940,0.0034323831264093294
172941,0.005081331933051958
172942,0.009110388472805589
172943,0.002090558734585781
172944,0.001041106215969864
172945,0.0008972469058590136
172946,0.0038344567371905013
172947,0.0008080542460382884
172948,0.0015173831292821173
172949,0.0004442073675001526
172950,0.0017160967492730122
172951,0.000552506769859365
172952,0.0005487329044408787
172953,0.0007510583964005273
172954,0.0010892914293096504
172955,0.000551221392083171
172956,0.007073035049678575
172957,0.0006329254092710008
172958,0.0009604208372579683
172959,0.0006249387812683898
172960,0.0035425232332181333
172961,0.0005782693189736466
172962,0.0028335893168160656
172963,0.0009117639612281096
172964,0.0006748505370864911
172965,0.0026905745606154714
172966,0.000962088675087426
172967,0.0011877489718652389
172968,0.0006247806884844506
172969,0.000535349934322399
172970,0.0015708068387416852
172971,0.9971676551324219
172972,0.00048409636110094254
172973,0.0005185751567018145
172974,0.0005418944352451778
172975,0.0006731919883742996
172976,0.0009868281845549437
172977,0.0011311984330607794
172978,0.0005795607172158372
172979,0.004699789147466941
172980,0.0007012926061050281
172981,0.0004832676379520597
172982,0.0007542647487748207
172983,0.0006542988020683885
172984,0.0009499962403780639
172985,0.000623428629950686
172986,0.0007755105679670094
172987,0.001082191962194154
172988,0.0009069676662237089
172989,0.0005304565781135841
172990,0.0012137891183020557
172991,0.0004665159704912746
172992,0.006410148593376991
172993,0.00046671151258520033
172994,0.0009549151321332455
172995,0.0010669619771753712
172996,0.0012392865219725026
172997,0.0005834936869274136
172998,0.0007235814871564123
172999,0.0010379500884193306
173000,0.0012266485706455583
173001,0.0012791655285831348
173002,0.0016387804820230758
173003,0.0006804970592125489
173004,0.0009862575947214803
173005,0.0008347192321495695
173006,0.0006905653454236927
173007,0.0006304123084159944
173008,0.0010959492474502753
173009,0.005004120107164618
173010,0.0005503956204696544
173011,0.0015528595460057814
173012,0.0012956404671746807
173013,0.994071091769369
173014,0.0008396612885519681
173015,0.0012605592808383665
173016,0.000994835569435946
173017,0.0016375748057346298
173018,0.0005928342209499103
173019,0.0016868049931778092
173020,0.0004981393432490264
173021,0.06274023287701747
173022,0.9909815538123183
173023,0.003501667094262831
173024,0.0005434276432725055
173025,0.0006569929119605094
173026,0.0007242594736107476
173027,0.08756315185321203
173028,0.004886557546168761
173029,0.005730824703280879
173030,0.000547671383494954
173031,0.0007686454750275361
173032,0.0005389561327936645
173033,0.003975691137753335
173034,0.0011295668730127266
173035,0.0006494447769420946
173036,0.0020061006111289957
173037,0.0005622813911663151
173038,0.0005135488787139016
173039,0.003811492520985611
173040,0.0006129870953300901
173041,0.0018838616640169128
173042,0.0008837568004063641
173043,0.0006514283800165958
173044,0.0006733894095285592
173045,0.00532484190304535
173046,0.0006434725018967149
173047,0.0009137166097491827
173048,0.001821050975556851
173049,0.0010555424379442226
173050,0.011190582203071625
173051,0.0011819055168564407
173052,0.008809362960165637
173053,0.0005778917388353179
173054,0.008365768604490773
173055,0.00039610971718710827
173056,0.0005122994674882355
173057,0.0005316775855441552
173058,0.0019942848723615903
173059,0.0007621793992890507
173060,0.00051881886879454
173061,0.0011601054845703528
173062,0.0004604343290186591
173063,0.000819311231019695
173064,0.0005468959316117453
173065,0.0009672735168207958
173066,0.00042024689024849297
173067,0.0019068314437732125
173068,0.0007232497351174102
173069,0.004444190695292545
173070,0.011971108447814273
173071,0.0006579086625568089
173072,0.001084802101654708
173073,0.0009427151037409363
173074,0.00067712940589708
173075,0.007039874305080606
173076,0.0006664108050902307
173077,0.000635104945840199
173078,0.0006801432061402154
173079,0.0006531936592300842
173080,0.0012735298994959459
173081,0.0006158250035142477
173082,0.0014042096069254073
173083,0.007884979229441993
173084,0.005783246174169516
173085,0.0010969726804670409
173086,0.001932293907324406
173087,0.002009697135485632
173088,0.0005807515956087149
173089,0.0009058661769798335
173090,0.0008691962041927489
173091,0.0027459642222445483
173092,0.001344519897240761
173093,0.0015431570265903858
173094,0.0010252272400949403
173095,0.0004441938591445685
173096,0.0009234228039011305
173097,0.0006090300078188946
173098,0.0010653982704739804
173099,0.000614750145931725
173100,0.0019794238193158653
173101,0.009555874184710926
173102,0.001270119811832992
173103,0.0006995288548684495
173104,0.0014818706112262664
173105,0.00257938640193794
173106,0.0005610135586931683
173107,0.0007721465666187462
173108,0.010826080717679775
173109,0.00827486099851394
173110,0.00276851225723635
173111,0.006844238426043691
173112,0.0005825949821720174
173113,0.0009311219698659022
173114,0.0011800364438984334
173115,0.0247942202571604
173116,0.0012156687622311424
173117,0.0005764639271518657
173118,0.13470389477657085
173119,0.0028442405586268354
173120,0.0016380039072558322
173121,0.006269327100584699
173122,0.0034997739387609226
173123,0.000737758232361479
173124,0.0029897167596884397
173125,0.008797379895236006
173126,0.0006464462863797328
173127,0.000921146504308174
173128,0.18803317820495158
173129,0.002106122664437356
173130,0.0006383788895669531
173131,0.0009849164053283002
173132,0.000961541684874541
173133,0.0037593490129578756
173134,0.002223840793582313
173135,0.0012713164617674114
173136,0.0065829160073622005
173137,0.0017433160805281885
173138,0.000538210679373829
173139,0.006414292348647691
173140,0.001320871965084747
173141,0.0018627001512940263
173142,0.0010412639406849398
173143,0.0007512217531892005
173144,0.0006972531736022336
173145,0.0017015803368946691
173146,0.0009882784934655388
173147,0.0006732020082256323
173148,0.0006766103402813732
173149,0.0006240143730865881
173150,0.00043449678572525307
173151,0.004808798605431183
173152,0.13358083813573576
173153,0.0009617481098312541
173154,0.0005686401284129842
173155,0.0004901163599821158
173156,0.0006343022528116001
173157,0.997988614600779
173158,0.003010971400467255
173159,0.0005715194209194166
173160,0.00041081418467408507
173161,0.0012837671188781826
173162,0.007367129363224994
173163,0.001197047059088852
173164,0.0007090316919594185
173165,0.004445599887731141
173166,0.003239891802358959
173167,0.00205377294860604
173168,0.0006344632645976362
173169,0.0005401307226097494
173170,0.0007042657488132947
173171,0.9972734913715562
173172,0.001212264629599003
173173,0.0007646979325482605
173174,0.0008406484083178691
173175,0.0027252124122234857
173176,0.0007494527428215537
173177,0.002926250485476652
173178,0.0032879674877600473
173179,0.0010161635395441956
173180,0.0011792298217371648
173181,0.0003714269444658804
173182,0.0006832641483805742
173183,0.0008026196551194672
173184,0.0007826349883661137
173185,0.0007969955718830634
173186,0.007241729946063341
173187,0.0005916218220589487
173188,0.0008054776233931913
173189,0.00044083235267663957
173190,0.0013725596342266748
173191,0.0010063122464916358
173192,0.003100793564799917
173193,0.0007096468124812268
173194,0.0011731978452682707
173195,0.0009986753133396499
173196,0.0009128622727810536
173197,0.0004756114079320093
173198,0.000573271399868595
173199,0.0006324378638734088
173200,0.0012155589752474386
173201,0.0019805692541125996
173202,0.0025164844149159044
173203,0.0015155495481915166
173204,0.004776818111545258
173205,0.0007132903954915597
173206,0.9967976103902365
173207,0.02219066610240701
173208,0.0008558594408153931
173209,0.0010897917259258495
173210,0.006742385148299745
173211,0.0011182457839924002
173212,0.023620762038070037
173213,0.0012317633940985228
173214,0.0007026273249300869
173215,0.0005382062086981997
173216,0.0006303070571946079
173217,0.0025602973694754385
173218,0.0013610533106030633
173219,0.0018450020751591203
173220,0.0006625416337051912
173221,0.0006049107760133448
173222,0.0007101897808792714
173223,0.005625490216021476
173224,0.0010240959128043066
173225,0.006439659929804499
173226,0.001008194973198825
173227,0.0005492597916196367
173228,0.0004543643118506947
173229,0.30960876023267736
173230,0.0007620951147069726
173231,0.0005557214518325714
173232,0.001504317549774393
173233,0.009048542965417749
173234,0.0005033847293229502
173235,0.0005192969090557312
173236,0.0008698772691333814
173237,0.0005317152452213689
173238,0.0030856953469909354
173239,0.0012667077069369234
173240,0.013462622422146124
173241,0.0006745354913982112
173242,0.9984945385367476
173243,0.002975460934793303
173244,0.0022590181995854343
173245,0.0022353889639227216
173246,0.024692531160689084
173247,0.0010423387100280401
173248,0.0008087031214279004
173249,0.0019012506077109917
173250,0.000679909281166948
173251,0.0006081570072794489
173252,0.0009317229850806794
173253,0.00046826274153482605
173254,0.0015907661024984554
173255,0.0008892588094605696
173256,0.0011509809300223142
173257,0.9927336250776477
173258,0.007814273179924952
173259,0.005685924840031145
173260,0.0009880730815150433
173261,0.00039919059571126786
173262,0.0008223652177127686
173263,0.0005601280509510017
173264,0.0006173268524688107
173265,0.014123490743390825
173266,0.001061436215690415
173267,0.0009259579122608604
173268,0.0011430474275180532
173269,0.0010689755695414
173270,0.004066747111283986
173271,0.0009714267455830456
173272,0.0009656475998944772
173273,0.0019242001759265364
173274,0.0044949111281897495
173275,0.004887097283014947
173276,0.001498735292142428
173277,0.0015467333719093755
173278,0.0006710478869184086
173279,0.0005540251399935131
173280,0.0018114312641761708
173281,0.0027333639456077227
173282,0.000613679146910489
173283,0.0006733702056526779
173284,0.0008058327046366515
173285,0.0005217524561333526
173286,0.019304925904607383
173287,0.0007227822664524588
173288,0.0031027140140140576
173289,0.0005092083371559916
173290,0.0024233922437674536
173291,0.002054543856258301
173292,0.0004743417515417953
173293,0.0008082051673685035
173294,0.0006755800589727677
173295,0.014805407603123629
173296,0.0018840798644642835
173297,0.0008897148766636256
173298,0.00284296569812057
173299,0.0005958892690948101
173300,0.0005858375712557719
173301,0.0009847019292598064
173302,0.0012262306775273333
173303,0.0006235498456768809
173304,0.0007472650497707782
173305,0.0025037559256076386
173306,0.001335386835524129
173307,0.007240658132644228
173308,0.0007164996652177831
173309,0.0006743575582249776
173310,0.0006329915361109353
173311,0.0012651525012882768
173312,0.0010010780714407677
173313,0.0016247240529209297
173314,0.0012485840794659929
173315,0.0005305028841251632
173316,0.0005319533195091717
173317,0.0018145088116207698
173318,0.0015465998863100757
173319,0.0008584580928618737
173320,0.017449691667893476
173321,0.007329617170687556
173322,0.9713134156974867
173323,0.0006428215311031413
173324,0.0014504526864591205
173325,0.008358263768965328
173326,0.0008832801736482681
173327,0.0025759950943439478
173328,0.003079409431723381
173329,0.07013185460790981
173330,0.0028762649686900287
173331,0.0014962579075854816
173332,0.0031431847495833375
173333,0.000639895487809459
173334,0.0005332332007746592
173335,0.0016784849972426657
173336,0.014263357006636784
173337,0.004246068019302685
173338,0.0007754056908531024
173339,0.00558655140799553
173340,0.1343904031977444
173341,0.0006546801657666883
173342,0.0005498728300467679
173343,0.0008116448931726435
173344,0.0023611715820124257
173345,0.001857426321985298
173346,0.0004517663348199989
173347,0.0007962938990202083
173348,0.0019195016443621293
173349,0.005342582796953798
173350,0.0013928769804733366
173351,0.0007478805090789893
173352,0.0012684546888577209
173353,0.0009075838564643714
173354,0.0006062350119166624
173355,0.000952260172229008
173356,0.0004185534522777256
173357,0.0023471618856479018
173358,0.0007496260918690191
173359,0.005262612660453855
173360,0.0005331456985312388
173361,0.0009336140947052268
173362,0.0005525815283052124
173363,0.000722880067049439
173364,0.017722197301072076
173365,0.000545292067891543
173366,0.0005763080025970202
173367,0.0010226720754655991
173368,0.000877781310473802
173369,0.0010609306256724553
173370,0.0017163143678526121
173371,0.0009778935777432526
173372,0.0018511263609661864
173373,0.00081576532818623
173374,0.0006685552309091321
173375,0.004109777439000853
173376,0.013624057387988369
173377,0.0012799052156168222
173378,0.001644073120663643
173379,0.0008723331961119033
173380,0.0047209624947004685
173381,0.0020002670681803776
173382,0.0006596221524637957
173383,0.000546144046213011
173384,0.0010558380268199453
173385,0.0007746665744828068
173386,0.0006440552276191424
173387,0.20038028400987826
173388,0.0020980728676791194
173389,0.0019109550546752344
173390,0.0006875547660989407
173391,0.000720227262135867
173392,0.0008179280203008048
173393,0.005154248196601141
173394,0.0018891538349960157
173395,0.0011013298797300022
173396,0.0007917341357929751
173397,0.006091408167252117
173398,0.0006995166926492903
173399,0.003581722969648193
173400,0.09250892918664802
173401,0.0007242942963874278
173402,0.004740846865994482
173403,0.0009375035394311598
173404,0.01566493263771681
173405,0.00547719799648247
173406,0.005312915881373542
173407,0.005615863443129796
173408,0.0016874283600213503
173409,0.0031325135862286012
173410,0.0037805746514051036
173411,0.0014984347692108386
173412,0.0023431416689426317
173413,0.012330009739859224
173414,0.0007029364528038148
173415,0.0010349995016932817
173416,0.0006385825182926453
173417,0.011553871178823824
173418,0.0005902025717212309
173419,0.002441083047251
173420,0.00796588438470814
173421,0.0010909021673730442
173422,0.009519958976099507
173423,0.9952282528695559
173424,0.0036614756462422186
173425,0.00041306199185060696
173426,0.0005118482379281664
173427,0.0009387873358440617
173428,0.0024573265316772436
173429,0.0005431498668060297
173430,0.025426968299522817
173431,0.0039598140179358966
173432,0.0007427710117745394
173433,0.00940371900112785
173434,0.004099411485812717
173435,0.0008098357261398626
173436,0.0006855906954787264
173437,0.0004340890503405772
173438,0.0009489710895201945
173439,0.0005018726115582399
173440,0.0006642966961824804
173441,0.0015772138962008512
173442,0.0006808979620870602
173443,0.0013878853048755035
173444,0.0020958129780826707
173445,0.0067384841268560685
173446,0.0017119562161200105
173447,0.0018926902311151564
173448,0.0004733752750605696
173449,0.0022246905087581984
173450,0.0069281471690538395
173451,0.0007920956405251973
173452,0.006497870803309691
173453,0.0004346664798763779
173454,0.0005534951326608787
173455,0.00036087436670165224
173456,0.0009843977090848144
173457,0.0008793048833850818
173458,0.002498356022634135
173459,0.0029647830126459957
173460,0.0004735481379627823
173461,0.0005978804177503613
173462,0.0007056911223832699
173463,0.0004862536396389007
173464,0.0006475726269143977
173465,0.0006246677335212543
173466,0.002014649583439467
173467,0.0006303268919659468
173468,0.0005293152789866669
173469,0.0025918133330622433
173470,0.0009420848818950669
173471,0.0005491321761620947
173472,0.0062485461095458
173473,0.0008493175603869378
173474,0.0012558723181633137
173475,0.0002818530118201604
173476,0.0007711072214226047
173477,0.0006799245223036972
173478,0.0005735869826046013
173479,0.00047470132194613957
173480,0.0014556461053741327
173481,0.0007328432879059436
173482,0.0009625888862207882
173483,0.001334118874274615
173484,0.0005011506183225013
173485,0.003918129571560573
173486,0.0015271737230389607
173487,0.0005192710801973288
173488,0.0009142598444668649
173489,0.0025760538677046425
173490,0.00869465707651131
173491,0.004248895174821426
173492,0.0013511120392192362
173493,0.0008153597490233241
173494,0.001154970942719281
173495,0.9946272352822989
173496,0.08912770176325881
173497,0.0006601303023011517
173498,0.00473312874291812
173499,0.0012951533259669959
173500,0.001354094323728344
173501,0.00047635851383621383
173502,0.009135877486350573
173503,0.002350612285120499
173504,0.0006056835514778788
173505,0.0010151637604349439
173506,0.0010159463725678197
173507,0.0007112971843336272
173508,0.0006322858223806009
173509,0.0007031240593412388
173510,0.001832381226761587
173511,0.0031304261510539944
173512,0.011390818449378295
173513,0.0006911110205191548
173514,0.010156240013073314
173515,0.0005678171816636938
173516,0.0008913128848134271
173517,0.0008262003354234685
173518,0.0009434093397872256
173519,0.0007203440347274897
173520,0.002295029880319192
173521,0.0011384700467087705
173522,0.0011505919485498527
173523,0.0003512309992434327
173524,0.0008154249005737167
173525,0.0037091705701486673
173526,0.0006152106793863417
173527,0.00169880521245301
173528,0.0007535035114837499
173529,0.0004938458773331379
173530,0.0005083832443570576
173531,0.04703256906954473
173532,0.00047556373244690453
173533,0.9941096027535588
173534,0.000718693508418933
173535,0.0019168890896951864
173536,0.0012203160620038774
173537,0.00052094603113994
173538,0.00452917434684686
173539,0.0006985473326461077
173540,0.001499075814814327
173541,0.0005791365287828969
173542,0.00106181579322353
173543,0.0007984061642511012
173544,0.005173636434587892
173545,0.0018956081220580527
173546,0.011607672441528633
173547,0.002228386668168788
173548,0.0006667983894291743
173549,0.0009750692126819805
173550,0.0005070129299805177
173551,0.0005266053849233908
173552,0.0006320622311466145
173553,0.0009065351864112512
173554,0.0007929748667090521
173555,0.0005429910808876478
173556,0.013589230468960862
173557,0.007421458928829679
173558,0.0006497488620530889
173559,0.0009829934817556464
173560,0.001040370279266792
173561,0.0006567503995855379
173562,0.00424971144596226
173563,0.0018752656582966209
173564,0.0005229229952978189
173565,0.0014606323362459364
173566,0.0034844807067802557
173567,0.0005072791366258927
173568,0.0015229635642791583
173569,0.012234808093750259
173570,0.0005451705994275862
173571,0.0006518746950839821
173572,0.07469643036069312
173573,0.0009073119601247976
173574,0.9972000230662512
173575,0.0007474793700316604
173576,0.002099062493343305
173577,0.0007482414916676417
173578,0.004967547624624277
173579,0.01020402174438257
173580,0.0023036243281347878
173581,0.004309122669168868
173582,0.0006342221717628421
173583,0.0014964228716279958
173584,0.0004921491108011712
173585,0.0005936032318877866
173586,0.0010844633915062447
173587,0.0007049438544976112
173588,0.002196263183253235
173589,0.000852377913096238
173590,0.0047844696618295
173591,0.0016352263058277393
173592,0.03033826762388197
173593,0.000566224638924477
173594,0.001149920107696548
173595,0.002305608404335615
173596,0.0013624014373002113
173597,0.0041429360870526705
173598,0.0009641320847380271
173599,0.0007578925018311043
173600,0.000873968747482939
173601,0.0007945630686806056
173602,0.0008646199011468177
173603,0.014426429874318553
173604,0.0004437915450458383
173605,0.0050206089981996715
173606,0.0005930008130631319
173607,0.0005421224577320326
173608,0.0007763792849668492
173609,0.0040489842969211026
173610,0.0006595386572320334
173611,0.0006464671949733186
173612,0.0007143729543732946
173613,0.0006514820047883841
173614,0.0008809127832223331
173615,0.0006590660387233404
173616,0.0011079349725960452
173617,0.001578688196014339
173618,0.0013532351386607816
173619,0.0018717564650914797
173620,0.0005759103139838978
173621,0.0015312403809746504
173622,0.0020066867305762507
173623,0.001087666926641458
173624,0.0011317150275171111
173625,0.0012223647495075765
173626,0.0006007512222480222
173627,0.003954497136559228
173628,0.0012675782353089666
173629,0.0009040683972252972
173630,0.9973453471934723
173631,0.0005690816655300852
173632,0.000933329802474065
173633,0.0019603121542392686
173634,0.9826323305579583
173635,0.0005595325783724019
173636,0.0010583101218893745
173637,0.00464996921741705
173638,0.0023166336054073365
173639,0.016291020703273172
173640,0.0017405504359977394
173641,0.0005435798003373008
173642,0.0006340304051991208
173643,0.0015777881968227193
173644,0.0007307843114533252
173645,0.001044582736310818
173646,0.000569267582768102
173647,0.0009537703537709846
173648,0.0005066578743508379
173649,0.0003430415451969847
173650,0.003290623520016883
173651,0.006880712069258119
173652,0.0007434304530541385
173653,0.0005824003031559689
173654,0.007439258848061292
173655,0.0009529418289433331
173656,0.0018878035112835725
173657,0.0005886745599101827
173658,0.0010337955639337234
173659,0.005919187291393084
173660,0.0007513523689980212
173661,0.0009396495823722489
173662,0.0011205236406068432
173663,0.002102251267883864
173664,0.0008957746845203326
173665,0.0012074093017422824
173666,0.0016367534350542627
173667,0.0005593369217202028
173668,0.000681263483800349
173669,0.005203562245219262
173670,0.0076023593870036855
173671,0.0011803031573118911
173672,0.0021503719642972964
173673,0.0035468081475122197
173674,0.018018360376894763
173675,0.010534906306990992
173676,0.007203144870814209
173677,0.0007500887103773046
173678,0.00042066878946602176
173679,0.0026531994733717044
173680,0.0007579499679847964
173681,0.0006558845874913666
173682,0.000633320509519075
173683,0.0006760597857781509
173684,0.25922780884762275
173685,0.0014392465931977643
173686,0.0004923941185150331
173687,0.0006237868151799755
173688,0.00048075497171382937
173689,0.03011320198797534
173690,0.0005763319507929176
173691,0.0007025975063725353
173692,0.0004797148569450358
173693,0.0016607382694024334
173694,0.006169857400719804
173695,0.0020203089949688523
173696,0.0006821228429991663
173697,0.0005925219451369758
173698,0.000562419674135427
173699,0.006499361576868572
173700,0.0007078806757977438
173701,0.0020654579483712337
173702,0.00421955162819199
173703,0.017675177633080214
173704,0.0013009689373084735
173705,0.005667049297956046
173706,0.007270064884478516
173707,0.0007061206183368574
173708,0.0020052346773556246
173709,0.004476697391974723
173710,0.0055400242690878294
173711,0.0005461243751051663
173712,0.0018770240406524696
173713,0.0006617020263980513
173714,0.002286005055408797
173715,0.0007597661196674536
173716,0.0005365525340031527
173717,0.002652506968690996
173718,0.007677531564364873
173719,0.010326993704138348
173720,0.0019105589287533756
173721,0.0008809893818411672
173722,0.0022246196419700498
173723,0.0018352154271897559
173724,0.0006693912165250681
173725,0.0015522901363426123
173726,0.00047691969026865334
173727,0.0009175923398866507
173728,0.0007183447858432675
173729,0.0028722819175833357
173730,0.0011473764714448524
173731,0.000940650284975163
173732,0.0007399069728974297
173733,0.0006354207582997199
173734,0.0008590950482229693
173735,0.0012187414322448525
173736,0.0022699999762487797
173737,0.0020014957618024786
173738,0.003169682734468049
173739,0.04287698065764556
173740,0.0010693479760742592
173741,0.008855140867902086
173742,0.0007248363882098468
173743,0.000710718976415855
173744,0.0004717490933040744
173745,0.003482919704205622
173746,0.0005277106846490835
173747,0.0016551633436833915
173748,0.0016227615225946472
173749,0.0006978421901940161
173750,0.0007189995292238283
173751,0.0007196190050006298
173752,0.0007929689871492192
173753,0.0008034827753780585
173754,0.0022700322772793505
173755,0.0012387057324499732
173756,0.0008160040941058539
173757,0.0005511769915297265
173758,0.0008215532304558545
173759,0.0013802217998862597
173760,0.0018613589787126693
173761,0.00040670277842525714
173762,0.000995777050332252
173763,0.008266755999745579
173764,0.00046062852774288567
173765,0.0005760503855571205
173766,0.0016063292099716467
173767,0.0037225404704224977
173768,0.004720070074588108
173769,0.0005636783630210823
173770,0.009443586036072961
173771,0.0014670956049064642
173772,0.0006199357161453448
173773,0.0006946141011178088
173774,0.0009946840453055844
173775,0.004637157715263305
173776,0.0009025885781261689
173777,0.0012284598426049312
173778,0.005322846334792573
173779,0.0006026536162944639
173780,0.009802161314164051
173781,0.0015530248018594513
173782,0.0004918564042393993
173783,0.0007747444196338005
173784,0.0009025360522285498
173785,0.0013795469194102677
173786,0.013007780285993618
173787,0.0005991493244026618
173788,0.0024537362089495657
173789,0.004092787970188758
173790,0.007602483645634091
173791,0.0006233233031466952
173792,0.0033602832367025616
173793,0.0026565535493327792
173794,0.0006141600283905484
173795,0.0006745830629746075
173796,0.0008782601164592481
173797,0.016058498459010466
173798,0.9822761660102148
173799,0.002016294741197304
173800,0.0007205884244995261
173801,0.0008962275003671423
173802,0.012370603246146823
173803,0.004968846316988392
173804,0.0007956700911404717
173805,0.00046378189773521383
173806,0.0008800402104297357
173807,0.0015350775525924064
173808,0.002574119306755005
173809,0.001974018239207038
173810,0.003690016704840821
173811,0.22659281016299315
173812,0.0010209035851366471
173813,0.0005253371282541145
173814,0.0015671361320835154
173815,0.002077270254448783
173816,0.000423391621056877
173817,0.0005300058673349764
173818,0.0006177098007618957
173819,0.0008983566982619038
173820,0.003266690034452613
173821,0.000436595193960286
173822,0.006783072062501089
173823,0.001205130867902227
173824,0.007316368277455847
173825,0.0008255938805698185
173826,0.0017053673067545087
173827,0.0007767639561048392
173828,0.00964312003312054
173829,0.0006520469647654098
173830,0.0005682383089226481
173831,0.0007743963034456875
173832,0.00930617565624664
173833,0.0006031342583813898
173834,0.001312318765347655
173835,0.001571530768066842
173836,0.001114708652187027
173837,0.0006870028443129166
173838,0.002232980756392054
173839,0.0016599013056869958
173840,0.0009640713284932474
173841,0.0009037937656204708
173842,0.0008070349112178634
173843,0.0010188082941277152
173844,0.07616254958685693
173845,0.0008955780068362895
173846,0.002827973899574417
173847,0.000789808302615188
173848,0.0005797264461545733
173849,0.004949028230237832
173850,0.00042317935611170727
173851,0.00178909770051313
173852,0.00047665849592051676
173853,0.0011287207391023006
173854,0.00046743591482706803
173855,0.0010191993757323065
173856,0.002203463128832639
173857,0.0011172010969467483
173858,0.001444061312674258
173859,0.0016451554297965774
173860,0.002857556411783578
173861,0.0006744011711586187
173862,0.0014584182267211368
173863,0.004451764136716335
173864,0.0008342827404521052
173865,0.0007866767970501228
173866,0.0006424814374394464
173867,0.0005367666756644785
173868,0.0005697737476622641
173869,0.0007718421545255269
173870,0.002662018505055223
173871,0.9967753435188106
173872,0.01082052232675777
173873,0.0023576591437905565
173874,0.0008199382543179801
173875,0.0014303485951542622
173876,0.002510377590256151
173877,0.0011839914276135046
173878,0.0008529497263163705
173879,0.00407617834865809
173880,0.0005096585474538736
173881,0.07676759780777692
173882,0.0014465791112537644
173883,0.0018624543867249558
173884,0.0017184323657969997
173885,0.0005455137140817482
173886,0.000991005517952849
173887,0.0011329639632835199
173888,0.0010230325225627334
173889,0.0003660261761774515
173890,0.000537334485598008
173891,0.0006014262890827399
173892,0.0016918334917408453
173893,0.000557807894778274
173894,0.0004997683096005854
173895,0.00045134289867090324
173896,0.003169175863803624
173897,0.0008092828239500288
173898,0.0014706020862040106
173899,0.0021883366617915204
173900,0.0024646965218401663
173901,0.0030075036879807287
173902,0.0007302009487775074
173903,0.004354682261410271
173904,0.004475084584673182
173905,0.0012544062056777747
173906,0.0005406398528348723
173907,0.00041102209836152567
173908,0.0005103224984745835
173909,0.0028817685645182445
173910,0.0030009499286058876
173911,0.0006563601499616071
173912,0.0033564660850706873
173913,0.0006268913266454451
173914,0.0010582049951941787
173915,0.0005832272471235525
173916,0.0030993798051500857
173917,0.0005377377302727176
173918,0.0007033662617823553
173919,0.0022835070469435816
173920,0.0006565329156328498
173921,0.0005502879806068244
173922,0.0015238814167184342
173923,0.0012390333507754593
173924,0.003761532594762206
173925,0.00068669912344281
173926,0.0005716401730029727
173927,0.05117470474268376
173928,0.00034434201984513143
173929,0.004950596068765593
173930,0.0005239450785277212
173931,0.0010979746300689357
173932,0.0018734159387039785
173933,0.0007433512918442167
173934,0.0007904921102066223
173935,0.0019974793538726954
173936,0.0020663924201534366
173937,0.010046635027463651
173938,0.0004942507781746167
173939,0.002937140547522659
173940,0.0010921295398748456
173941,0.002988709719311051
173942,0.002721113635090096
173943,0.001006295042748614
173944,0.00044755547295367073
173945,0.0007054538548451606
173946,0.9779575667215762
173947,0.0016986224694180594
173948,0.0007945764983612567
173949,0.0010830794963655375
173950,0.0005142549768521077
173951,0.014272736074812399
173952,0.007645057088994151
173953,0.0014736223320622132
173954,0.008281026233733594
173955,0.2808297057553929
173956,0.0008125565877387247
173957,0.011732812093567913
173958,0.0005731525286864987
173959,0.002069190740789967
173960,0.000616083955028693
173961,0.0013322651890552782
173962,0.0006502952054355499
173963,0.001455505602142572
173964,0.0014551677551139996
173965,0.001895436360545327
173966,0.0008175284710339439
173967,0.00494114959958132
173968,0.023024179943639443
173969,0.00608221961118319
173970,0.0016299900800495282
173971,0.0033053071198601344
173972,0.002075927790008818
173973,0.0005969607666899023
173974,0.0007697451795526021
173975,0.0010612583100491544
173976,0.0005642952424680128
173977,0.9977721175798788
173978,0.0064709966024747625
173979,0.001229641428536332
173980,0.0017029904624565521
173981,0.0006111010775076592
173982,0.000710958174759749
173983,0.0020467248159249316
173984,0.0038061275897050334
173985,0.0033288052227087527
173986,0.0007577862858107721
173987,0.0011027826120971122
173988,0.000768971009935807
173989,0.011053987170883434
173990,0.00037073210757266435
173991,0.0006531627738235074
173992,0.0004382830848777988
173993,0.0005972322973712767
173994,0.0007348003320004825
173995,0.0008424632680693552
173996,0.0007364032597092379
173997,0.004295217850895688
173998,0.0006033492739046643
173999,0.0015049184551030404
174000,0.0007303561217918766
174001,0.0006042964783485498
174002,0.000506178115087866
174003,0.00102683912003932
174004,0.0018107678442046333
174005,0.003875684334773254
174006,0.002105121315079296
174007,0.0014982356115581506
174008,0.0011267320158991688
174009,0.0008698545080323113
174010,0.10744762334746005
174011,0.0005099945944311582
174012,0.0007663756641992736
174013,0.0007128038626925512
174014,0.0008081665639803257
174015,0.0012616352520499513
174016,0.0007892079285590065
174017,0.0006843955787134356
174018,0.000553427276835221
174019,0.0006841968547304243
174020,0.001418550445383845
174021,0.0006371401237450874
174022,0.0017069288184834645
174023,0.0009075168898420108
174024,0.0007179303566176331
174025,0.002118228856867143
174026,0.0005391985074929701
174027,0.0033573909144673816
174028,0.0018520011679205065
174029,0.0017052370951517082
174030,0.000588368385911206
174031,0.015876926677439628
174032,0.0023898830165149597
174033,0.0020939985693324116
174034,0.0020296031580805405
174035,0.0006954869246948826
174036,0.016373555757932916
174037,0.01337497487380633
174038,0.0004972603821328012
174039,0.0009263568962456811
174040,0.0008198126459200784
174041,0.0028105509228006174
174042,0.001066588888817041
174043,0.0022024000686233884
174044,0.0018554777637155941
174045,0.0019544911562798055
174046,0.0011483874213291027
174047,0.004659488420478168
174048,0.011993529896436778
174049,0.009419330326596306
174050,0.0011126058982904687
174051,0.0010856582999020606
174052,0.001957969093708492
174053,0.0008562475452512867
174054,0.0010221019654288847
174055,0.0030663820270797875
174056,0.0049445905514764014
174057,0.0003882580219518287
174058,0.007960429763939576
174059,0.0007227606147859142
174060,0.0005407212343863626
174061,0.0006777136373131874
174062,0.000893634799922192
174063,0.0013298435871278455
174064,0.0063321547909733975
174065,0.0005822838217592306
174066,0.0015248419915717074
174067,0.0014435839964121182
174068,0.0442559352633462
174069,0.0007322539022571725
174070,0.002945566468782411
174071,0.0005744138994217056
174072,0.005556233108452009
174073,0.000977587630942252
174074,0.0025640169582207854
174075,0.0015951045855686617
174076,0.025784788766120254
174077,0.002614363919111914
174078,0.0007955743560566386
174079,0.001056685438493219
174080,0.0024845229169779834
174081,0.0013373238197400875
174082,0.0006303746247782144
174083,0.0023193365920088434
174084,0.008743731419378169
174085,0.0007553999663018907
174086,0.0057454559052920965
174087,0.005612012218163031
174088,0.0020708416149312486
174089,0.0009162735002031857
174090,0.0005175824134057354
174091,0.0006460724417199814
174092,0.0004731355096696212
174093,0.0005393214713787709
174094,0.007442572155041556
174095,0.0009326802982346965
174096,0.0008782587845611383
174097,0.00046903224939146503
174098,0.0006600894102313208
174099,0.0008062871319722451
174100,0.0036509664146673632
174101,0.0009028537614865945
174102,0.000523418513212278
174103,0.00362078963567662
174104,0.0006622161649329774
174105,0.0008621095458989695
174106,0.004766823881592319
174107,0.0019774029815072393
174108,0.014406317241019326
174109,0.0022847126598464973
174110,0.0006024427426606987
174111,0.0005716081900866033
174112,0.0007399210899919427
174113,0.0008522553487878472
174114,0.0006306539550113861
174115,0.00218338870200385
174116,0.9943335524138882
174117,0.0005299778887768055
174118,0.00038958181748702746
174119,0.0028305883593395956
174120,0.0012228365329993974
174121,0.006951095063326831
174122,0.044294840097882426
174123,0.0006740667372571365
174124,0.0005263230692116789
174125,0.0006969173699572635
174126,0.0009032959139051889
174127,0.9975519561722946
174128,0.0007255087219236124
174129,0.0013130684644896535
174130,0.9936221298925414
174131,0.0006299381751759467
174132,0.0009040109884861081
174133,0.0005761518857144506
174134,0.003077129339260327
174135,0.006329821503365359
174136,0.0006855584916240851
174137,0.003141431139261147
174138,0.002813308396267851
174139,0.001003257710353321
174140,0.0013344790425167327
174141,0.00035036473477521044
174142,0.0009152928585656374
174143,0.0009065316053260993
174144,0.0004950828907715446
174145,0.0021880479137265114
174146,0.002560635315008078
174147,0.0013675325029695435
174148,0.0019108898215378046
174149,0.0028946204454544837
174150,0.005317502903042745
174151,0.005046250061352101
174152,0.0007621650241864677
174153,0.0006786165462736712
174154,0.00314929840043576
174155,0.005974136969697416
174156,0.0007383782908706158
174157,0.001166218056366609
174158,0.00046194434741043136
174159,0.004992397591154197
174160,0.0013291213891014298
174161,0.006001169227220233
174162,0.00075260492195539
174163,0.0005322994315824802
174164,0.0014324339376385904
174165,0.0022464613491141707
174166,0.0007384205117621332
174167,0.0013860523473930725
174168,0.0015450562125864467
174169,0.002417539361386129
174170,0.0012791750019580336
174171,0.0004033906950198326
174172,0.0006592035197517681
174173,0.0006725899196118915
174174,0.0006925071035865182
174175,0.0006724417853027719
174176,0.007808351042742659
174177,0.0004933011609442059
174178,0.0013249800233775073
174179,0.0005897070561597294
174180,0.0007324263701458457
174181,0.0017213121820896034
174182,0.0007100815290746686
174183,0.0017230855112339502
174184,0.0009240684398967277
174185,0.006778044768139964
174186,0.0006357373203666123
174187,0.0007567225570578454
174188,0.0031875069450050778
174189,0.000925585787850145
174190,0.005353802375087149
174191,0.0006295248983216053
174192,0.002796577853844456
174193,0.010137141486546632
174194,0.0011682429417123677
174195,0.0011440285465775238
174196,0.0011909045245314745
174197,0.001598140965336652
174198,0.0036489773948772527
174199,0.0009706571317356607
174200,0.005926208100954335
174201,0.0008230999171282283
174202,0.002330107348175837
174203,0.0018153058189779817
174204,0.014453853108084745
174205,0.0011027838488528892
174206,0.001027887264065896
174207,0.007244503705459173
174208,0.002900626223788822
174209,0.001052842091020343
174210,0.0016436429594688436
174211,0.010348394521935065
174212,0.001180162897422922
174213,0.0017098145794759811
174214,0.000575470682073396
174215,0.00124894522363134
174216,0.007347112716024085
174217,0.004091349025747971
174218,0.001452356099611364
174219,0.00073611405395848
174220,0.00148242548053757
174221,0.002461201215642291
174222,0.0019048736017508402
174223,0.0007279688705317002
174224,0.0020003323855631314
174225,0.0016259632557720873
174226,0.0005283245169082796
174227,0.002227934444547373
174228,0.0014850380692411967
174229,0.001452491962136268
174230,0.0011151434718117545
174231,0.0016494537665676019
174232,0.0007634769067837094
174233,0.031947592000037495
174234,0.0007732270585035866
174235,0.008691665452623981
174236,0.00214960044477612
174237,0.0022154639570806157
174238,0.0007949596129980184
174239,0.0008365263753095896
174240,0.0020597342257084325
174241,0.0017248475492067344
174242,0.0008329539592210649
174243,0.0005943707048204896
174244,0.0007037219800617471
174245,0.0004130736637096969
174246,0.005509202172648515
174247,0.0009022991653668634
174248,0.0006449044381659503
174249,0.0010284692821493388
174250,0.0007116677570006679
174251,0.0009972555485021101
174252,0.007140312490282054
174253,0.0014748289103226312
174254,0.0005575015362527364
174255,0.0005987045854078262
174256,0.0021835597463635186
174257,0.005852473239316879
174258,0.028714503196076532
174259,0.000667590735175526
174260,0.0012630488543776078
174261,0.00047676608954099126
174262,0.0007086221950956899
174263,0.0006205631520885984
174264,0.0009061718055037672
174265,0.0005962621222737419
174266,0.0020304236012137753
174267,0.000514708449050933
174268,0.0005508138869011663
174269,0.0007286105735624775
174270,0.0008343669114634336
174271,0.01017873401208452
174272,0.0005849768158671419
174273,0.0014095627903217371
174274,0.0020798022288534782
174275,0.0007846665586823192
174276,0.0006650057988107734
174277,0.0009854227282106245
174278,0.0009217125396362798
174279,0.001360264699687265
174280,0.022320077071748035
174281,0.0005775022602497612
174282,0.0004923221909244933
174283,0.0005944551345385769
174284,0.0008264524529114584
174285,0.003776676323561977
174286,0.000483960941055058
174287,0.0006527618707653894
174288,0.005917628617580065
174289,0.0011706816671734985
174290,0.9893963847474236
174291,0.0011824775608862742
174292,0.0007038778260158513
174293,0.0011878791600583212
174294,0.0008958751398760419
174295,0.0005354482014504944
174296,0.000783593184405061
174297,0.001375789541350421
174298,0.0003056775081198826
174299,0.004542795396244624
174300,0.0009358840333624503
174301,0.0006462724647097306
174302,0.0018634039570977101
174303,0.0004178914752392731
174304,0.0008900561150765392
174305,0.0018619022878590015
174306,0.0009908818846045698
174307,0.0012874554796580156
174308,0.000513395689112537
174309,0.0008978789594407865
174310,0.0008497827861624768
174311,0.0004204664165284414
174312,0.002362784972557852
174313,0.004220789840174964
174314,0.0006669583179526664
174315,0.001992205796090039
174316,0.0008068116358806092
174317,0.0006247119948231266
174318,0.002719017740772581
174319,0.0027804341073566904
174320,0.0007178585284695642
174321,0.0006162649177284354
174322,0.00093331556504032
174323,0.006310581455513373
174324,0.0034380706414745307
174325,0.0005282563790642376
174326,0.0007190819132684984
174327,0.0006865051880452622
174328,0.0006668980624229695
174329,0.0012278874836521906
174330,0.005818144806549093
174331,0.0006362325367437504
174332,0.0007054139957365326
174333,0.0005607973377079671
174334,0.0006254344190196737
174335,0.000440427750872473
174336,0.021834804262550234
174337,0.0033662546020223555
174338,0.0005658580309069468
174339,0.0028571523263090917
174340,0.0007069464908898293
174341,0.0012765027222598568
174342,0.0022388575621930043
174343,0.004676766026875907
174344,0.0007100478561383466
174345,0.0023627441938957926
174346,0.0019340703029423559
174347,0.000899314887234659
174348,0.0017170322817130256
174349,0.0009728692235326287
174350,0.0006344182415296291
174351,0.0013665421930143895
174352,0.001744879373554021
174353,0.0006578534060505702
174354,0.0010014465149959183
174355,0.0007391043233795222
174356,0.0006922900712118922
174357,0.0004933984421691545
174358,0.0023608102471209926
174359,0.004132333765667356
174360,0.0006052278285020368
174361,0.0019693114526693908
174362,0.001951477919404493
174363,0.000940111651656909
174364,0.0006102267133410301
174365,0.0005817410271322247
174366,0.007737736239804555
174367,0.0005648039343158301
174368,0.0005323449706661838
174369,0.009112911799019035
174370,0.0008311868992947526
174371,0.003842134480606426
174372,0.0006938698256050593
174373,0.0015359621972651765
174374,0.0005660576601996394
174375,0.0016642250050999659
174376,0.0008550658109955808
174377,0.0019693028560350194
174378,0.0009580483654840303
174379,0.002718085089127284
174380,0.0005351276738884771
174381,0.0011845703739062378
174382,0.003272833119382583
174383,0.001726854648879647
174384,0.0005714071184588935
174385,0.0009586839050247696
174386,0.0016726803872557777
174387,0.0006895543142419961
174388,0.0006242384539167764
174389,0.0016028939468434814
174390,0.0006002480675971056
174391,0.0007631497056744822
174392,0.001960379242089136
174393,0.001854275649619336
174394,0.0007947313901025591
174395,0.001038892705698376
174396,0.0007166647383471155
174397,0.0010407921011457277
174398,0.0009397949065593166
174399,0.0012533102872834762
174400,0.0008662400131265786
174401,0.001228540845600836
174402,0.0011289081823027066
174403,0.0009248906249635118
174404,0.00678975293219892
174405,0.0012219570762136295
174406,0.0008518464500955579
174407,0.0026310852904355567
174408,0.0006395859372720575
174409,0.0008870547567711453
174410,0.0012943085495605874
174411,0.0005793612063986812
174412,0.0007150768607594746
174413,0.0011354174645982242
174414,0.0030142765843011055
174415,0.0007308465723125008
174416,0.0006035852619789757
174417,0.0005085233834678064
174418,0.0017793760589318555
174419,0.0011825180719376178
174420,0.0023984053582182733
174421,0.00415160986178141
174422,0.9933899230024384
174423,0.0013146496051744125
174424,0.0010902115532372373
174425,0.004208092654542129
174426,0.0006062693539244561
174427,0.0036360046576041196
174428,0.0007745892210454474
174429,0.0004912571318779424
174430,0.0005964473800422923
174431,0.0007699577642393837
174432,0.0005459504073134841
174433,0.0007133580359005162
174434,0.005054070667604157
174435,0.0007138994809005501
174436,0.0004680240382297768
174437,0.0009805805861711322
174438,0.0008622497125830052
174439,0.00043820309402135035
174440,0.0005600915591456575
174441,0.0010040102704852933
174442,0.0011387777322807767
174443,0.0013228528655230376
174444,0.0005398083443099117
174445,0.0012905093788631527
174446,0.011377570385931807
174447,0.000819949018930886
174448,0.001768893564867504
174449,0.0006961941954088922
174450,0.005422457791315141
174451,0.0039183336846686165
174452,0.000713579981284099
174453,0.000964110805573035
174454,0.00130997594554619
174455,0.0006982911885574202
174456,0.0017500776934107638
174457,0.0005745300110090597
174458,0.9965795602978744
174459,0.000937703030389133
174460,0.001476718594776953
174461,0.000455092835273542
174462,0.0019157479214154975
174463,0.0010913487727954485
174464,0.0022865841475769033
174465,0.0014111720148302078
174466,0.0005548977929038373
174467,0.001021685207197141
174468,0.0052059363080407236
174469,0.0026160918328350484
174470,0.0008036263297153711
174471,0.0008564409383855754
174472,0.0010363682863283375
174473,0.00398836289056185
174474,0.0007565591986706836
174475,0.0006057404127704953
174476,0.0013719909003749816
174477,0.013679678561129918
174478,0.0006459480977907528
174479,0.013238403225136738
174480,0.003123503993238001
174481,0.0005984663653480316
174482,0.000521552870606143
174483,0.0010355344907193203
174484,0.002944748438299006
174485,0.0006534927238545808
174486,0.0006310058790995076
174487,0.001871521139245208
174488,0.0007257624826739497
174489,0.0005864296874090337
174490,0.003828889606260472
174491,0.000930960137410546
174492,0.005076773691734836
174493,0.0009387797056784835
174494,0.0007940300411552458
174495,0.0006049297260709563
174496,0.0006362247089638146
174497,0.0008244759643028538
174498,0.0026262675708046933
174499,0.0015728163952809621
174500,0.00043397369156013786
174501,0.0014658787477497479
174502,0.0005557755380005605
174503,0.0010812334106166063
174504,0.0013981048289642074
174505,0.0030526532676984092
174506,0.0018109146010061097
174507,0.0010165829757323415
174508,0.0006339939523471469
174509,0.0009155310753793427
174510,0.003502760862393877
174511,0.0005587003738949766
174512,0.0008683819525601041
174513,0.0008742839032764474
174514,0.002869172311118371
174515,0.0012352766915651899
174516,0.0008185420548731262
174517,0.0005809312355922314
174518,0.0005071828721406922
174519,0.0031591430061171768
174520,0.0015550250306344726
174521,0.00035314718596863394
174522,0.0019245732690542161
174523,0.0008849315183044666
174524,0.0006463396314212604
174525,0.003618056795519585
174526,0.000534651429017695
174527,0.000809328003726933
174528,0.0005731189514584226
174529,0.0009309505194921948
174530,0.00045850987340058337
174531,0.0007262083826498259
174532,0.000574932013681969
174533,0.0007144524194920656
174534,0.0035041674055253176
174535,0.002532802168921468
174536,0.0013687944842672812
174537,0.0008418580682421578
174538,0.009976400678785528
174539,0.0005142871447392055
174540,0.0014333557843848827
174541,0.0015585130704554363
174542,0.0006580675252896073
174543,0.0016043599384808985
174544,0.0010131334374016785
174545,0.0017688169673013862
174546,0.003747266510130561
174547,0.0007610898129818576
174548,0.0009246018855616244
174549,0.0013328882574564515
174550,0.0018212057679019892
174551,0.0015420893278281721
174552,0.004789173315702354
174553,0.0006031594197111246
174554,0.004480938560842423
174555,0.0024610034153128716
174556,0.0023197208961112147
174557,0.0005237608528801416
174558,0.002080752682160073
174559,0.0006491752046805029
174560,0.0005610625323439727
174561,0.00113576830941016
174562,0.005557757027343592
174563,0.0007595085719894338
174564,0.0010139425420620713
174565,0.0009047089518104468
174566,0.007024528761576141
174567,0.00758550215102491
174568,0.0006289714618458829
174569,0.0016086785035407162
174570,0.0005165461104128938
174571,0.0004086698840687331
174572,0.0025010447870165856
174573,0.0016270380510626887
174574,0.000873609289847567
174575,0.0008444551267141761
174576,0.0003808112380417627
174577,0.0042202585700490906
174578,0.0044833291780334
174579,0.0017434564900379143
174580,0.0007213297514776129
174581,0.005387493953303132
174582,0.0171851274042263
174583,0.0005795329559132879
174584,0.0024449742171655806
174585,0.00040538934709322344
174586,0.0006998745622844216
174587,0.000946511672455247
174588,0.016919740820365403
174589,0.00037041299454484793
174590,0.0014284247261829401
174591,0.0017156826384530802
174592,0.0006711569377482238
174593,0.005071563141205023
174594,0.0005781864441572126
174595,0.0008052690100232196
174596,0.0005643145015238593
174597,0.0006211432095764744
174598,0.004684647230035342
174599,0.005393743832470328
174600,0.0011570203346023926
174601,0.0006336501637646885
174602,0.0005753681353742042
174603,0.0012713646811670365
174604,0.20217561563222464
174605,0.0017809894400422632
174606,0.0006315419497203213
174607,0.0005269956139067586
174608,0.0004590395217601785
174609,0.0004465858006383283
174610,0.03327349573199928
174611,0.0008589099389128374
174612,0.0009422739790787365
174613,0.0025785012006107107
174614,0.001225742307907229
174615,0.0018845320731852551
174616,0.0023444416333772574
174617,0.0016742497770643725
174618,0.003229766956946712
174619,0.0017525976302238165
174620,0.0007484169068936344
174621,0.001008166393500192
174622,0.0015616439896154806
174623,0.0023413441310830663
174624,0.0005964082903248675
174625,0.0006204294710684941
174626,0.0006651373904466222
174627,0.0021284614357096566
174628,0.9990431703256522
174629,0.000733369796072868
174630,0.0007647320403520646
174631,0.0007240244052026696
174632,0.0005730523819172437
174633,0.0007097409143416296
174634,0.0010162765875353465
174635,0.0022711570880974818
174636,0.002011507905252878
174637,0.0021733233315365803
174638,0.0005011238390612456
174639,0.0015234256817186547
174640,0.0023876720141959547
174641,0.0005218349584157835
174642,0.0007615952000665578
174643,0.0009590840482278078
174644,0.0009312351989354662
174645,0.0007906609411097612
174646,0.0007523737127420672
174647,0.0025541189370063746
174648,0.0009364159461162295
174649,0.0005278231029926711
174650,0.0008311944576005258
174651,0.0007648294063944325
174652,0.0023654550725582474
174653,0.022493275178146283
174654,0.0012648157838257429
174655,0.0010926049566903659
174656,0.0012715604771855297
174657,0.0027978704468654284
174658,0.0006396574245228129
174659,0.000653246017279783
174660,0.0013744028140568287
174661,0.0007467579141882622
174662,0.04501804028002897
174663,0.0010102605185391567
174664,0.0015371074281586893
174665,0.0007493897743591175
174666,0.0011343940298944488
174667,0.0005681809260588697
174668,0.0026300122261718444
174669,0.0006839237706993672
174670,0.05375626898506386
174671,0.0007259044826042351
174672,0.002537972965437883
174673,0.0017883217525290446
174674,0.0002907783058550638
174675,0.0006136329355177489
174676,0.001318597964556969
174677,0.019509360623824114
174678,0.004236307330056553
174679,0.0009469308277306563
174680,0.01435712537816523
174681,0.9978148450074433
174682,0.0008056587376780177
174683,0.002903292627332074
174684,0.0031609579135898893
174685,0.0006447000847952463
174686,0.0006959034152155714
174687,0.00097329392591094
174688,0.0009516951034790691
174689,0.0017370807631030545
174690,0.0037503812642737866
174691,0.0007114938709454566
174692,0.0005905456137480698
174693,0.002563926347021273
174694,0.006077005608949991
174695,0.009922103220834753
174696,0.0019559852028667134
174697,0.0006022310058329672
174698,0.0005540443568972874
174699,0.0008682868431789752
174700,0.0018333179198813845
174701,0.00036031741415482114
174702,0.0009190034988284909
174703,0.0009559080320594469
174704,0.007680527153841558
174705,0.0005784508975078754
174706,0.016618090620191255
174707,0.0006353009916682611
174708,0.0013795789209032636
174709,0.000586875358705074
174710,0.0012177169847230817
174711,0.00048159908830488465
174712,0.001301829527188357
174713,0.0009545667543892303
174714,0.0005607125527230151
174715,0.0017341994350803247
174716,0.0005126247224958244
174717,0.0034090096668749183
174718,0.0021524816876581842
174719,0.0035526546086280444
174720,0.0025483398088313874
174721,0.0006702879514831066
174722,0.0009060160771706229
174723,0.004355423556393851
174724,0.003592510588496903
174725,0.0014526246428543952
174726,0.0006697204832508678
174727,0.00042229308385192444
174728,0.0006689857734370043
174729,0.0006762152534952338
174730,0.001081461763746476
174731,0.0015376159994461062
174732,0.00045798687325198327
174733,0.0020838708951184523
174734,0.0006594506088456805
174735,0.00173448894519353
174736,0.0026325352620023964
174737,0.000682054256864117
174738,0.000556549337297119
174739,0.008490578477572867
174740,0.0029977034188334167
174741,0.008265597871272783
174742,0.002406080554498753
174743,0.006483447837007118
174744,0.000569670842243644
174745,0.0010654917272364388
174746,0.0005336982277289133
174747,0.0005037320140360649
174748,0.00044235821770889866
174749,0.5280417952113003
174750,0.000703032729959465
174751,0.0010638128606195905
174752,0.000604605213146726
174753,0.0012195898570181894
174754,0.004968890492862555
174755,0.0006633235600492862
174756,0.001110268590837752
174757,0.0015123786170439903
174758,0.023604894273225333
174759,0.0020032410978673707
174760,0.000495783406200943
174761,0.018138178915499154
174762,0.0004492999255374008
174763,0.005621396167232412
174764,0.0006547884098357681
174765,0.014204323341423714
174766,0.000472093918592427
174767,0.0022848245147729777
174768,0.004362988326987024
174769,0.0006851722043823621
174770,0.0005461271953539252
174771,0.0005151677253117054
174772,0.0006058180759648361
174773,0.00044759196670011026
174774,0.0011888492647777681
174775,0.0008455901857484286
174776,0.00144934614677283
174777,0.0005393425747068083
174778,0.001510795212529335
174779,0.0008066625460869286
174780,0.00043658606859772633
174781,0.001926476599871733
174782,0.000992060791353838
174783,0.001574883067499419
174784,0.0016455905147317253
174785,0.0009858206625558944
174786,0.0006526111208978865
174787,0.0009608514670260257
174788,0.001256126842782404
174789,0.0031412739246382527
174790,0.0017142675706830575
174791,0.002184261685448431
174792,0.0016150118844486191
174793,0.00038655561058154546
174794,0.004623354678506975
174795,0.0018176572532566716
174796,0.010551363118553952
174797,0.0013333581658563896
174798,0.002846231540017032
174799,0.0021062401485202227
174800,0.0005249325464483725
174801,0.0009148644690058335
174802,0.0031582142450215485
174803,0.0006987673215959115
174804,0.005175018471439058
174805,0.0006153443930271717
174806,0.0007087199749232752
174807,0.001444229034335411
174808,0.0006573814801162742
174809,0.001191202598465605
174810,0.0035819293926091034
174811,0.0005879110974403104
174812,0.0004997433568291155
174813,0.0007188207101155375
174814,0.009027594657525763
174815,0.001043160751907455
174816,0.002120132405800339
174817,0.0013497382542944475
174818,0.0004023959402778458
174819,0.0009330984402385787
174820,0.0005138081821973205
174821,0.0009007969938190837
174822,0.0005449824671494284
174823,0.0012152006823477703
174824,0.0004484514261779195
174825,0.0004880333816781605
174826,0.001750107872362508
174827,0.001933593294328418
174828,0.0021261425226644804
174829,0.0007816728819348049
174830,0.0020546923750038365
174831,0.00342121905250598
174832,0.0013653417268692193
174833,0.0008438818049387673
174834,0.005433321690760716
174835,0.0008523961306703575
174836,0.0011683539416551716
174837,0.023772796084650626
174838,0.0006020746030117364
174839,0.0007106579353708422
174840,0.0006443881202850086
174841,0.001770485490906866
174842,0.0023336928953995046
174843,0.008016525031406468
174844,0.0013611442638420189
174845,0.0018300419586406262
174846,0.0016518624720023543
174847,0.0014471723060064008
174848,0.0005208967141730607
174849,0.0012567497239452706
174850,0.0035536072544607236
174851,0.0022988358355038366
174852,0.003994510490893982
174853,0.0004872286430966905
174854,0.0007155184738431529
174855,0.0006053857775406808
174856,0.0037036098113467438
174857,0.0015985702538429813
174858,0.0009443531303469379
174859,0.0007196871014341497
174860,0.0005857567716282069
174861,0.005162903981178815
174862,0.0022941138953246837
174863,0.000935260907059692
174864,0.0016539512823268666
174865,0.0004997447704472097
174866,0.0034079659971609794
174867,0.0013933827743987
174868,0.0017299881615074702
174869,0.9929377831788591
174870,0.0015676088663975352
174871,0.00047700735735105434
174872,0.0005344014074610501
174873,0.06043376333644579
174874,0.001756096350511582
174875,0.000604398853111307
174876,0.0019744882578437454
174877,0.011322183869926134
174878,0.003377837153815338
174879,0.0010501962440587639
174880,0.0012403607264214705
174881,0.000682584289480509
174882,0.0006985030568491498
174883,0.0032846066781518865
174884,0.01116849552638597
174885,0.0006692366784575606
174886,0.0006672723569048575
174887,0.006885394279042858
174888,0.005237516338108051
174889,0.0014038291029155343
174890,0.0011787082576253892
174891,0.0006759070359747866
174892,0.0009870368395707189
174893,0.002315394192619826
174894,0.0052390321139523036
174895,0.0029091506150358505
174896,0.005096750917309167
174897,0.0015627580872387514
174898,0.0026254560110216298
174899,0.0005276513365001319
174900,0.001250265940133888
174901,0.0022934419982806008
174902,0.0005771073982299994
174903,0.0008093183102170763
174904,0.0012907918608863794
174905,0.001042491785634011
174906,0.0005169151103512321
174907,0.0010054309908820538
174908,0.0008558509365301075
174909,0.0005439163867559216
174910,0.0011345475388061265
174911,0.0008276963517959208
174912,0.0008337020317785896
174913,0.0008994472565625911
174914,0.0008496184555523731
174915,0.0008940724117311185
174916,0.004248672978512929
174917,0.0009354077300743179
174918,0.0005786339079183554
174919,0.00047357104886299763
174920,0.0012881158570458768
174921,0.0038463383025191377
174922,0.0016943736072398032
174923,0.0013924890903509119
174924,0.0012011790395668356
174925,0.001977776018929742
174926,0.0020005210762333637
174927,0.0022079684837154005
174928,0.0009771553628115724
174929,0.001462430728915724
174930,0.0014641493635667348
174931,0.0004736393698502085
174932,0.0015199128303577808
174933,0.0026353068299775767
174934,0.0005883517732511839
174935,0.0011791083578762615
174936,0.0005175936204846712
174937,0.0014333946305309972
174938,0.0009346742438839895
174939,0.0012863982019574874
174940,0.0005130415698195923
174941,0.0006447113378369588
174942,0.0005573555426563033
174943,0.0004532955684871261
174944,0.0018662246632277486
174945,0.00694907154125626
174946,0.0006318327619977935
174947,0.0008131801640605932
174948,0.0006602722390250307
174949,0.0003533503897289627
174950,0.00045592483622300205
174951,0.005755576867943724
174952,0.000889401051947819
174953,0.003186820698137887
174954,0.0025175562765187955
174955,0.0014826397128982689
174956,0.9988348429497929
174957,0.0005107552754517086
174958,0.002093379113198996
174959,0.0011071140143293964
174960,0.0006608911305020218
174961,0.200728450522043
174962,0.008127029596725188
174963,0.0005942890909477478
174964,0.0007952676642794142
174965,0.0009928929393284193
174966,0.000615798808079655
174967,0.011721454777865447
174968,0.0026134804206495495
174969,0.0015613949189557195
174970,0.0009538469293129106
174971,0.004927949827698047
174972,0.0007109659844413078
174973,0.0018434205157621935
174974,0.0051470505361455735
174975,0.0017393006529410903
174976,0.0009789249481346716
174977,0.0007028718181889052
174978,0.0012657515227917108
174979,0.0016543598992224936
174980,0.0005385352369588619
174981,0.0007455933074214861
174982,0.0006092814585380401
174983,0.0009685565938265448
174984,0.0006765088111186091
174985,0.001436042816884683
174986,0.0011226062173454038
174987,0.0005516415525658741
174988,0.0015711429114723277
174989,0.00045364089390836096
174990,0.0014286686640603598
174991,0.0009975132715137954
174992,0.001468177626704786
174993,0.00285475723251048
174994,0.001191613303025084
174995,0.0008462768935153058
174996,0.03140329332666918
174997,0.018800455514613068
174998,0.0005665934854122884
174999,0.0008044226110070931
175000,0.0013012888658130285
175001,0.0004940259590981259
175002,0.4335425255254433
175003,0.0006276216300265182
175004,0.0008871638634764419
175005,0.0005183919628159154
175006,0.00043968303759711695
175007,0.011594319464882267
175008,0.006159658580072795
175009,0.0016452146576369934
175010,0.0025361557817512826
175011,0.0008148112121944254
175012,0.0006650677791102354
175013,0.000847390882245623
175014,0.001696233083442219
175015,0.0022100110007775634
175016,0.0027474390978796783
175017,0.0004124334549855541
175018,0.0005640947904290258
175019,0.0009047997673167865
175020,0.0008910555038341844
175021,0.0006193237454659061
175022,0.002459126992873128
175023,0.0006858976345006468
175024,0.000992390295337525
175025,0.0011382719496517697
175026,0.002672564437156451
175027,0.0005083433051926471
175028,0.007445831036440292
175029,0.0006963201785710678
175030,0.11751467009375452
175031,0.000712604401127286
175032,0.0004025711784734539
175033,0.0008037063595899311
175034,0.0057291159323538815
175035,0.0005794609696773172
175036,0.0011422787879455725
175037,0.0011553031895027836
175038,0.000517093119524263
175039,0.001110004195320002
175040,0.004491388714577249
175041,0.0004975879002182031
175042,0.0014355842464330811
175043,0.0007225000960058865
175044,0.0008579589211725876
175045,0.021734626807752455
175046,0.0007322989416447324
175047,0.014468360358265497
175048,0.001021911486029678
175049,0.0005682733967025596
175050,0.0017941174446166111
175051,0.20059545333363712
175052,0.00036085285763719905
175053,0.0008444487237275612
175054,0.0006889701164192999
175055,0.0004898367015613736
175056,0.006877360670615179
175057,0.004901320596187915
175058,0.0006127831801342527
175059,0.01867022044096448
175060,0.00032010554023091274
175061,0.000973017221053645
175062,0.0033541153333405006
175063,0.0007200198821409852
175064,0.0006441970868288549
175065,0.0005948649787559318
175066,0.0010788539347721493
175067,0.0023226527343152784
175068,0.002742799894155045
175069,0.007289797019059229
175070,0.0009816551323927405
175071,0.0010121005258351273
175072,0.0005707032787794975
175073,0.0014144760243853193
175074,0.004851759608991727
175075,0.0016408426408585377
175076,0.0012498361018394104
175077,0.0016522328183575198
175078,0.0019130472861492152
175079,0.0005606008389945444
175080,0.013789726633913871
175081,0.0005918581146015452
175082,0.001488478146618474
175083,0.005042882224825916
175084,0.0006955170423840036
175085,0.0007273983517256072
175086,0.0007229784185272049
175087,0.0005745249972698577
175088,0.0012574085314895232
175089,0.0005348190200350629
175090,0.0005698704313827449
175091,0.0005586765698337067
175092,0.0005067257109309306
175093,0.0011395591610242708
175094,0.0006108227406600388
175095,0.00212309216874316
175096,0.0006170781233625986
175097,0.0006908447081204541
175098,0.0005012350411495802
175099,0.0008015478481832467
175100,0.0034797494096142118
175101,0.003017546434401826
175102,0.0008528313948360123
175103,0.0005564269281348856
175104,0.003210026204049862
175105,0.000621662583410577
175106,0.00885776017962246
175107,0.0008024623336001645
175108,0.0004959407362357711
175109,0.0020180932716076265
175110,0.0007604466702055372
175111,0.0009317939405226681
175112,0.022214704288716518
175113,0.0010079243797657012
175114,0.0013641560388986855
175115,0.00045471954799067066
175116,0.0013052619332164302
175117,0.006006479476212799
175118,0.0033755153120489413
175119,0.0005133294073888007
175120,0.0011541244971227976
175121,0.012288198584711127
175122,0.003078181721209411
175123,0.0005166631710939403
175124,0.0006907412451953974
175125,0.0007577506358317763
175126,0.00045580245544805947
175127,0.0010489736885520005
175128,0.001781782001484196
175129,0.0009357422935260728
175130,0.0005594536114231044
175131,0.0006844530794566409
175132,0.001516395425148673
175133,0.005034309327579919
175134,0.0006988850141301606
175135,0.001385585093830471
175136,0.0004994001818711126
175137,0.20101247670667713
175138,0.0006905253205516727
175139,0.001560744547078568
175140,0.0007748049583421138
175141,0.0009628075467552602
175142,0.0009937156549233777
175143,0.002718494376547654
175144,0.0010025155416962831
175145,0.0005096403086341205
175146,0.0010814727067871514
175147,0.01639308345991379
175148,0.0006918925545724654
175149,0.0007589101596563585
175150,0.0006091661606288642
175151,0.000676636208998643
175152,0.0021522059446300095
175153,0.002514627877972704
175154,0.003377726474756379
175155,0.0009818305009485291
175156,0.0012062303678611044
175157,0.006948837316132718
175158,0.0007238882823564856
175159,0.0009486616819264376
175160,0.0008982978212010711
175161,0.001088100293927608
175162,0.0006777776450331113
175163,0.0043869113410715775
175164,0.0006511786131501455
175165,0.0007863186368196975
175166,0.0011412993930102761
175167,0.0010367331390478355
175168,0.00110884155502522
175169,0.000643058263529118
175170,0.0010420919852025048
175171,0.0006226408887493276
175172,0.0006851927096500494
175173,0.0011880790505189027
175174,0.006026486563844311
175175,0.0010210383913573603
175176,0.0007355545030170488
175177,0.004716369193518299
175178,0.0005261766819304942
175179,0.002665129071353055
175180,0.0005677220588243951
175181,0.0015009172694181536
175182,0.0025260362851924813
175183,0.001150557834781326
175184,0.0006175156572842232
175185,0.004906328894658829
175186,0.004733046151539878
175187,0.0008113571139555983
175188,0.003031016203596539
175189,0.001676653084077386
175190,0.0006828905490806682
175191,0.000553217105653534
175192,0.003116295464180418
175193,0.0006134397670307719
175194,0.0008045795061876377
175195,0.0015740613266526024
175196,0.0015650527855871005
175197,0.0005027938445991873
175198,0.002849067963341897
175199,0.000997610616397918
175200,0.0005706711344765556
175201,0.0008616707639479984
175202,0.0007803806261441769
175203,0.0006515870157640132
175204,0.0005930572094653997
175205,0.004179294935455356
175206,0.0118875702365898
175207,0.0007431236383479208
175208,0.002770146245440565
175209,0.0030801117329067314
175210,0.0006458273665236978
175211,0.010384463897041068
175212,0.0008716849812403274
175213,0.0010557273274064897
175214,0.0028289998564515577
175215,0.0006764895799296214
175216,0.0022852965800942977
175217,0.0032703028864363133
175218,0.023440009645984555
175219,0.008757225289939947
175220,0.0020568606954101233
175221,0.0015424726544785055
175222,0.000726382666372173
175223,0.0014062640484071556
175224,0.004282362795076369
175225,0.0008869055729631968
175226,0.008368530909487902
175227,0.0005277247424004308
175228,0.003706693201658198
175229,0.0015899144875424908
175230,0.0007975518403710164
175231,0.0009882063841404301
175232,0.0024408377989951213
175233,0.0005031718572072976
175234,0.002438915144176823
175235,0.0006535941790349172
175236,0.00048655761456266664
175237,0.0006598179279832659
175238,0.001937290438731087
175239,0.0013365326445837294
175240,0.010250581714426634
175241,0.0022126826175405674
175242,0.001079978907263828
175243,0.0006300236327622682
175244,0.0007518976659365046
175245,0.0007741454838518187
175246,0.0010229819849390278
175247,0.0018489402179054778
175248,0.005419350249044483
175249,0.0007835489806973376
175250,0.0035581163658014205
175251,0.0024869950183874544
175252,0.001109666581424233
175253,0.0017584367678433865
175254,0.012289032258316145
175255,0.005500679872113501
175256,0.002100748115848902
175257,0.00578443372153482
175258,0.003068967719098832
175259,0.0039987105570164355
175260,0.03733733154103324
175261,0.004498278360779162
175262,0.0005689281106959081
175263,0.0007585265986802801
175264,0.006325600656314506
175265,0.000613607478266127
175266,0.0031250189966345026
175267,0.0008804924316691239
175268,0.0007581501011028966
175269,0.0006696698827260016
175270,0.0011132199465715546
175271,0.001964202473464354
175272,0.001869410891460256
175273,0.00033417181038689823
175274,0.0009264580737965055
175275,0.011899761123249347
175276,0.008875048542260403
175277,0.0013532574359597818
175278,0.0006778360921707813
175279,0.001288827448493588
175280,0.0008972411261155197
175281,0.005891044804771863
175282,0.0012944469257591762
175283,0.0005832523137163418
175284,0.0062476970159717655
175285,0.0007202558015722972
175286,0.0010248071050297008
175287,0.000721432470335541
175288,0.0005922907976985754
175289,0.0009412828992327435
175290,0.0007890091297501304
175291,0.004294756181038329
175292,0.00205936142076593
175293,0.0032931269860175414
175294,0.00043123611965756125
175295,0.0006985448418549967
175296,0.0007824106928047982
175297,0.0009085183807079784
175298,0.001699225274069148
175299,0.00047324002953892614
175300,0.0005637086951106187
175301,0.0003581892228021682
175302,0.005494773006980628
175303,0.004810874194913535
175304,0.0017180315581614238
175305,0.002454188374852797
175306,0.001578833010423057
175307,0.001451080613520883
175308,0.00047971168849597406
175309,0.0017282620446165723
175310,0.0008452323215047291
175311,0.0022076320363732505
175312,0.009680655968437544
175313,0.0008718100073672097
175314,0.0007375279797173143
175315,0.00038288707545906987
175316,0.0025479560041616897
175317,0.0012344848059535635
175318,0.005979448928189985
175319,0.0007997706490951281
175320,0.0007263165416562439
175321,0.0006809806978718939
175322,0.002148790273441633
175323,0.0006703315903089042
175324,0.002375241206720117
175325,0.013206370671981512
175326,0.0005966948656787568
175327,0.000736350580138664
175328,0.0008320380470267374
175329,0.0012192819268625954
175330,0.00263435725173626
175331,0.0013592855512883073
175332,0.0008505802747643057
175333,0.0005464686128993476
175334,0.0027155227031226466
175335,0.0008891112489149645
175336,0.0011266895306784926
175337,0.0008746066468985445
175338,0.000791339820575917
175339,0.04515620064520619
175340,0.004387044444266709
175341,0.0006370249536427454
175342,0.0007051783516809043
175343,0.0006118665632432848
175344,0.002366526395396454
175345,0.003109062135708365
175346,0.002007005060211716
175347,0.0006163271522402104
175348,0.99186589030491
175349,0.0009523099045020909
175350,0.0005912504614377512
175351,0.0009369739028855464
175352,0.0009025827300571277
175353,0.0007408283558843548
175354,0.22229579614349065
175355,0.0004025101288775136
175356,0.0005653313584834214
175357,0.004066468624279163
175358,0.0005486938324597968
175359,0.0009597680718406417
175360,0.0014171589948322456
175361,0.0005582422237105234
175362,0.0008330184658311316
175363,0.001919408699724557
175364,0.0006777914700839875
175365,0.00073116395916802
175366,0.0006583097075559693
175367,0.06141686093979755
175368,0.0006633874791855569
175369,0.0011146856796499915
175370,0.0007314324109705611
175371,0.0033845255865220148
175372,0.0053843504396850535
175373,0.0028288110105326838
175374,0.0006182277181685368
175375,0.0012706728793564924
175376,0.01894360916162872
175377,0.0011575441792899112
175378,0.0005600297028458726
175379,0.0007087653790958054
175380,0.0005667199705214898
175381,0.0008493285752800225
175382,0.0030291742753538503
175383,0.0007389814327627833
175384,0.0005047356842218336
175385,0.0005154296513435042
175386,0.009173867214674876
175387,0.0007055520582777092
175388,0.0010157930296548494
175389,0.0010425007945900054
175390,0.005497695421990409
175391,0.010936607020157241
175392,0.0005638591640822788
175393,0.000579173844280488
175394,0.001687407843533072
175395,0.011685417764987324
175396,0.0006994983025373495
175397,0.030608628280038
175398,0.001738873869595106
175399,0.0008544635679860407
175400,0.009413695208025926
175401,0.0008734424012512686
175402,0.0009666881096270289
175403,0.0005895609781776306
175404,0.00042271286035421105
175405,0.0007832608812140217
175406,0.003496820695506149
175407,0.007919167038659327
175408,0.0014968479770646418
175409,0.00048491988075046035
175410,0.0008134366122447276
175411,0.0006441227884410758
175412,0.013998618828770404
175413,0.0016217274196583318
175414,0.0008431864148992956
175415,0.0006896502444254904
175416,0.0011375201188212072
175417,0.0005142698094505099
175418,0.0006021634946068963
175419,0.0006764069302855797
175420,0.0006308671208872433
175421,0.0008348224637277848
175422,0.0006964929200397138
175423,0.0011559041644841504
175424,0.00162344906266238
175425,0.0015494735923870051
175426,0.001130177171420635
175427,0.005388492895266767
175428,0.032430955431868067
175429,0.0012058911536310087
175430,0.0021030351414845455
175431,0.001361876928623823
175432,0.0010917086578315456
175433,0.000521016755383029
175434,0.011408746325683065
175435,0.0006333374384266439
175436,0.0018460134140681097
175437,0.0012300884818942288
175438,0.0015266802759401844
175439,0.003472059993458439
175440,0.0005411025946091147
175441,0.00041723910152457685
175442,0.0007619103623956809
175443,0.0030673265780379656
175444,0.0005712025879431964
175445,0.004445956151716887
175446,0.0005625769674276922
175447,0.0005469966385299292
175448,0.006973898286241153
175449,0.0021621757862073853
175450,0.0007153749421468797
175451,0.0009217516430722229
175452,0.0010862791221999926
175453,0.001936562090961003
175454,0.0057028051328228396
175455,0.002219914212719043
175456,0.004009859195844837
175457,0.0015166563568443764
175458,0.0004039108103496257
175459,0.0012893892629954205
175460,0.000646430724557519
175461,0.0006295441218133879
175462,0.0007049575207316303
175463,0.0006265134528262567
175464,0.0007201195461510874
175465,0.0007501076399131014
175466,0.0010981868184555019
175467,0.0008263974376157093
175468,0.01182514481959379
175469,0.00063580592190903
175470,0.000868564261897852
175471,0.0010211781366095058
175472,0.012304965693339054
175473,0.001251471991236046
175474,0.0010244943534514076
175475,0.0005481233860872788
175476,0.01942353032672401
175477,0.0009222170018173268
175478,0.0028273340814899085
175479,0.0009392139560528045
175480,0.2012504719187398
175481,0.0006576770221163615
175482,0.0019442895326079446
175483,0.0006470535859949443
175484,0.000908415694531053
175485,0.0008989218807003829
175486,0.0005794383531693564
175487,0.004086568708025375
175488,0.0013975885468849676
175489,0.001041320751377071
175490,0.014462495965669578
175491,0.000899253396635995
175492,0.001756663743831599
175493,0.01090930312684961
175494,0.0005575985859269365
175495,0.009056090624907547
175496,0.0007195252258049828
175497,0.00045350277524817907
175498,0.001179909685521986
175499,0.0026211391978115074
175500,0.0009625360669329035
175501,0.0005810740845663498
175502,0.0007914690394271207
175503,0.003862973257782965
175504,0.0010830422161443132
175505,0.003024115681087739
175506,0.001355146353924026
175507,0.0012233926341331668
175508,0.0029049792586692937
175509,0.0005475963163832049
175510,0.03683498960878427
175511,0.0006138993557037646
175512,0.00049462396349111
175513,0.0014033679149077008
175514,0.0008064094789564185
175515,0.001422642691594267
175516,0.0008503030647656303
175517,0.0031081873246168175
175518,0.0013590902887740035
175519,0.010193817952340952
175520,0.0008006105715083412
175521,0.0030845010793911017
175522,0.0022386378547482313
175523,0.003812382199372161
175524,0.003132815357139624
175525,0.0006247145837237868
175526,0.20209524433299877
175527,0.001607692199391168
175528,0.0005959242330454866
175529,0.0008674717404949462
175530,0.00047314894578836907
175531,0.0015475053122688597
175532,0.013911908486274802
175533,0.009893303792822362
175534,0.0007111459307083554
175535,0.0004215506352264774
175536,0.0008074291599524286
175537,0.002076120077890265
175538,0.0006343227638450603
175539,0.015780265824307717
175540,0.0005445496499410341
175541,0.0007494062780671588
175542,0.0013847468431389966
175543,0.0016066832583319
175544,0.0032847900858652542
175545,0.0006639668538707043
175546,0.0011435588718141936
175547,0.0013695696092269228
175548,0.0031940701938871444
175549,0.0009120856946815299
175550,0.0007632903084058874
175551,0.0005748589299955729
175552,0.0013565118213659283
175553,0.0011430568564608475
175554,0.0009003161962409229
175555,0.0004283406889567398
175556,0.002362684362003005
175557,0.0007258642978168477
175558,0.0004663454250179809
175559,0.0006652028590874652
175560,0.9937462565047899
175561,0.004572124423856725
175562,0.0005438254897745125
175563,0.0008602867775873361
175564,0.0004960229250890207
175565,0.0007592963439969984
175566,0.010000752814442196
175567,0.0015683644345704099
175568,0.0016366797135223617
175569,0.004216556869204772
175570,0.002171664852014098
175571,0.0008995722538343287
175572,0.00044412543497124096
175573,0.003514662878923431
175574,0.001977648854814769
175575,0.0009272826725045013
175576,0.006875790822886166
175577,0.001603284122947761
175578,0.0016905556502556478
175579,0.0044238041378227375
175580,0.000588103500427868
175581,0.000740265819974182
175582,0.000546756791819214
175583,0.0024522925439060582
175584,0.0009442830762976702
175585,0.0015016761101082495
175586,0.0005077827854207065
175587,0.000796367456206648
175588,0.0007125932961440844
175589,0.0007400582876536595
175590,0.0003177906639369692
175591,0.0032099544317073184
175592,0.0007219192466180514
175593,0.0008979044989752298
175594,0.0019098654769177368
175595,0.0020949587625486337
175596,0.0007291512101087646
175597,0.0006368763322128716
175598,0.005187196468301042
175599,0.005505415265362995
175600,0.0016310066130925324
175601,0.0034244518077092938
175602,0.004369880773996018
175603,0.0009616926869719189
175604,0.0005363286681215736
175605,0.0005514457762476374
175606,0.0022812016592750183
175607,0.002089448385810331
175608,0.000491977532458081
175609,0.0006111438753712599
175610,0.001085496235571076
175611,0.00045580703201899663
175612,0.003362124353854444
175613,0.0004896187607794655
175614,0.0013653812759211429
175615,0.0022753204327660083
175616,0.000612321116992644
175617,0.002846715415591015
175618,0.0015560419092333255
175619,0.0005060192381480458
175620,0.0006490776881941335
175621,0.9891806279276325
175622,0.0006422046290874952
175623,0.0027494514819749547
175624,0.001327729351817216
175625,0.0012303718110933015
175626,0.0019275002811923766
175627,0.0007249396152614253
175628,0.0007194591784602326
175629,0.007127222977269735
175630,0.0004008938790491431
175631,0.0006387577111775717
175632,0.0009009435074456206
175633,0.0008847713799190921
175634,0.006711926351991044
175635,0.0015756986041287886
175636,0.0009145623932995666
175637,0.00039162858320556553
175638,0.0020651452502386688
175639,0.0006351457494756505
175640,0.008150657344023536
175641,0.9889984451160454
175642,0.0020901726478448567
175643,0.0005513496494871986
175644,0.0025326742793575713
175645,0.00043689239186458714
175646,0.08459378643817175
175647,0.0003016323052296404
175648,0.000495097937164303
175649,0.0010538315134754304
175650,0.0007270231122653615
175651,0.002648767634959661
175652,0.003125237189927037
175653,0.0005462837616258118
175654,0.001625133077918561
175655,0.0005871164780404613
175656,0.003115943832856431
175657,0.0006271838233452262
175658,0.005921626247814385
175659,0.0010169007952397712
175660,0.0006652409775312729
175661,0.0007157721719467464
175662,0.003405311028417391
175663,0.0004406521355256967
175664,0.002080885447399367
175665,0.0004995134374830242
175666,0.000861813616562229
175667,0.0012800192060772203
175668,0.0018388036059829031
175669,0.005541052431043627
175670,0.0006683889656669927
175671,0.008604057223631181
175672,0.997661206821179
175673,0.0010056486753885333
175674,0.0024055577634462667
175675,0.002934626941692474
175676,0.001745016593638223
175677,0.0014978133329680461
175678,0.007169170047829802
175679,0.001748752386622747
175680,0.0023637952865156703
175681,0.0006560907007822065
175682,0.001146360179516252
175683,0.0006698548146157763
175684,0.005429451842144521
175685,0.0014842467460845442
175686,0.000556771659207828
175687,0.00046346087537340924
175688,0.006371927786201275
175689,0.0011976735634195922
175690,0.0006418050044426475
175691,0.0005235473325576447
175692,0.0010696110026715178
175693,0.008501697268029088
175694,0.0021045566156724406
175695,0.0006220203116295544
175696,0.0004954595215285699
175697,0.0004564333034957602
175698,0.0006547994039248582
175699,0.0006716194038169907
175700,0.0012527513686383966
175701,0.0021568285134483025
175702,0.0006773148641039078
175703,0.0005747172969418148
175704,0.0011457453839210353
175705,0.0016448965858477773
175706,0.000795016840421424
175707,0.0006638517196971277
175708,0.003137321820222508
175709,0.002907439665449153
175710,0.054481340866822894
175711,0.0005321986059876913
175712,0.0008232574966353561
175713,0.0016648024791815048
175714,0.004100429858967291
175715,0.0006166188146392907
175716,0.0013076315836281392
175717,0.0006410866359885699
175718,0.0007662866633856699
175719,0.9909632521902193
175720,0.0012781261440539269
175721,0.0006957837373690123
175722,0.006868166674885375
175723,0.0015086977331657913
175724,0.005934646788854756
175725,0.0005228567400788303
175726,0.0008674582883389213
175727,0.000646679234429041
175728,0.000637781116040434
175729,0.0006810237337318125
175730,0.0005359003022353342
175731,0.0011109548054089638
175732,0.0007197342624767024
175733,0.0058661961849823755
175734,0.0006579042007054193
175735,0.0008810762241725082
175736,0.000739935452326897
175737,0.002351557008614966
175738,0.005203310216930477
175739,0.0006764827997891513
175740,0.01309035795793638
175741,0.0006118062511689739
175742,0.0021407183483227385
175743,0.0007384365141906267
175744,0.0008769374772699403
175745,0.0008493219960786785
175746,0.0066872960800186555
175747,0.0005875530494267478
175748,0.0006050755375367592
175749,0.0006277375682726551
175750,0.0011151567964971091
175751,0.0006762007104218519
175752,0.0006842343172498371
175753,0.0018344629704960204
175754,0.0022031771921929458
175755,0.0020875920329408116
175756,0.0010281107241547126
175757,0.0007302538793230711
175758,0.003944844631876683
175759,0.00890240440182283
175760,0.004633294967797828
175761,0.0006196365066068058
175762,0.001786337124530852
175763,0.0006100314648642706
175764,0.003206081392890147
175765,0.0006919219968947588
175766,0.0023925423631051923
175767,0.0011331395871733013
175768,0.0012594963501373828
175769,0.005369669417988762
175770,0.011004086215081229
175771,0.9966337311392444
175772,0.0004533534929638593
175773,0.00043113310624167463
175774,0.0007230409404908236
175775,0.0005557059490304655
175776,0.0005851394489343674
175777,0.0018071514400378643
175778,0.0008346747123663442
175779,0.0011678997156650737
175780,0.0012299271940365117
175781,0.0013161702419332158
175782,0.000646297370572094
175783,0.0004400824524364148
175784,0.0010756082698356473
175785,0.005187480201697561
175786,0.005938553500629764
175787,0.0011226502465136205
175788,0.0028876375272328396
175789,0.0009331987686456356
175790,0.0026622788655405166
175791,0.0007547593248065722
175792,0.0008593346268489397
175793,0.002715228750708271
175794,0.001741779090689052
175795,0.0010075629714576145
175796,0.004006528842782669
175797,0.0005951916154490914
175798,0.3802138352741039
175799,0.0016130213852141887
175800,0.0004953147729702858
175801,0.0009239438715437601
175802,0.0005312619903927646
175803,0.0019975703751280126
175804,0.0035398634325129966
175805,0.0032431093127568344
175806,0.004529875513484374
175807,0.0005144808727035774
175808,0.0012966223776947543
175809,0.0019314479926147727
175810,0.002839496934299312
175811,0.0009463803579837389
175812,0.00047727158832124397
175813,0.0016175917056612129
175814,0.002044380521699564
175815,0.025691457616648684
175816,0.0021936766351068004
175817,0.0006490068470600362
175818,0.0006864285678572078
175819,0.003973926540211821
175820,0.0005530892478863946
175821,0.0006977524560639347
175822,0.0003855570945505593
175823,0.00042921460638526104
175824,0.00275536675523496
175825,0.0006918589456302688
175826,0.0006138851978659863
175827,0.0004978844098677515
175828,0.0008794193533079994
175829,0.0011851583985470926
175830,0.0008298172166048066
175831,0.0011528291705627848
175832,0.0006813810890200097
175833,0.000599538490151232
175834,0.000748936998035226
175835,0.014514550198955358
175836,0.028691185458185917
175837,0.0006045568966209882
175838,0.0006196231390355204
175839,0.004220955268683506
175840,0.002051041913250232
175841,0.0007155430153622337
175842,0.000983574998735861
175843,0.0027191373698935905
175844,0.0005288473480960589
175845,0.002030973874270092
175846,0.0005196710961897554
175847,0.00046918044615760417
175848,0.0008393649109781724
175849,0.0005935687665027258
175850,0.02921451125849331
175851,0.000826052906450189
175852,0.0004924646596871795
175853,0.0006272292935071607
175854,0.000544306720970245
175855,0.0025002254129523095
175856,0.002735352620953475
175857,0.002373297711946767
175858,0.000550155448918068
175859,0.000590954259839891
175860,0.0007430838237819803
175861,0.004754472250231737
175862,0.0008014040972496169
175863,0.0010884371901947328
175864,0.0014391204321754763
175865,0.002007001947983588
175866,0.0008605583616814304
175867,0.0022015436057439735
175868,0.0005191142977788465
175869,0.0023573109761305527
175870,0.003135791897568427
175871,0.00045663419456301786
175872,0.000928507046844599
175873,0.013230951995855667
175874,0.20985412280738924
175875,0.0006102290023388257
175876,0.017289316414673524
175877,0.0015670114997503215
175878,0.0010225077960038299
175879,0.0006239791251888525
175880,0.0004629608781976636
175881,0.013310356646612165
175882,0.005453285238762891
175883,0.006235558215277348
175884,0.0010540382414993255
175885,0.0011931386211434568
175886,0.0008001362068266655
175887,0.0008327071461762502
175888,0.0012645133782285055
175889,0.0015222770754346185
175890,0.0015594962375455523
175891,0.003177666890161373
175892,0.0006914228881958282
175893,0.001926776076274268
175894,0.0005439066509102229
175895,0.001000618920241757
175896,0.0006246434947219566
175897,0.008923475789680484
175898,0.0006322758119793287
175899,0.000492020713473501
175900,0.0012436485589475983
175901,0.0008999338754861219
175902,0.0005082245680775154
175903,0.00041640100613193665
175904,0.0006616338169999876
175905,0.006705872443092524
175906,0.0011580914806767454
175907,0.008563806597182692
175908,0.002003811743208071
175909,0.03283993419111465
175910,0.0006144518310778937
175911,0.0017014898287000045
175912,0.002387602705666382
175913,0.0007339838814842671
175914,0.012206734078438145
175915,0.005051690619393121
175916,0.012871664293912427
175917,0.0010910842030280074
175918,0.0005989486432125965
175919,0.0019021427927452057
175920,0.006786473773529492
175921,0.0012840420382744541
175922,0.0018237226595585144
175923,0.00847047171036748
175924,0.0007589273931505893
175925,0.014444280247018024
175926,0.0010323460128383415
175927,0.0005195475439754583
175928,0.0005221309403563613
175929,0.0014829798131870886
175930,0.00440726364047871
175931,0.006424687548991065
175932,0.002754695722500704
175933,0.002495678806429228
175934,0.0013552615038622236
175935,0.02064762940956181
175936,0.0006288046124894156
175937,0.0007812942454620288
175938,0.0008011930210271499
175939,0.0008183788364448556
175940,0.0005465476156113079
175941,0.002159462313467279
175942,0.0013700823644247993
175943,0.0008664933861766261
175944,0.0039059936790082233
175945,0.10326905256119367
175946,0.0014131446460686399
175947,0.001960185721986022
175948,0.0010836247523659517
175949,0.004177007980455618
175950,0.0014356224384375017
175951,0.002201349517371544
175952,0.0005280816080702433
175953,0.9983389395667234
175954,0.002125005001158385
175955,0.0005008262802034911
175956,0.00043362226503080345
175957,0.019385918099293936
175958,0.0011655747435946745
175959,0.0009438532245887284
175960,0.006122596870184871
175961,0.0030828099606349966
175962,0.0009075857515834186
175963,0.0012672946132666642
175964,0.0008087019620738564
175965,0.011726392952288275
175966,0.0024278987461204076
175967,0.0012622912969681471
175968,0.0007805113639156168
175969,0.0019948929727878
175970,0.000774514225508944
175971,0.00048428403147492767
175972,0.0006962498723868779
175973,0.000543485363900816
175974,0.002479459481005858
175975,0.0033244316632908798
175976,0.0008047832939242774
175977,0.0007906970637712213
175978,0.008812209809603002
175979,0.0006493848691069167
175980,0.0007295143156833209
175981,0.0042714759742019034
175982,0.0007860596697522341
175983,0.0007352288933476443
175984,0.023085937573816617
175985,0.0006458141299123044
175986,0.046054151773373755
175987,0.0017230942909891335
175988,0.0004798921792683348
175989,0.000534827382672916
175990,0.003699624220764158
175991,0.0005733987322706065
175992,0.0009689859274864005
175993,0.06342158437570268
175994,0.0007884158269636233
175995,0.15751200865337833
175996,0.0008343918276195663
175997,0.0012792536808618417
175998,0.0013695237413332987
175999,0.0026875088018973588
176000,0.0025075950114104273
176001,0.0006379446518644269
176002,0.0012232464043663957
176003,0.0010135011901428004
176004,0.06280724244172924
176005,0.0005689676190118005
176006,0.022946941799889126
176007,0.0017924807264684249
176008,0.0005836904604329845
176009,0.0010489574289969277
176010,0.0036855368693187026
176011,0.0004733406177915633
176012,0.0016753447773930551
176013,0.0011448565168886123
176014,0.0005573236699809457
176015,0.0029538874285991185
176016,0.0004733720638731841
176017,0.015145528911798873
176018,0.0011306779514902627
176019,0.0005460866622438321
176020,0.006697585615033796
176021,0.0005799020557433647
176022,0.0007404450774500689
176023,0.0017634220815606909
176024,0.0010907428782139755
176025,0.0013931455646567334
176026,0.001481645958140636
176027,0.001505176663891152
176028,0.001671597717412445
176029,0.0016413941278604833
176030,0.0015779607699688831
176031,0.0007407830244135917
176032,0.0036165007872472465
176033,0.0008840389045247182
176034,0.0010817071558918722
176035,0.0005965939440617228
176036,0.0007305664412095936
176037,0.0015849535499206293
176038,0.005328527263163801
176039,0.0006275804761724869
176040,0.0005297988100049613
176041,0.002396632349507034
176042,0.0013039674969414126
176043,0.0021449240255735245
176044,0.0004755146464899304
176045,0.0011285755743305455
176046,0.0010259752956131784
176047,0.0021818236072228374
176048,0.002554784412205628
176049,0.000701971646322854
176050,0.0005155291096341751
176051,0.0008252636203398488
176052,0.0005496525785877197
176053,0.0005071974034422577
176054,0.005404778719169627
176055,0.004283719473113268
176056,0.00060779547836112
176057,0.0013933252108020338
176058,0.0025183256606877507
176059,0.0008910448333196627
176060,0.0006730739498467782
176061,0.0005041183807836066
176062,0.0007023907668825054
176063,0.0032474393324775103
176064,0.0006047735023658016
176065,0.08468869405429583
176066,0.0007388176241803748
176067,0.023831899000901068
176068,0.00228134253458752
176069,0.0006190797583965836
176070,0.0006949008284388583
176071,0.0007837423101408375
176072,0.0009943724182093037
176073,0.0005271870915040017
176074,0.000839596104832498
176075,0.0014480909317013118
176076,0.007965888853589693
176077,0.0005053027907438598
176078,0.001419964478889221
176079,0.0005026698344310781
176080,0.00869791862765398
176081,0.0015024658039294418
176082,0.008370182918852768
176083,0.0009097607919545966
176084,0.006604544135159572
176085,0.0004654472532799395
176086,0.00582798564336609
176087,0.0016894380863185152
176088,0.0005906830590392252
176089,0.01153642475027336
176090,0.001668479472594628
176091,0.995497837585237
176092,0.0005059454070188061
176093,0.0030240496954002565
176094,0.0006018493031473613
176095,0.0007767844733840735
176096,0.0021133170879985563
176097,0.0005462398024133899
176098,0.0067379342447715165
176099,0.0007743916157148336
176100,0.0011687808649025076
176101,0.0007775306071888222
176102,0.0007714221818481577
176103,0.0040831657492564994
176104,0.004746840878692488
176105,0.006927290873916176
176106,0.0008913656133907303
176107,0.001288501784996965
176108,0.9973502785147954
176109,0.0007840692446309952
176110,0.0006699791419491776
176111,0.0010969633912346493
176112,0.0005702828492175815
176113,0.0012366075409145998
176114,0.004792291994978028
176115,0.0005335983112866719
176116,0.0010295708058639967
176117,0.0011525845141722268
176118,0.0009035780170182069
176119,0.0007482191612211894
176120,0.00043056841315458383
176121,0.0012475428543069318
176122,0.0008502274367054685
176123,0.0014861553109702251
176124,0.0013178459197375834
176125,0.011766685132444298
176126,0.008990078557800133
176127,0.0006352647952987721
176128,0.0005989126596234441
176129,0.0005417804423880634
176130,0.0032851659538796207
176131,0.0015394136720152333
176132,0.0017244678214486872
176133,0.001222782340949481
176134,0.0013067455994051373
176135,0.0006907726001356906
176136,0.0005486826391836826
176137,0.0054553092855996735
176138,0.0018515323335213778
176139,0.004264922116629549
176140,0.0006012282490545206
176141,0.0006913191262305318
176142,0.01034976363129352
176143,0.003722924435801877
176144,0.002571577477944838
176145,0.0006078648315793269
176146,0.0007441186598179117
176147,0.003513719373279356
176148,0.002169749325911562
176149,0.005064984057425472
176150,0.0019323555236401137
176151,0.0012283716420223433
176152,0.0006804013893677559
176153,0.0008157163696471747
176154,0.000737610267720516
176155,0.0009148302355984526
176156,0.0013133976340851672
176157,0.0009210992636213436
176158,0.0019004332440965468
176159,0.0007439188906522846
176160,0.005344974772806068
176161,0.0004640795072901842
176162,0.000816998584190754
176163,0.00048771234799864223
176164,0.0010316895323853618
176165,0.00223534554188478
176166,0.0005785922171296591
176167,0.0018224956252715576
176168,0.000762665571530628
176169,0.0004784748194106411
176170,0.0009293330742511494
176171,0.0008397957807538388
176172,0.0025344340405812245
176173,0.004516737777338356
176174,0.0005505083219403207
176175,0.0030604572381792315
176176,0.000650440087464255
176177,0.002393163495549626
176178,0.0029040538743650033
176179,0.0007730840942737607
176180,0.0006747353957593011
176181,0.0030359619084094113
176182,0.0078057179511572886
176183,0.030417909858120182
176184,0.002183880566024154
176185,0.0006645196590407831
176186,0.006222014149479528
176187,0.0006137092578033805
176188,0.0005686632454178356
176189,0.00041770787102672234
176190,0.0009931362269771959
176191,0.0020059662721613166
176192,0.0006547147005554652
176193,0.004417582721357824
176194,0.0008664965406802521
176195,0.000852545489282983
176196,0.0005902391132904459
176197,0.9951454863212781
176198,0.00787626886788955
176199,0.0009558530592525248
176200,0.0005351708779362216
176201,0.0016807453745795156
176202,0.0025299417649850484
176203,0.0010460239461215547
176204,0.0016017190498811545
176205,0.004863530548927882
176206,0.00059199794340997
176207,0.0006646033996633385
176208,0.000666986667923529
176209,0.12198228620754875
176210,0.0019065168832945677
176211,0.0006738156718532561
176212,0.0008252671910046732
176213,0.0009081441444328955
176214,0.0005674341341838362
176215,0.0006339933606295483
176216,0.0010459935726504605
176217,0.000799368987653756
176218,0.0016935798286198465
176219,0.0021321633944159884
176220,0.0007186308051498325
176221,0.0006773019903413401
176222,0.0016477614742663757
176223,0.00033253668445649515
176224,0.00060964005108332
176225,0.0006132369993238965
176226,0.0011105665616126404
176227,0.000379214635236383
176228,0.008719218680252539
176229,0.004461941697542102
176230,0.0018277481787068264
176231,0.0006663332303053176
176232,0.000483277017117077
176233,0.0011116579036956193
176234,0.0006404075656679648
176235,0.0006461814381431175
176236,0.0006653488656558344
176237,0.0022618780449172385
176238,0.0005867224980143884
176239,0.0006613654959270049
176240,0.009298820191925745
176241,0.0024677099839779805
176242,0.029033227094328255
176243,0.0015047828889633052
176244,0.0015867627844912565
176245,0.0007358094017199326
176246,0.000615507481002048
176247,0.0005788691800661218
176248,0.0007284312610427474
176249,0.00045547739755144183
176250,0.0015224036868309108
176251,0.0006384926865070423
176252,0.0031830680060436203
176253,0.0007180310296186704
176254,0.0009033631548697248
176255,0.0011580710071350192
176256,0.0007355452435110914
176257,0.0005209311637613894
176258,0.001313299019669933
176259,0.0004215544171237719
176260,0.0014547453323985548
176261,0.0018774330823110525
176262,0.0007219991690371247
176263,0.0006027311497606988
176264,0.004813015926896444
176265,0.024799249344947545
176266,0.0005051041749524098
176267,0.0028754737427116933
176268,0.001389481984511663
176269,0.0030104438378470927
176270,0.006724296526727907
176271,0.0007128268265697731
176272,0.0005253908327186032
176273,0.0006388573577666499
176274,0.021271471592193725
176275,0.0019435033311231004
176276,0.0012704673865347182
176277,0.0028935766375255585
176278,0.003507143755503071
176279,0.0016424169274521306
176280,0.0006871480367231936
176281,0.004718219553779278
176282,0.0007472971740871513
176283,0.0004843449108021943
176284,0.0006093516288845192
176285,0.0012904977804093457
176286,0.01718581408816984
176287,0.0011199519701773674
176288,0.000682446175773074
176289,0.00048755704262049595
176290,0.000896393162467525
176291,0.0005097174789530359
176292,0.0008084662470089066
176293,0.0010536474437808044
176294,0.004332616650384314
176295,0.004072421431109503
176296,0.004060215187613063
176297,0.0006511997934943741
176298,0.003937801703290672
176299,0.004945948214696264
176300,0.0010048873029755926
176301,0.0007324209877690656
176302,0.0009373621294284288
176303,0.0008729066854928154
176304,0.00038727060314808237
176305,0.004773098747310569
176306,0.00047645074262682
176307,0.0006872252826758572
176308,0.0006123769309506338
176309,0.029058284802827912
176310,0.0007381482504399933
176311,0.010383620462594466
176312,0.9909100170392152
176313,0.023620762038070037
176314,0.0006508991037078998
176315,0.0005571850127110155
176316,0.002436211676610797
176317,0.12631929681785695
176318,0.006303257217884793
176319,0.001675601616471216
176320,0.0027080473332948317
176321,0.0010469740741722554
176322,0.0007403224021616292
176323,0.00614264054660388
176324,0.0006231990074831615
176325,0.002774266533376272
176326,0.0006812177223893894
176327,0.000747020224535251
176328,0.0023112470760287647
176329,0.002899549922013275
176330,0.03791050595278504
176331,0.0008850984263563881
176332,0.0007641289099584471
176333,0.0009715200013878365
176334,0.0007902378508814892
176335,0.0011046221922906435
176336,0.004346724720501249
176337,0.005727466838905033
176338,0.0006331172563698622
176339,0.0007865048870952851
176340,0.0015268516075210158
176341,0.0007762537517441448
176342,0.0009465040437141436
176343,0.0006375918907756557
176344,0.0038994107420073313
176345,0.016851872540423134
176346,0.0013761639453055284
176347,0.03690828760198684
176348,0.0004185363268395838
176349,0.00522320304423904
176350,0.0026439452174454804
176351,0.0007925440676271756
176352,0.0006021257822760279
176353,0.012818988455183727
176354,0.0010042483247115013
176355,0.006991047868365102
176356,0.0026439255684948914
176357,0.0005839237661665491
176358,0.009295372195459681
176359,0.0007870354734098998
176360,0.000286372670167494
176361,0.0016988922993394881
176362,0.001013784148799917
176363,0.0006674942145908932
176364,0.0007421099431308377
176365,0.000981732126724105
176366,0.0012241705981152296
176367,0.000993004423241712
176368,0.0010894314470828123
176369,0.00043317317009278753
176370,0.000723039376960404
176371,0.0018413049884193362
176372,0.00102571905393283
176373,0.0009039989840401138
176374,0.0008520305169719853
176375,0.0006614312357437326
176376,0.0044186806086661395
176377,0.0020769494321924487
176378,0.0008848465006093287
176379,0.0005897779806609982
176380,0.0006452881441215258
176381,0.0012962803698920878
176382,0.0006652649072951715
176383,0.004107373384636135
176384,0.0015499212577783517
176385,0.001052446427135474
176386,0.010794963694458804
176387,0.007067340593301415
176388,0.0004273587121576317
176389,0.00209133667341973
176390,0.0004476656592336844
176391,0.00285269376026222
176392,0.0006471874738253251
176393,0.00066374160476808
176394,0.0033145908407467384
176395,0.0004184697414214934
176396,0.0006005371399979216
176397,0.0014657892501257481
176398,0.000629364219277908
176399,0.000659008260837738
176400,0.000620138382015144
176401,0.0008911601904419062
176402,0.0020016629332719324
176403,0.0007223417166146889
176404,0.0004541245430027401
176405,0.002251580794553183
176406,0.0027804483488064226
176407,0.0009071972907897106
176408,0.0021131963531681253
176409,0.001911305129872381
176410,0.0008470378433708585
176411,0.0007375495044769898
176412,0.0008750320288637733
176413,0.0005360049171077493
176414,0.003959815235353003
176415,0.002129441976522997
176416,0.00045588365947149204
176417,0.0006823718532089253
176418,0.0005469569325229821
176419,0.0007237577497203404
176420,0.0019524178233501202
176421,0.0018866819003832509
176422,0.0006338033554278798
176423,0.002426131321961557
176424,0.0003503000163662378
176425,0.0010207368393410658
176426,0.0015350140024493067
176427,0.0012718752057355003
176428,0.009132219122142168
176429,0.001229694768981415
176430,0.0008295114865709166
176431,0.002336682327411472
176432,0.005629156519925177
176433,0.0032130867311753715
176434,0.011813992416242198
176435,0.017253465706750622
176436,0.0006842301026491724
176437,0.0012285494672501559
176438,0.0005377000955133786
176439,0.22357731003063186
176440,0.009037791365904824
176441,0.0007874464345860763
176442,0.0007304537482844294
176443,0.002229654669792914
176444,0.011728162416622362
176445,0.0015825312712058753
176446,0.005101386528607763
176447,0.0022668130043553597
176448,0.01662944806628237
176449,0.0006455058448086235
176450,0.0007251381678536741
176451,0.008143408044993378
176452,0.0007636643836431486
176453,0.0016295443495183306
176454,0.0007246158453469822
176455,0.0013938723770844938
176456,0.0004289280357258731
176457,0.002658807391275772
176458,0.001083999539636005
176459,0.001239436348025623
176460,0.0011897884148605407
176461,0.010883912004626881
176462,0.06101559181025793
176463,0.03451562618177873
176464,0.0005080344982477659
176465,0.0018862280710890433
176466,0.0005959365551466845
176467,0.000731770229038065
176468,0.0010394315631794568
176469,0.0010722447922280754
176470,0.0008215360915110068
176471,0.00047312768655937164
176472,0.017103257738474147
176473,0.0003482936148324159
176474,0.04211241903496528
176475,0.0013271443596842027
176476,0.0006420944515820896
176477,0.0011190641822592749
176478,0.0030270598964227623
176479,0.0008257470411820737
176480,0.0010210240777703112
176481,0.0007710002053252537
176482,0.003573202765876024
176483,0.0009938897264878397
176484,0.0006777248278177037
176485,0.0037840374096441464
176486,0.0005136189111291697
176487,0.0008946851855691602
176488,0.0022574597831052103
176489,0.0023278671871931546
176490,0.0006715057330884888
176491,0.0005333183505095271
176492,0.0010176837201428307
176493,0.0009849634031868014
176494,0.0012906803063503604
176495,0.0006889794414796241
176496,0.0065986699410887795
176497,0.0007540355856790195
176498,0.0005830384045856806
176499,0.0014441936038077242
176500,0.0006659895940381455
176501,0.0005349741460128033
176502,0.0007226640421161851
176503,0.000864987351753007
176504,0.0005742871217041714
176505,0.0007289378928829503
176506,0.0005658637269818949
176507,0.0007204029287833005
176508,0.0020750839040430693
176509,0.0006394939695982571
176510,0.0004385809340136091
176511,0.031845459701924005
176512,0.0004058045540950348
176513,0.002107707031430477
176514,0.0008118441001852172
176515,0.0007105900027484257
176516,0.0007413053080559341
176517,0.0007435360640933096
176518,0.0033198605368161193
176519,0.0006050183232688613
176520,0.0006066897610855959
176521,0.003054878575985907
176522,0.020101219701094776
176523,0.03668989759084625
176524,0.0005636428150482754
176525,0.0026023345951157626
176526,0.0006582149479310766
176527,0.0014746902278848215
176528,0.0006803866200711963
176529,0.0011823184058980698
176530,0.0005598253964965368
176531,0.0016798498391006598
176532,0.0030149035695412525
176533,0.0021358627635801697
176534,0.000650384981408707
176535,0.0013729859749690206
176536,0.0008419126404060257
176537,0.0009538877281799647
176538,0.0004899816521662034
176539,0.0009171817952579096
176540,0.0010742806398881665
176541,0.0006186510185752799
176542,0.0006376230926637324
176543,0.00288765470913552
176544,0.0005254853459084236
176545,0.0020966525141416317
176546,0.0016099051142665164
176547,0.007696600617570618
176548,0.002851787841410203
176549,0.10533984222700898
176550,0.0015662657530905364
176551,0.001408116085627329
176552,0.0013124933385295417
176553,0.0022656131616399207
176554,0.0006340524404130317
176555,0.0004948222290786469
176556,0.0029141411722912744
176557,0.005567753917710132
176558,0.0004993950143606335
176559,0.006246025513641538
176560,0.000586538360981871
176561,0.0010343912068418188
176562,0.0014295224679099893
176563,0.0006138902239528734
176564,0.0010851879585028102
176565,0.0201532177030095
176566,0.000774424552002572
176567,0.0009142586277434327
176568,0.007547912181829106
176569,0.0007747698427015199
176570,0.015188546110337622
176571,0.0024875431121061786
176572,0.0004224606979079504
176573,0.9990480081303247
176574,0.0005743872904249942
176575,0.0012927935115234306
176576,0.009672883397424434
176577,0.005107858816884426
176578,0.0007537630097946374
176579,0.0005560358388344685
176580,0.0028085884021107374
176581,0.017789384379369493
176582,0.0007432458782081917
176583,0.0005672600230138445
176584,0.0005743362121547177
176585,0.003969618840912856
176586,0.0008708040639758116
176587,0.09686036705240837
176588,0.0006863359713665303
176589,0.011202054661555952
176590,0.0006217289662235122
176591,0.0018681849925492973
176592,0.0015486401941230776
176593,0.0005767401487629182
176594,0.0005309287434899823
176595,0.0004175950427781705
176596,0.002545492640645671
176597,0.0014761246584109522
176598,0.0006078585720745557
176599,0.0006833784258846167
176600,0.0006521506999347973
176601,0.0024910665766206593
176602,0.0015530057185311023
176603,0.003053235875825769
176604,0.00047134785739698164
176605,0.000747455984245933
176606,0.0008195033828070469
176607,0.05308064239989051
176608,0.012109296048617393
176609,0.002124200834897542
176610,0.0008651485469931392
176611,0.005130551178319209
176612,0.000941925110727636
176613,0.0008880190802858342
176614,0.0005116038776441127
176615,0.0015199568316951978
176616,0.09119196698607651
176617,0.0006424885979357971
176618,0.0007472982688852847
176619,0.005226679769516145
176620,0.00819120412585454
176621,0.0008139634261873259
176622,0.0008083758757514235
176623,0.0007942037369705848
176624,0.0020223095134177544
176625,0.0009680519327970097
176626,0.002232683247534745
176627,0.0042073212577567395
176628,0.00038632109942249684
176629,0.0007371431924662648
176630,0.0021163179748350607
176631,0.0006084134912236288
176632,0.0004377406945907242
176633,0.0006582559334561654
176634,0.008281047506168388
176635,0.0012164234698091594
176636,0.000630971531273516
176637,0.001649301537363584
176638,0.012056429130370933
176639,0.0007563817712630742
176640,0.0010628804719827892
176641,0.001641220203048181
176642,0.0006907643377720321
176643,0.000790013614393728
176644,0.0005641737647050844
176645,0.005303938027994575
176646,0.0004908376288262103
176647,0.0004882139285402611
176648,0.0008740906329683376
176649,0.002463559034218031
176650,0.00054496415098168
176651,0.0011423002674413655
176652,0.0006276079561717507
176653,0.0006676675684240605
176654,0.0008036039749828675
176655,0.001436253214343217
176656,0.0009004798972868276
176657,0.003310562608860548
176658,0.0006448446092522125
176659,0.0006838293085577389
176660,0.0021261053220720553
176661,0.09248132870805528
176662,0.0011600691165886763
176663,0.007689638125221989
176664,0.000435490431294657
176665,0.000493111739825694
176666,0.026176469590470767
176667,0.008622330968988354
176668,0.0008056792467367728
176669,0.0005338391131373341
176670,0.0016766249957760018
176671,0.0009060131086959505
176672,0.0011655183787321398
176673,0.0008007623304292903
176674,0.0013298644021866968
176675,0.0034055046618008938
176676,0.00944216875742512
176677,0.0018812314146559738
176678,0.002671713650831688
176679,0.0026345946301366456
176680,0.004178482750521507
176681,0.0010934850974555729
176682,0.0003426360350465904
176683,0.0007068626927404726
176684,0.0019554532626511823
176685,0.001436247238632379
176686,0.0010404087750720478
176687,0.0009749610814841571
176688,0.0006155375243626863
176689,0.0005246039000685047
176690,0.0012291827006640924
176691,0.00490161068776955
176692,0.008803131609405854
176693,0.0010358921022348365
176694,0.003042324385228716
176695,0.0012661620143324512
176696,0.005547324016552509
176697,0.0012337010617544492
176698,0.0010392019454594286
176699,0.0008940901084199485
176700,0.0008423784243276727
176701,0.0005514640683768875
176702,0.038273018373930115
176703,0.003577038275481867
176704,0.0017303927683167356
176705,0.0011871337315558078
176706,0.005792569717343834
176707,0.0016938715685050568
176708,0.005196776767226121
176709,0.2063642164510296
176710,0.00048481349445684885
176711,0.00249832063014944
176712,0.0009290364384459337
176713,0.0012729659577344935
176714,0.0011844873776995376
176715,0.0015152058397773554
176716,0.0004996092769856279
176717,0.0005854703072024844
176718,0.001961250865524489
176719,0.001714137335320028
176720,0.0011457675087120736
176721,0.001253007493100185
176722,0.00973226873048921
176723,0.0006456218399537701
176724,0.0007136215007681509
176725,0.002066820078784455
176726,0.000589099018001067
176727,0.007030387299039653
176728,0.0008233379032356524
176729,0.0012077216026312283
176730,0.0013968842699366882
176731,0.0005952602024317114
176732,0.0008755824727059472
176733,0.0007475639527382586
176734,0.0006970840970983824
176735,0.0014545346240138475
176736,0.0013211108632149803
176737,0.0022265135195560608
176738,0.0009902387113522103
176739,0.0006536869471607738
176740,0.0010531780844338042
176741,0.0008019153695438214
176742,0.0038037634461811198
176743,0.0005215745617022608
176744,0.007773735219306494
176745,0.005138882036571849
176746,0.0014156507894484602
176747,0.0007322763281802731
176748,0.0005411323602366898
176749,0.0005497018232343131
176750,0.0006018219878853898
176751,0.0010569963433051605
176752,0.0009223897043837569
176753,0.001467530411595102
176754,0.000512189892526352
176755,0.0007990258303393989
176756,0.0013499388755416814
176757,0.0009802082189029567
176758,0.0006534587275517661
176759,0.0006572698579019608
176760,0.0015351077016261005
176761,0.0007217160361391384
176762,0.009827334707717364
176763,0.0006593364239990446
176764,0.1334520468569785
176765,0.002083997143701943
176766,0.002554140143653425
176767,0.0010371178524799154
176768,0.0013339933156895486
176769,0.0011665583090454581
176770,0.0008725455046070682
176771,0.0023776952470641924
176772,0.0029119285592781987
176773,0.00312134465400449
176774,0.0009451629242248978
176775,0.004428697782802577
176776,0.0006386422905059022
176777,0.004326195240876556
176778,0.001816606160947938
176779,0.0012848447436116794
176780,0.0010080808082766155
176781,0.0008887759548187388
176782,0.000612928137592883
176783,0.0005991353194565792
176784,0.0011965116277651308
176785,0.0006434055526620026
176786,0.003100059995409115
176787,0.0007938766143600141
176788,0.0003509755642364739
176789,0.006017164388417336
176790,0.0009255288615782419
176791,0.0004295100788777789
176792,0.000492603291142479
176793,0.00048498174022445665
176794,0.0051681223047420795
176795,0.0009502171337054147
176796,0.0009297591231897944
176797,0.005525702131888761
176798,0.003966882174440533
176799,0.0008827918050707336
176800,0.002170078830272132
176801,0.0006299842840304054
176802,0.0005955213760951768
176803,0.0010590219558036173
176804,0.0007181094959399588
176805,0.0076164102086962275
176806,0.000550012265434481
176807,0.0005634178925280854
176808,0.0005077667921403817
176809,0.0010805922496907475
176810,0.0028054679422130574
176811,0.0008625938721520156
176812,0.0008243091638532075
176813,0.000755705216662477
176814,0.001045284346678334
176815,0.0003812425468546015
176816,0.0006582148711618799
176817,0.0014886361533788986
176818,0.0008462871010782732
176819,0.0006235329536902776
176820,0.0008182620361454582
176821,0.0004462908622395696
176822,0.9979822991470061
176823,0.0006843549960651363
176824,0.014501071088157284
176825,0.9940748594060613
176826,0.0014310493904013783
176827,0.001063340038983904
176828,0.002599830191310273
176829,0.001476161510278567
176830,0.0005131943195324002
176831,0.0010203276140798379
176832,0.002238309197375124
176833,0.002574467443014644
176834,0.001862452727310971
176835,0.005795457977595634
176836,0.007395052593176165
176837,0.00920052906806015
176838,0.0007484709348677919
176839,0.005393660674716793
176840,0.06315656923016497
176841,0.0007121495503188649
176842,0.0007331458183402772
176843,0.00048137983765028446
176844,0.0005789056715672558
176845,0.006333541549892538
176846,0.0014141983677376593
176847,0.062225121680491685
176848,0.0005018634592570863
176849,0.003258550827934828
176850,0.0007201080019222385
176851,0.001484598994137476
176852,0.05084082578361159
176853,0.0005292157857536155
176854,0.0006032617322756186
176855,0.0006403338496927524
176856,0.0014747169848971329
176857,0.0004808699067682739
176858,0.01563799476058387
176859,0.0020583461710072188
176860,0.038278628842085015
176861,0.0019699996416405116
176862,0.0008357573898197658
176863,0.0006193178512501421
176864,0.001211654366526916
176865,0.00048389856152249015
176866,0.0006765560404292887
176867,0.0006646888878048838
176868,0.0009436570989650067
176869,0.0008729868343075281
176870,0.0015521820179816225
176871,0.0007211364219311435
176872,0.0009057703438262457
176873,0.0005923200193200568
176874,0.0004606308611958302
176875,0.0021911533900547554
176876,0.0007526465395039798
176877,0.0014600217385926173
176878,0.0021980775424228225
176879,0.00044704219867725177
176880,0.010452706544918672
176881,0.001059013391148108
176882,0.013618409066124128
176883,0.0005423625179050072
176884,0.004759030203207526
176885,0.0004710206702862054
176886,0.003894438642773433
176887,0.011435687453183383
176888,0.0020042424273379452
176889,0.0028701073944074214
176890,0.0006989429663585981
176891,0.0025991055289141677
176892,0.003411008719358144
176893,0.00041660312778719487
176894,0.0008071732970069348
176895,0.00565048148293156
176896,0.0012407977548547073
176897,0.000893490823618837
176898,0.000887420956143475
176899,0.0006776996381765981
176900,0.0022745039109542315
176901,0.0007460593597617598
176902,0.0013259724391251387
176903,0.0005829384747845571
176904,0.0008992144515697132
176905,0.0005207227401408975
176906,0.0007552866034837587
176907,0.0011606813764857807
176908,0.0005531781591319883
176909,0.001945058972725947
176910,0.0014810850777230685
176911,0.0013582993936011483
176912,0.0014504669425883577
176913,0.0011568819141116397
176914,0.005909358277888863
176915,0.0006573704009278406
176916,0.0010762598063187474
176917,0.0007215732173741304
176918,0.0014831355589610025
176919,0.0005259331449431784
176920,0.0004409460278886698
176921,0.0017421317945365538
176922,0.004036719085909912
176923,0.003781842013744298
176924,0.0008816429263746607
176925,0.0005833004426829231
176926,0.0009982219551908104
176927,0.000840859487845019
176928,0.0014520723723665232
176929,0.0006286577310913975
176930,0.0005008838803043136
176931,0.0021349942305498044
176932,0.0005638258930496862
176933,0.00361514776763695
176934,0.0005353020884388625
176935,0.006614606960754726
176936,0.0068954325375965705
176937,0.0011560068718639463
176938,0.0006030488568258872
176939,0.03076728026018704
176940,0.005219976778876453
176941,0.0006134612275622519
176942,0.0006459166324197746
176943,0.0012233631231675427
176944,0.005217014840360929
176945,0.0006936074900183121
176946,0.00037775663583293343
176947,0.0006549822801101512
176948,0.011187275881499039
176949,0.00046178594923289783
176950,0.0011181283671449769
176951,0.0017740591678390874
176952,0.00041020996680889724
176953,0.0004720758852295522
176954,0.0005521420689004388
176955,0.0007120493058184981
176956,0.0011185204883675
176957,0.0007257915573681831
176958,0.0006041786354686645
176959,0.0024300508181890703
176960,0.1606139238606271
176961,0.0013852843225834006
176962,0.000883606181909084
176963,0.0021439275386495567
176964,0.0006428329424588864
176965,0.0005256695680193822
176966,0.0011366573587318768
176967,0.000789802702953205
176968,0.00044162005455527966
176969,0.000672430355205369
176970,0.0019389134310526376
176971,0.0006251925081464968
176972,0.00507461365975634
176973,0.022917811303403507
176974,0.0007224114476958436
176975,0.0008594083951374065
176976,0.0010486468005535656
176977,0.007970892218956015
176978,0.000504447518037306
176979,0.013221735425861945
176980,0.0006060987055774051
176981,0.003064804982302269
176982,0.0018219833488793465
176983,0.0014105383043345543
176984,0.0008542276813279328
176985,0.00044274923411031196
176986,0.0021943758899385457
176987,0.0005838286855444649
176988,0.0007366344074949912
176989,0.0010118402212819298
176990,0.001588704246705514
176991,0.0023089968580386573
176992,0.0005036232911836257
176993,0.001513983572604157
176994,0.0013781323803955694
176995,0.002021189365929918
176996,0.0018642943324361431
176997,0.0006124242220925145
176998,0.0005496649513063417
176999,0.0004060841031129033
177000,0.002268862043988168
177001,0.0018788842168849422
177002,0.0007220720352769411
177003,0.0005295430037468921
177004,0.0022676699307411655
177005,0.0004719039286035537
177006,0.0028425795657220708
177007,0.0011353717202867031
177008,0.0004766106471143622
177009,0.001600179227787915
177010,0.0007427151458722654
177011,0.004186301451876269
177012,0.0004955764792560388
177013,0.00040921694368199524
177014,0.006344213862889756
177015,0.0006302364579335244
177016,0.0014886090323454988
177017,0.9964948880590991
177018,0.0016479737014532241
177019,0.001851146965964114
177020,0.005863767861612801
177021,0.000592789000111093
177022,0.0011487938385159253
177023,0.0012118378688446333
177024,0.0006506743097599273
177025,0.0007594596156781164
177026,0.0029441608691941094
177027,0.0016343933714871777
177028,0.0024177973780100796
177029,0.0010984187218598756
177030,0.0008819016761605412
177031,0.002790870376453307
177032,0.0030185811052083635
177033,0.003946896185733739
177034,0.001465764793694563
177035,0.009322626037267485
177036,0.0017237785693774545
177037,0.0007320524831089094
177038,0.001116525431917953
177039,0.004094882086811718
177040,0.005133848911521577
177041,0.002220183288017713
177042,0.0006103489127957455
177043,0.0035071794046460433
177044,0.08088282596474738
177045,0.00093884072305698
177046,0.0017068117391160743
177047,0.004661723835284553
177048,0.002162261213213671
177049,0.0004356858557067194
177050,0.00132160960370662
177051,0.00034619713773495345
177052,0.0006135167037413963
177053,0.001802424550186686
177054,0.0008663647288579194
177055,0.009973383583262035
177056,0.000810365830479317
177057,0.010525628555246962
177058,0.001922921509519031
177059,0.0006717998851537623
177060,0.0005261473333139253
177061,0.0007159621331374656
177062,0.0004175338613510719
177063,0.00839105682826759
177064,0.002678245701715358
177065,0.0011149203257368213
177066,0.0004557927186465005
177067,0.0012244471829530685
177068,0.005974908995518656
177069,0.014778673622163448
177070,0.001550500167315642
177071,0.0028494837699566174
177072,0.0006846276013856677
177073,0.0005019313106395798
177074,0.002372755521018755
177075,0.000556782351134577
177076,0.004262691920238549
177077,0.0018873072255997593
177078,0.002001205481081244
177079,0.019704170755667175
177080,0.006386358883649136
177081,0.0024502970580698186
177082,0.0006232060642018934
177083,0.0007941301926435572
177084,0.0034271597573925124
177085,0.0007710522688039591
177086,0.0006076623428380667
177087,0.00057788857546333
177088,0.001015215124904038
177089,0.0009323119384529628
177090,0.012507587362602983
177091,0.0009590134557037118
177092,0.0014605119472833803
177093,0.004964333145945294
177094,0.019213442813027212
177095,0.056924402651543644
177096,0.001321182533283493
177097,0.042812575826173135
177098,0.0010400310714049027
177099,0.002036186509016747
177100,0.002159677058197557
177101,0.0006319777639815418
177102,0.0017082549633211626
177103,0.00405138301271581
177104,0.0012569441062011805
177105,0.004530476286863741
177106,0.0005368434374148669
177107,0.000752225882077155
177108,0.0006608810222204834
177109,0.002052607506991971
177110,0.021930777226424364
177111,0.0030719389815575997
177112,0.000629873226316814
177113,0.0006669061486358758
177114,0.0009397949065593166
177115,0.008873474472088732
177116,0.0023318903898813695
177117,0.0015856019440560337
177118,0.0008065864897797569
177119,0.9952424646879664
177120,0.0011475602025456358
177121,0.001532447613808356
177122,0.0005839113249944049
177123,0.002941537914453586
177124,0.001478466817905685
177125,0.001955197772756454
177126,0.0008921825494788175
177127,0.002043032886117755
177128,0.000756728315291547
177129,0.002109959572601941
177130,0.0005505524663865556
177131,0.00077672853595484
177132,0.0013521520183238122
177133,0.0006358243897067069
177134,0.0016766157226087738
177135,0.009846308621758719
177136,0.0016073598656216265
177137,0.0004619247703699025
177138,0.990717208389583
177139,0.0025251541528171235
177140,0.010033628061460336
177141,0.0033485557391777494
177142,0.0005874959706641186
177143,0.005874965965577768
177144,0.0038613889819357804
177145,0.5280417952113003
177146,0.0007696993938689076
177147,0.003733874047257338
177148,0.000616400104515327
177149,0.0007186198681933119
177150,0.004126527229396053
177151,0.0012764330737011181
177152,0.00046573076741796097
177153,0.0023653508540666538
177154,0.0004215833243469539
177155,0.001051539928769335
177156,0.005249330972209471
177157,0.000759598940196056
177158,0.004061367337975651
177159,0.0006664027429598561
177160,0.000863401284446385
177161,0.0007167027313855081
177162,0.005981529861664177
177163,0.0006149014308591508
177164,0.0030583967331688387
177165,0.0008344705619292951
177166,0.0007230636815134053
177167,0.9977040193326487
177168,0.0007611524117938934
177169,0.001336715427818346
177170,0.0009514701807089725
177171,0.0026455009364592967
177172,0.0009908063259479447
177173,0.0006537920356164796
177174,0.0016073560789516823
177175,0.0009743795850416183
177176,0.983673117268951
177177,0.0019580515233449175
177178,0.0025636063355714217
177179,0.0009522275982399367
177180,0.0007450521653033838
177181,0.000735509582694531
177182,0.000562111957778657
177183,0.0005711671708500304
177184,0.005525235689669455
177185,0.04331689058914022
177186,0.0013234971091620274
177187,0.0027505339292907176
177188,0.0011760813153718658
177189,0.0017290852710168305
177190,0.0007394411910365615
177191,0.002643058107867903
177192,0.0010520207577569233
177193,0.0015222804564191316
177194,0.000538701284308806
177195,0.0023138156440416996
177196,0.0006633399427853769
177197,0.0009352949211811477
177198,0.0009414739151183303
177199,0.000612436100920767
177200,0.0014143749648797361
177201,0.0012576140212607434
177202,0.0024485804541995813
177203,0.0007034871562679129
177204,0.0011192290555576522
177205,0.0005854848016134542
177206,0.0008914791337023288
177207,0.001354633678400182
177208,0.0010353943489982203
177209,0.9856605275870588
177210,0.005257647144394974
177211,0.0021790045988420432
177212,0.023931092572277032
177213,0.0006986566959065242
177214,0.0005005248277263129
177215,0.0006551172887243615
177216,0.0016957371790009704
177217,0.0004026931512930738
177218,0.0007456811733561614
177219,0.012959034729449707
177220,0.0006070473409137945
177221,0.004707615525579651
177222,0.001080682522334616
177223,0.0005986699362714495
177224,0.0014066699645671028
177225,0.0007061035265881709
177226,0.002139066979429906
177227,0.20712633130412386
177228,0.01031168162189987
177229,0.017226514330105833
177230,0.0071626145994901965
177231,0.02148118462092248
177232,0.0038669622918337167
177233,0.0017768705477823985
177234,0.0015654945738782235
177235,0.0005478754105331076
177236,0.0012999996070705054
177237,0.0007452065577084775
177238,0.0007221947280811897
177239,0.0005695734800475982
177240,0.0009344737311166659
177241,0.0005474837699237964
177242,0.0013044472571130715
177243,0.0014629960161218537
177244,0.0011263515396867712
177245,0.0010326598491540915
177246,0.0006250689791017091
177247,0.0021408362251388673
177248,0.0007188403896101267
177249,0.0005646623307364707
177250,0.2004241885347549
177251,0.0007314805166349881
177252,0.0010920870332142207
177253,0.00052751667767337
177254,0.002102086005154884
177255,0.0023679190611491604
177256,0.06025830900563509
177257,0.0007246599672441905
177258,0.00040946698649798593
177259,0.0006338758044949426
177260,0.0033445046500778235
177261,0.11565515069684082
177262,0.0006055059376804823
177263,0.0012762211304489814
177264,0.0008886510308526896
177265,0.0005457835044836489
177266,0.0005493323930139824
177267,0.13260508143345245
177268,0.0014654517275166706
177269,0.00047088212398126747
177270,0.00403636401183088
177271,0.0014665436378727928
177272,0.0006288801509508635
177273,0.0005856293749328243
177274,0.0006995653670519786
177275,0.0006374856994577522
177276,0.0007103610903451399
177277,0.001891745282730506
177278,0.001427629334489528
177279,0.007154800347646514
177280,0.0005302172022764602
177281,0.0027081002749161274
177282,0.0014909013219463164
177283,0.0010504068434943315
177284,0.0012209919912852855
177285,0.0009410171632331339
177286,0.0015096988982250504
177287,0.9990087066945086
177288,0.001127450764021962
177289,0.0006244647664276002
177290,0.005514229319245194
177291,0.0012395976115615393
177292,0.0007823519260968643
177293,0.0008421749379770092
177294,0.00122792977085891
177295,0.000620344135782816
177296,0.0010325760837081098
177297,0.0006391589313660044
177298,0.01180155890927616
177299,0.001150564079969536
177300,0.0005759058171805253
177301,0.002358994903640138
177302,0.004355439956988885
177303,0.0021431788578751016
177304,0.0006265286175040753
177305,0.0005405657133424623
177306,0.0006498877656226149
177307,0.00228953210948047
177308,0.0007538461204059242
177309,0.0063365303933373505
177310,0.0006464762958317742
177311,0.0004029887895501657
177312,0.0011949768399367212
177313,0.0007724003955823673
177314,0.0020196023657909953
177315,0.001137050549633232
177316,0.03750981285596856
177317,0.0004330656651258351
177318,0.004823136822560139
177319,0.0007999010120797458
177320,0.00044653566032786446
177321,0.009477799945105374
177322,0.021060747415115884
177323,0.0023066003801000406
177324,0.0005647216551774819
177325,0.0006580889702043433
177326,0.0007264995463348603
177327,0.0016062600238673176
177328,0.001266166226190929
177329,0.0005617861900339714
177330,0.0014884355444655525
177331,0.0005268618470628053
177332,0.0032046082104213326
177333,0.0014081011613931605
177334,0.00037329287423453953
177335,0.002404527616114892
177336,0.002072628353516613
177337,0.0015527838167919393
177338,0.005571767012269727
177339,0.0007950757128244222
177340,0.0011586448670960277
177341,0.003300676249050711
177342,0.0012444655747040514
177343,0.0008231040984828832
177344,0.002222488338714444
177345,0.0006914677038215738
177346,0.002640502986980831
177347,0.00044520804481414827
177348,0.0012656913906853246
177349,0.0012232848684856034
177350,0.05942759659803343
177351,0.03407588504923868
177352,0.004879955748639078
177353,0.0011006397480772907
177354,0.0007056498068154282
177355,0.0011121607207848524
177356,0.0016738888443725496
177357,0.009022263602216592
177358,0.002561163128556649
177359,0.0005432185278628824
177360,0.0006953429725489156
177361,0.00042104341157879954
177362,0.0011627394603200515
177363,0.0014205935782544202
177364,0.0016557980062174584
177365,0.0023847558599872825
177366,0.000610166804905788
177367,0.0006372165938863478
177368,0.013785650416642072
177369,0.0006055094397334944
177370,0.0008826586494893507
177371,0.004153902211183003
177372,0.9978052500794308
177373,0.002103997261870971
177374,0.0009995809622621056
177375,0.00377462410605112
177376,0.0015428490627041273
177377,0.002507185830921216
177378,0.05510642315459732
177379,0.001094838588334993
177380,0.0017169120393473632
177381,0.0006023379286653857
177382,0.0005742233305752502
177383,0.0005194749701599537
177384,0.0008403500537713072
177385,0.0017180342612316247
177386,0.003838242267168004
177387,0.0008234232686237183
177388,0.0007435949675920416
177389,0.0010154627816431538
177390,0.0009740847133536861
177391,0.0007504253982477553
177392,0.0025036720348918847
177393,0.005267040707524117
177394,0.002214312132554171
177395,0.005119500963274811
177396,0.0009641618875678472
177397,0.0005543854542506624
177398,0.0028452606702627573
177399,0.0007351394338147713
177400,0.0008923011469230772
177401,0.0006253989446632891
177402,0.008126528421156303
177403,0.0027281775797446495
177404,0.000962420063714341
177405,0.0005179559911614837
177406,0.0005493274898512068
177407,0.0006181819890299518
177408,0.0006185471389626461
177409,0.0009020467808868972
177410,0.0007600426627110432
177411,0.0011431748735390105
177412,0.0023544779295589023
177413,0.0004714322178745133
177414,0.013918522248304279
177415,0.0004636197802514182
177416,0.0019451488273146797
177417,0.011581824699892728
177418,0.0007905284115200364
177419,0.0006060265160269816
177420,0.00047182016640059206
177421,0.038739058198269255
177422,0.07017199255054143
177423,0.001932154680539688
177424,0.0004379580555561836
177425,0.0006321079800051616
177426,0.003379386262522574
177427,0.9961806616312191
177428,0.0035068335492947664
177429,0.002619164583570802
177430,0.003459437779305413
177431,0.001606886534553455
177432,0.19924875046613785
177433,0.0006199354342647739
177434,0.009761472265178386
177435,0.002016527416931501
177436,0.0006979197631292132
177437,0.0026230665378474804
177438,0.004127090693065691
177439,0.0009958207803707386
177440,0.009290858204015444
177441,0.0006261855029630743
177442,0.052532052715076105
177443,0.0016345115502768791
177444,0.0007117244196619156
177445,0.0024988045703191455
177446,0.0006342285032701817
177447,0.0006189541470386401
177448,0.0011413365984012107
177449,0.0005536394037527996
177450,0.0005171437419406778
177451,0.008805139354983886
177452,0.003241497140219593
177453,0.0430734420057737
177454,0.01208494509933058
177455,0.003285678044895486
177456,0.001785341495331657
177457,0.0005279360988538551
177458,0.0006236885198266057
177459,0.002195988027776232
177460,0.014547984488279195
177461,0.0034616670417027574
177462,0.0014076699175221124
177463,0.014448632493783933
177464,0.0007375279797173143
177465,0.0009118729783918376
177466,0.0012708203119412517
177467,0.0009525398962379585
177468,0.0008149282858251135
177469,0.0012182301032500945
177470,0.0010694353756305487
177471,0.0008241015996020703
177472,0.002269853341161319
177473,0.0005364284623224427
177474,0.00038699753085122575
177475,0.01975256485598869
177476,0.0007602984777760339
177477,0.001140067401383022
177478,0.0008135688541371244
177479,0.0014738031311678584
177480,0.0018877140374285407
177481,0.008055246425338823
177482,0.9988094405631429
177483,0.0030558950875460575
177484,0.003061218785901469
177485,0.0007400607279323512
177486,0.0010690047924808983
177487,0.0006899290038976712
177488,0.0019097884612201842
177489,0.000466033012195481
177490,0.00043603218465652216
177491,0.0036100311066219973
177492,0.0005647964119509917
177493,0.000641313574931558
177494,0.0014583178946506155
177495,0.0005845146277598725
177496,0.0005455190068102072
177497,0.0008318617132016901
177498,0.0007019224139835757
177499,0.004065820336605547
177500,0.00311706365280969
177501,0.005057290018784517
177502,0.001089337872624446
177503,0.0006929563690860274
177504,0.0008596085604992481
177505,0.0005969211950500371
177506,0.007019825393712709
177507,0.005316492343833357
177508,0.0004654500078148455
177509,0.0007383816290822209
177510,0.0010486468005535656
177511,0.0003638620597610554
177512,0.00042911066291089845
177513,0.014695686883508799
177514,0.0029474309435445303
177515,0.0006206444613919137
177516,0.0016701498719059247
177517,0.0018864519852592515
177518,0.6439405799440138
177519,0.0009440829850694626
177520,0.0006126239588306542
177521,0.0005517535189249348
177522,0.0007720403022337421
177523,0.004758152302063468
177524,0.0029393962546246447
177525,0.0007058478968116742
177526,0.0007402252371269192
177527,0.004111328552754528
177528,0.0005767228740290698
177529,0.003192150670552304
177530,0.003667625828129705
177531,0.0007943912561791948
177532,0.003802449507725225
177533,0.0005421203582095051
177534,0.9961467629371703
177535,0.001258549825591151
177536,0.0009710147272744802
177537,0.000507896331618481
177538,0.0005147334966433656
177539,0.0024526537943663647
177540,0.0014829056607515252
177541,0.0028602251527241373
177542,0.000936701594597436
177543,0.0007015521290618496
177544,0.0021429816308940882
177545,0.0005424519740910253
177546,0.000850788640056614
177547,0.000859318036848482
177548,0.9737482434590402
177549,0.0015474552244897056
177550,0.0006072958563456893
177551,0.011207488710272094
177552,0.017847596201548546
177553,0.0006125768661117793
177554,0.001989573438628568
177555,0.00186372890058444
177556,0.0026181268992951858
177557,0.0010721626824259226
177558,0.003962984761918642
177559,0.0006628131019898553
177560,0.0006587432243161637
177561,0.0018940040221168803
177562,0.0011917764116997807
177563,0.0017951168654637454
177564,0.0015274432822379774
177565,0.0018186924420018412
177566,0.0007766673429101256
177567,0.001432694026873042
177568,0.002485759617427142
177569,0.001814276877854984
177570,0.00043101866439881366
177571,0.0008533967496160001
177572,0.002342730836607558
177573,0.00132553982326388
177574,0.010361666332273756
177575,0.0009169134749001399
177576,0.000712544098152285
177577,0.0006101866336282071
177578,0.0030023768374963563
177579,0.001607735341194559
177580,0.0007415717806743374
177581,0.0008262251391769664
177582,0.0005044333402737642
177583,0.0027277729621221843
177584,0.001461738788862037
177585,0.0007582529434887659
177586,0.0010170002719231861
177587,0.0006727675451701559
177588,0.995092913455149
177589,0.0006248897564470748
177590,0.0009954956181330416
177591,0.0455815847934016
177592,0.00056358634221339
177593,0.000614544258106077
177594,0.0010656557847671857
177595,0.0012975283210873941
177596,0.0006375215958747205
177597,0.0018804232716368755
177598,0.014652441297624408
177599,0.008133711627239146
177600,0.0006201294808804857
177601,0.0007797436018875438
177602,0.001689478053599539
177603,0.0006406493710526353
177604,0.002988542564484087
177605,0.9605502401412592
177606,0.000957432471251651
177607,0.005934315449530559
177608,0.0007162633275844999
177609,0.001255626626111042
177610,0.0024267765945352997
177611,0.0006739959409743017
177612,0.00044042925596555517
177613,0.025789384093797992
177614,0.0014078492664883224
177615,0.0008251138612509184
177616,0.000602303653113364
177617,0.0014049552720414903
177618,0.0015942281041999551
177619,0.0008626901066315631
177620,0.0008709074801061313
177621,0.0029544194543214336
177622,0.0013803159674477216
177623,0.0007659658081759127
177624,0.0007102942276588835
177625,0.0016513132410246377
177626,0.007840398427665336
177627,0.0008826310682465118
177628,0.0021695718537685788
177629,0.009303283838134812
177630,0.02154459611750261
177631,0.0006152032156177858
177632,0.0005423999766181889
177633,0.0005858990359531052
177634,0.000531829412069802
177635,0.0007414372140123929
177636,0.002400977978959858
177637,0.0006540360137300141
177638,0.003071537544003553
177639,0.0011143478162387492
177640,0.20167958521383367
177641,0.0010349080754470375
177642,0.0007823997715174116
177643,0.0005966901556248455
177644,0.0010027260123459955
177645,0.0009921199311683344
177646,0.0006945865835307172
177647,0.0025165931644263962
177648,0.00038069447411797545
177649,0.0006576349646773956
177650,0.0008634828370037292
177651,0.014675228491833702
177652,0.011267048431987954
177653,0.0021418897065525145
177654,0.001208958306480074
177655,0.002569799206197626
177656,0.0013110525334641175
177657,0.001404376655598591
177658,0.0005662805769151679
177659,0.0006996071905081202
177660,0.0005028193093335396
177661,0.9940396826430105
177662,0.0009489715967937122
177663,0.000646579008052989
177664,0.00044831076973002277
177665,0.0007259601159874171
177666,0.0022399483718227487
177667,0.0005236845483823278
177668,0.0007299728172965656
177669,0.001934695244046129
177670,0.0006645345411221481
177671,0.000972740559702618
177672,0.0004467811091234732
177673,0.0004573870257821573
177674,0.0006196295934848609
177675,0.000649238077895958
177676,0.0006695590531972985
177677,0.0005473588363984891
177678,0.0006707781509978931
177679,0.0004628668233382599
177680,0.0013476223382223674
177681,0.002706600155711643
177682,0.001700049855818829
177683,0.0013337787197219846
177684,0.00046807423992127227
177685,0.0006440901063916981
177686,0.0006812286311257464
177687,0.0005793775330417283
177688,0.0008009364536631137
177689,0.0013009948863139601
177690,0.027423057434751506
177691,0.0007546773358758425
177692,0.0008060171922510519
177693,0.0005000167705102435
177694,0.012369710514547081
177695,0.06426705948267647
177696,0.0009803214358715655
177697,0.009157007346600275
177698,0.0014101536735362788
177699,0.001249662523955135
177700,0.011918353480128492
177701,0.001625578650657771
177702,0.014089239206889159
177703,0.0004899973288726037
177704,0.0009726175498919289
177705,0.0012055341478073478
177706,0.013148449500546909
177707,0.004513322598743142
177708,0.0011245209694093969
177709,0.0005026398556302197
177710,0.0004293139218939669
177711,0.004395058671146918
177712,0.0009259619163142167
177713,0.009822289069589351
177714,0.0007267550146186502
177715,0.0003940810969197056
177716,0.000850308300270773
177717,0.0008658780575421376
177718,0.006824722236573983
177719,0.0009811282861230518
177720,0.0009978000155104574
177721,0.003958417182701246
177722,0.0015940829128476349
177723,0.0006497487027585754
177724,0.0015660306215236279
177725,0.001226021868319643
177726,0.001066713050241894
177727,0.0005696335819120038
177728,0.0006684144935737125
177729,0.0006467285594103441
177730,0.0004848158057583317
177731,0.0057512413612946026
177732,0.0006990965296916967
177733,0.022637911406069643
177734,0.0009082729532386202
177735,0.001195921781685169
177736,0.0022732859167941205
177737,0.1278985069198387
177738,0.0008501863911238665
177739,0.0014223679429200811
177740,0.0006600169606361811
177741,0.002816645960142511
177742,0.012073565861451536
177743,0.0009290794621008137
177744,0.0005768120508035984
177745,0.0008673837329595815
177746,0.00038449331888979
177747,0.0006005707735542407
177748,0.0006413713565666632
177749,0.0010120013799137686
177750,0.000510353563155105
177751,0.011840116039151664
177752,0.0021030570555277744
177753,0.004737665565906931
177754,0.0010209111559726868
177755,0.003530074883346637
177756,0.0006939278826257817
177757,0.0005924515209590013
177758,0.0014712216144821327
177759,0.0009159969759298478
177760,0.0008628893106737503
177761,0.0027334357701351035
177762,0.0008976023761812131
177763,0.007578690224114199
177764,0.05622171560399298
177765,0.0014742247659021584
177766,0.0009089561464915919
177767,0.0017025249837934982
177768,0.0009287082855359056
177769,0.0015028825720826222
177770,0.0007252003362000595
177771,0.0018531520745544336
177772,0.0006235432392203416
177773,0.0018500972173176107
177774,0.0005045529755106866
177775,0.004638234186772142
177776,0.0007127888942017942
177777,0.0015757042615322614
177778,0.00085295210260926
177779,0.9973236893752527
177780,0.0005476054316397738
177781,0.0008235533313263866
177782,0.007680022911280808
177783,0.029296618073594436
177784,0.0008811006659932081
177785,0.0005456200209544282
177786,0.050295991816521564
177787,0.0009377772015568617
177788,0.0006998503459199315
177789,0.010801574277405556
177790,0.0009058916886953592
177791,0.00234269532763423
177792,0.0007204141870054303
177793,0.0074867855648236715
177794,0.00338050486891493
177795,0.000819674026372377
177796,0.0009789146168270825
177797,0.0006066896556044721
177798,0.004341467684007271
177799,0.00886055359621439
177800,0.007682939985495766
177801,0.0016059773253935031
177802,0.00039764783229880713
177803,0.003286631107946641
177804,0.004577618795207492
177805,0.05312818156194546
177806,0.000850725839292742
177807,0.0009266422706179283
177808,0.0009624916784033774
177809,0.005417091451007879
177810,0.0008646841670614803
177811,0.015296733628285871
177812,0.023823083078516168
177813,0.00705610968521636
177814,0.00066121956815725
177815,0.0006771021627639931
177816,0.0004747845254320586
177817,0.0011289862386889165
177818,0.0005545383785956373
177819,0.0008577943196932095
177820,0.00099863500721426
177821,0.0006468586868686253
177822,0.005260708165196618
177823,0.0013852743455383704
177824,0.0010514263173753149
177825,0.0008645182256662491
177826,0.001846921674998684
177827,0.0006527171725144843
177828,0.0007735539500769266
177829,0.0009476964379538421
177830,0.0006489469887249618
177831,0.006488550717536531
177832,0.000515045985569333
177833,0.9888060399837952
177834,0.0005708021921352024
177835,0.0006595648387970821
177836,0.003586392427596146
177837,0.0010763488221245958
177838,0.0009529549481931006
177839,0.0004474369279454276
177840,0.0010117571947476098
177841,0.001771317303254905
177842,0.0010183555581343116
177843,0.0008888135657923702
177844,0.000748259539671835
177845,0.0013180079592896268
177846,0.0014218023490639405
177847,0.004624469772395123
177848,0.0017764955242350602
177849,0.003320241787918676
177850,0.0008169883185987956
177851,0.0012969755415771465
177852,0.008663428650859567
177853,0.0007788830504819565
177854,0.0015831371879663511
177855,0.002226179547844528
177856,0.000497423978219553
177857,0.0007710308747653071
177858,0.0012047325504618354
177859,0.0014296436118057974
177860,0.009751901925187156
177861,0.0008763956291391048
177862,0.0012471131208673793
177863,0.0006151976481939527
177864,0.0010506817023061537
177865,0.0013189347298082485
177866,0.00343089377447751
177867,0.004717484479248536
177868,0.0009048140418557852
177869,0.0009744138158575418
177870,0.0005146617790715649
177871,0.0015116905048915088
177872,0.0011595556338419774
177873,0.002312190670122437
177874,0.0015490783115471713
177875,0.0008231871646030989
177876,0.003392140212140323
177877,0.001437230502950831
177878,0.0005526308346896306
177879,0.0006319410642167809
177880,0.0009579716502255963
177881,0.0008214913192105274
177882,0.001133971435480803
177883,0.0008961735308207408
177884,0.007802753725149141
177885,0.0010048164143959372
177886,0.0008455364126362958
177887,0.0006590675137444572
177888,0.003529744714246268
177889,0.016752815563865913
177890,0.001634318901416004
177891,0.0005163497500647207
177892,0.0008409271985576644
177893,0.0011392016735824592
177894,0.0009803651263427318
177895,0.006169415340456415
177896,0.0014599603279854664
177897,0.0008099100806726743
177898,0.004952086965750844
177899,0.0004794363525339679
177900,0.0005709854466942744
177901,0.009843575673395697
177902,0.0034329845152211063
177903,0.0018294942990466105
177904,0.0017130002812243458
177905,0.006449792074102198
177906,0.0007358010311034348
177907,0.009129767762852362
177908,0.012232530392608503
177909,0.001046005227371299
177910,0.000474360495050889
177911,0.0016364268436345059
177912,0.0008342020593762066
177913,0.0008097586885525072
177914,0.007186867235420162
177915,0.0004459716902260697
177916,0.0014141559048876033
177917,0.0004675494503626623
177918,0.0007528219790193837
177919,0.0005917506029416548
177920,0.0007373508809399808
177921,0.00046525700051035305
177922,0.005940613420465092
177923,0.0015481922117708319
177924,0.00058370786256458
177925,0.0014802253592114778
177926,0.0003465916133721956
177927,0.0009034114533406049
177928,0.0006661580832277778
177929,0.0008454500168405925
177930,0.001668221912667754
177931,0.0014042884668282111
177932,0.00043072112249046516
177933,0.010020926595636814
177934,0.0022793587358635632
177935,0.0005699013615222817
177936,0.003955024583268374
177937,0.0031436549197927923
177938,0.001269242621072616
177939,0.0026905054217072647
177940,0.0015135869324500414
177941,0.0007241071073871845
177942,0.000477560878851977
177943,0.9963397417706082
177944,0.0007346792706275829
177945,0.010109299855336082
177946,0.0016369742093347316
177947,0.0032480481083793163
177948,0.0004942974780998712
177949,0.005952696635689784
177950,0.0008644810097984018
177951,0.0005236764786744877
177952,0.0006944547917201126
177953,0.007618250045841571
177954,0.0005319320502823635
177955,0.0008280250406321846
177956,0.002117497072182703
177957,0.02851348132859584
177958,0.0023585128978458863
177959,0.0014163249316565998
177960,0.0024986013678641814
177961,0.0018525963308031594
177962,0.0038702270658787967
177963,0.0005594611876974585
177964,0.0005591308236926778
177965,0.005717773389653992
177966,0.0008315167532693224
177967,0.0017798970157661444
177968,0.0017189050712136588
177969,0.0020188343421206735
177970,0.0025641051487005706
177971,0.0008806568395918369
177972,0.0016929234643391785
177973,0.0018029960489896104
177974,0.0005650670411824308
177975,0.0028974595160783908
177976,0.0006768910141669812
177977,0.0007006588942747032
177978,0.00217191453034032
177979,0.0008399125852485841
177980,0.02984328791933897
177981,0.0030825188956247972
177982,0.01888036061239983
177983,0.009262483227323254
177984,0.00047932995513605767
177985,0.0006268630976370045
177986,0.0018562863616272416
177987,0.0007530323663458461
177988,0.0011594953015626069
177989,0.0009752835949490514
177990,0.0052988471653471324
177991,0.0003460972644394029
177992,0.012266742626348442
177993,0.001242582214548444
177994,0.0008547149446352888
177995,0.0007990465310815438
177996,0.0005315024085078686
177997,0.0008193288643642558
177998,0.0024999885188767214
177999,0.0006209254793455352
178000,0.008457584604231974
178001,0.0007668615390143068
178002,0.0007546770926055314
178003,0.0006856992948853198
178004,0.0007101010830879895
178005,0.0008074920132007384
178006,0.00043767061103711156
178007,0.0013806284116587588
178008,0.0026142080686511887
178009,0.0005353309082610716
178010,0.000958037514604802
178011,0.001063648361874257
178012,0.001074034882154962
178013,0.0005753972076538926
178014,0.0020646150445511186
178015,0.0016008282299066188
178016,0.0008962691097400816
178017,0.00048556459743539165
178018,0.032729920443736446
178019,0.0005935944449323007
178020,0.035907871745038504
178021,0.0009673915125004639
178022,0.0016815380648687412
178023,0.0019350483223282548
178024,0.0010449585453392212
178025,0.001251771103763672
178026,0.0010341172888263305
178027,0.0008421686036977435
178028,0.01082445394539051
178029,0.0004797148569450358
178030,0.000998751268559183
178031,0.0018450865536990988
178032,0.007543983115210194
178033,0.003529423552196505
178034,0.0007123914687147372
178035,0.001316729274129237
178036,0.0024321271185023755
178037,0.0004742113120342392
178038,0.0014356697161610297
178039,0.00085231088055884
178040,0.0008061420715844273
178041,0.001939840025769845
178042,0.0012049940582340745
178043,0.0005741860249617734
178044,0.0019368388784673483
178045,0.002672013735989013
178046,0.0005608814727667021
178047,0.0008607260211543875
178048,0.0029179146475669495
178049,0.0007562638144499052
178050,0.0007962325987440768
178051,0.0012738640118527182
178052,0.0034850679171542697
178053,0.0006407343369530072
178054,0.002300784398071848
178055,0.0005747751472243994
178056,0.001139262724045858
178057,0.0014929777565968042
178058,0.0017217475334251357
178059,0.0007457927648326919
178060,0.0007759618153315535
178061,0.0007435314968952794
178062,0.0006343903786558934
178063,0.00032136291192171333
178064,0.004336189928818087
178065,0.0012583204727973632
178066,0.007612171259112895
178067,0.004027618980861188
178068,0.0018436179879151942
178069,0.0007023625129113492
178070,0.00116267421107725
178071,0.0005113379324828433
178072,0.0008802030738488411
178073,0.0010058658770290196
178074,0.0004669979001373417
178075,0.0052909075235937925
178076,0.0008813823825997108
178077,0.004263936028820298
178078,0.0016889154988803565
178079,0.0007801375076135367
178080,0.05912374642977952
178081,0.0025448224693924346
178082,0.08335702367651052
178083,0.00043583547476481495
178084,0.0016057860972133807
178085,0.000597712911087722
178086,0.0007148094837737615
178087,0.0005965595275073762
178088,0.004858461614281544
178089,0.0018416270764770423
178090,0.03331056104666739
178091,0.001612236333919066
178092,0.0006145756575975762
178093,0.0005177476517079701
178094,0.0006699131646034367
178095,0.01260448380170141
178096,0.0016790850627421343
178097,0.0006654560169166105
178098,0.001148745576009352
178099,0.001271043043352348
178100,0.0006738010060721411
178101,0.0011918846381828365
178102,0.00415955250594117
178103,0.0006942906833319518
178104,0.0006564934252088595
178105,0.000912317740064599
178106,0.0020662541403557192
178107,0.0006743977461532799
178108,0.09336115616600801
178109,0.0010590251830106655
178110,0.0007138327319314378
178111,0.002052022232831358
178112,0.0037700570735393203
178113,0.0004978753897639758
178114,0.0005640397394167996
178115,0.000462198484201818
178116,0.019807106997854113
178117,0.0010854600833162897
178118,0.0017474850779071577
178119,0.0005768265795996617
178120,0.0004633273921340684
178121,0.0014328753779070064
178122,0.0017133478796611604
178123,0.0037145523061283586
178124,0.0004761894635882345
178125,0.0004754550835283444
178126,0.0005426891304348456
178127,0.0006534410333124425
178128,0.0007554554630408853
178129,0.0003890788187806504
178130,0.0007584130745919759
178131,0.0007647950118147158
178132,0.0016348691061849122
178133,0.0006562547284643454
178134,0.0005805504282879402
178135,0.0012310377589249612
178136,0.0007540462515790367
178137,0.0010201030022563712
178138,0.0032830195528081967
178139,0.0005975653115708155
178140,0.0005637757218884009
178141,0.0004405781903719958
178142,0.0010510838401090914
178143,0.0027349545718266424
178144,0.0007756621977352799
178145,0.006815468194386357
178146,0.002303677797796449
178147,0.0018038307558014873
178148,0.0014036004988291833
178149,0.00918217822509916
178150,0.0012480696083448587
178151,0.0008149380287308803
178152,0.0005299110853307923
178153,0.002052968338629849
178154,0.003536444134187287
178155,0.00043820960324892705
178156,0.0006838506720517581
178157,0.0018525974305618703
178158,0.0010233104749176928
178159,0.0008698518543461178
178160,0.023303222162251697
178161,0.0005573539214228529
178162,0.0007374126350921266
178163,0.0011519460083797915
178164,0.006720790357725463
178165,0.0005320021398157267
178166,0.000588524663298538
178167,0.0012975663129726838
178168,0.0011731155897741628
178169,0.0011306902184863776
178170,0.008964121144180045
178171,0.0018708909045258644
178172,0.001530911025339946
178173,0.003991840857868263
178174,0.000382881147329045
178175,0.0007480328256518143
178176,0.0013683633048500068
178177,0.0006723489209154129
178178,0.000571452318498277
178179,0.0020618828111859337
178180,0.0033893522921427085
178181,0.0004709652573544635
178182,0.000674469360224242
178183,0.0006765499942954482
178184,0.0014447324926076086
178185,0.01991395076323818
178186,0.0007052649622235928
178187,0.01038659656435611
178188,0.0005775535253780761
178189,0.0017492261257846002
178190,0.0005548968523771932
178191,0.0020634342812779305
178192,0.0005345466238996562
178193,0.008436470995682862
178194,0.0031681562433039483
178195,0.0014976043711900902
178196,0.0003749040654123432
178197,0.0016020179253865476
178198,0.0006274899524044011
178199,0.000752164511535011
178200,0.0006724758173375098
178201,0.002741972807444755
178202,0.0007165029031989395
178203,0.0017629695552410255
178204,0.0007813807773316544
178205,0.0017414588335646524
178206,0.000944910110282875
178207,0.00448947764764452
178208,0.0010343480916896078
178209,0.0007267578443715546
178210,0.0005872050955449857
178211,0.0008002858633898897
178212,0.001645676715936988
178213,0.007589266690694483
178214,0.0008479752223411302
178215,0.0018970659537004306
178216,0.001994436066306829
178217,0.0021387899346360447
178218,0.002709154725798507
178219,0.0008346523233108158
178220,0.0007599856104649133
178221,0.0008167304579043274
178222,0.0004970524108160392
178223,0.004822291887890217
178224,0.008495877489571192
178225,0.0019019834776378888
178226,0.013148433908430398
178227,0.0007287353011363087
178228,0.0008962015545177615
178229,0.001850711858512823
178230,0.0008860473175215577
178231,0.0005969701019184763
178232,0.0008244484888032595
178233,0.0006352810403467275
178234,0.0028850933983505874
178235,0.009434887490137284
178236,0.00039879257778130026
178237,0.005856925820435893
178238,0.02747521984983973
178239,0.000539128729421765
178240,0.0009918009018697878
178241,0.0011148724760458978
178242,0.00066744730207198
178243,0.9961522179940809
178244,0.001997090089423408
178245,0.6634548016407172
178246,0.0007610688834131932
178247,0.01363904641919025
178248,0.0006805841992587951
178249,0.0016005125070605662
178250,0.0007178163590086007
178251,0.003461521215673025
178252,0.0016022478560176788
178253,0.0019894989729928674
178254,0.0007343871835534565
178255,0.002000914564330333
178256,0.000581039036231075
178257,0.0004805939173079881
178258,0.002126437727749824
178259,0.0005626159254932207
178260,0.000908254777037972
178261,0.00122589891256181
178262,0.0006144419062441902
178263,0.0006122290399972955
178264,0.0009735512652808497
178265,0.0011265882795726484
178266,0.000569897535194924
178267,0.0014973629847387054
178268,0.018741661588199027
178269,0.0009153545540897404
178270,0.9635768317257547
178271,0.001668732283911302
178272,0.0008480524878845032
178273,0.0035346607876761624
178274,0.0009113230930846015
178275,0.0006220579958717424
178276,0.0006573159241248574
178277,0.0005114037580242168
178278,0.009514944241590025
178279,0.004490200032914572
178280,0.0008111191002742251
178281,0.0006527738222987406
178282,0.004627069132957913
178283,0.009191409894155922
178284,0.0006262380537987552
178285,0.00410743733081229
178286,0.0006786836301358723
178287,0.0024800393063214047
178288,0.00353259231902672
178289,0.0011318872868802453
178290,0.00076148195295734
178291,0.0013577020513078448
178292,0.00048047121228496397
178293,0.014062809304974458
178294,0.0006092274687654966
178295,0.0007882688988346735
178296,0.004589364687101646
178297,0.0022653330061651834
178298,0.0007769107105744785
178299,0.0007602897063475422
178300,0.0008511968733888188
178301,0.0006209136829219233
178302,0.0008448839172572241
178303,0.0022427753770925614
178304,0.0010543299647988176
178305,0.00048766602166217074
178306,0.0018385054444100344
178307,0.0038340165415285477
178308,0.0004887326574385682
178309,0.0020818378527727617
178310,0.0010987887010255467
178311,0.0006208124291743644
178312,0.0007337334870850857
178313,0.005607620959372581
178314,0.00048121508657875936
178315,0.0010437259682107428
178316,0.0005137287027678103
178317,0.00039664056626329816
178318,0.069893643477319
178319,0.004128753145100784
178320,0.00044905155144545994
178321,0.0009110751706161838
178322,0.0011073922744127102
178323,0.002192471306863401
178324,0.0010462360344189701
178325,0.003661837759889822
178326,0.010520490363498235
178327,0.0006741043046690232
178328,0.0005713790304636315
178329,0.0012513747522742507
178330,0.001512312591049541
178331,0.0004675805124886069
178332,0.000692585153031587
178333,0.003851448897028764
178334,0.0004803832431281258
178335,0.004626129764120481
178336,0.0013312556835638777
178337,0.0008764399847181189
178338,0.0006161362726663715
178339,0.001233797657827901
178340,0.001736706018672837
178341,0.001653583667760883
178342,0.0018264635227740974
178343,0.0005378816016633756
178344,0.027035563153425216
178345,0.0008057402255713655
178346,0.0014014736016679096
178347,0.000527745199924672
178348,0.020925806588211224
178349,0.0008993018015246569
178350,0.0006315073940124075
178351,0.0015363788538466342
178352,0.0011852770872050264
178353,0.0008979238241359473
178354,0.0008141407627147717
178355,0.00048299229497818024
178356,0.0009609334833887729
178357,0.0013484323281302364
178358,0.009744946368227913
178359,0.0019594844048239743
178360,0.0008236915447102837
178361,0.0021230063473292185
178362,0.003261861243458764
178363,0.0005544517111656913
178364,0.002394584680718777
178365,0.0009126407974500599
178366,0.0006002534736536286
178367,0.0022567456961867538
178368,0.0016472703668330645
178369,0.0005662692568781152
178370,0.001041106215969864
178371,0.0006143679395476696
178372,0.07451158346671602
178373,0.0004519178029682312
178374,0.001316656892873633
178375,0.036762773644298814
178376,0.0007028122064546444
178377,0.0007629100629403607
178378,0.001274556615073791
178379,0.003694206221965723
178380,0.0006702597127177552
178381,0.0020130151989095012
178382,0.0006134400199493629
178383,0.020453053829768305
178384,0.000979663971332923
178385,0.000573326732488306
178386,0.009170776611859019
178387,0.0007298418955906496
178388,0.0006246102204692292
178389,0.0016271037316253562
178390,0.002865408093242364
178391,0.0007197627811331063
178392,0.004732334948111731
178393,0.001350636029517824
178394,0.001231114304706076
178395,0.0034482528761038177
178396,0.007080547125475076
178397,0.0008980721655983053
178398,0.00043260101306864124
178399,0.030959982400888708
178400,0.0006222847249908267
178401,0.00863172636905857
178402,0.00043355323425892496
178403,0.0006268373187233003
178404,0.004489845931941244
178405,0.00422536947715124
178406,0.0013469481522316112
178407,0.0015922242885899446
178408,0.0009100982891622791
178409,0.0027625400856186857
178410,0.0012782966134607817
178411,0.0051807317458341575
178412,0.0014198226973264755
178413,0.9986880290711989
178414,0.0005708663073615079
178415,0.0005627216532982466
178416,0.0007612162943343766
178417,0.001884403927448015
178418,0.000672260969550632
178419,0.009663182511098217
178420,0.0006817857701134002
178421,0.00029803966571992005
178422,0.0009910646104326244
178423,0.0011567174659650927
178424,0.0007214389837482101
178425,0.0004442042881545679
178426,0.0007492408309653684
178427,0.0006838112029815608
178428,0.010819968430177221
178429,0.0009168560213112594
178430,0.0006643903726101974
178431,0.0009183990077197563
178432,0.0007531257470002091
178433,0.0006614025644463303
178434,0.0009901267928729496
178435,0.00031137602042052034
178436,0.000735095862867462
178437,0.0006615036119889865
178438,0.0013405016142722468
178439,0.0009915010763850807
178440,0.0004948882860421405
178441,0.000506763229883806
178442,0.0012991468124651266
178443,0.0011117815091467981
178444,0.9968091962247881
178445,0.0006397786107837064
178446,0.0013360351401043298
178447,0.0005802079647807385
178448,0.0008176118060121638
178449,0.0010386454554414796
178450,0.0032840414854911773
178451,0.000762380238086521
178452,0.014607647421551073
178453,0.002542735761375981
178454,0.002754970926915335
178455,0.0028422927301308895
178456,0.0011144914522858182
178457,0.0007009308019207272
178458,0.001754959117424074
178459,0.000602244390782388
178460,0.0023632369098464953
178461,0.013252421942974086
178462,0.0026544038357034505
178463,0.003353051390606708
178464,0.001029068681033265
178465,0.0005484707745428293
178466,0.0010714291979365739
178467,0.001215458577803876
178468,0.0006323870984089521
178469,0.002721849808247058
178470,0.002005717983964457
178471,0.0011012726558972611
178472,0.007636538867846725
178473,0.000694195023080686
178474,0.03134708305451707
178475,0.0017241267169554623
178476,0.0013441727916489647
178477,0.0037416003099522434
178478,0.0009359630465591241
178479,0.00497055768978913
178480,0.000694355025645951
178481,0.0007148218299720467
178482,0.002401310054059147
178483,0.0022359917404808412
178484,0.001475344450098682
178485,0.004956524094604866
178486,0.0009580751901662298
178487,0.0015846105898676636
178488,0.002363061385399351
178489,0.0007811017075364443
178490,0.0023008566801136143
178491,0.001057065832312104
178492,0.00763913404874178
178493,0.0023688531143252387
178494,0.001865529451129987
178495,0.0006189415253366596
178496,0.0007858316663737335
178497,0.0007149766019535553
178498,0.0014941601170552353
178499,0.0022109668131041474
178500,0.0019066416926842166
178501,0.0006232967004762143
178502,0.008384517451198016
178503,0.0013612568735666705
178504,0.0006357769990166715
178505,0.0006794868040367713
178506,0.011636636475982749
178507,0.0015158071640453716
178508,0.004464271288435964
178509,0.0005759258436971108
178510,0.01439400749332473
178511,0.0007153556464133591
178512,0.0016345368372022704
178513,0.0005816396631272542
178514,0.0015960430974878781
178515,0.0016307039623472677
178516,0.0006754062016879288
178517,0.0023144199104539777
178518,0.003269281472515785
178519,0.001211908902872782
178520,0.0007256844810927744
178521,0.0007820441393230278
178522,0.0005458901651934356
178523,0.0018082456809324868
178524,0.0013011269985962887
178525,0.004036591617118178
178526,0.0009321094154999892
178527,0.0016986538849159455
178528,0.0009921238059995682
178529,0.0006857364099990938
178530,0.0006281772162228512
178531,0.0007014568078641992
178532,0.0038650983200168455
178533,0.0006095445356868624
178534,0.008663523055129093
178535,0.002445248780702407
178536,0.00966860993505658
178537,0.9975890267223766
178538,0.0005450382976023747
178539,0.000523004618718519
178540,0.0034278749913954397
178541,0.013079718116958659
178542,0.0012203799978635866
178543,0.007529990777015109
178544,0.025838734936930306
178545,0.003282257972592674
178546,0.0006961182177043524
178547,0.996822396965449
178548,0.0010273374205759397
178549,0.0005834557379594936
178550,0.011454255238427451
178551,0.0011607106918011258
178552,0.0009903101257063718
178553,0.005070057304002655
178554,0.0007283984022871111
178555,0.0012767793434716665
178556,0.0009125070909646876
178557,0.0008263019956249627
178558,0.0008395670670549502
178559,0.0007731351503304307
178560,0.002051031654680117
178561,0.0007224063850362838
178562,0.0005290904890731061
178563,0.0004755325518148865
178564,0.0006052220244817528
178565,0.04270285186057714
178566,0.000646185456467124
178567,0.001363732518292558
178568,0.0030529731644984024
178569,0.00048620815755908586
178570,0.0006700081234197513
178571,0.0030694241181458467
178572,0.007199845461744861
178573,0.000500581544186736
178574,0.002552576501430636
178575,0.0008026293624670476
178576,0.0009642216499994834
178577,0.0017736479243065464
178578,0.0008549521773290864
178579,0.00047741356508366063
178580,0.003299581619135395
178581,0.01082001396595704
178582,0.005229412332042594
178583,0.0029536339377854775
178584,0.0006965570156423313
178585,0.001035447070288984
178586,0.001289280061557662
178587,0.0006719470415385361
178588,0.0057940378650886085
178589,0.0006420377958563589
178590,0.0017715985995544518
178591,0.0006990454348944674
178592,0.00442249841378459
178593,0.0009136983690024964
178594,0.20088419003645314
178595,0.0010716132569282854
178596,0.0004972583469873456
178597,0.0008181466195529537
178598,0.002427155984700813
178599,0.001664699443188332
178600,0.0040491847282602845
178601,0.07498081405566927
178602,0.023028016291863903
178603,0.0007027051885527486
178604,0.003465630506181109
178605,0.0023395471524198437
178606,0.0004964684109680438
178607,0.002105739211963084
178608,0.01641239706576139
178609,0.0012613982404805
178610,0.004614664365914145
178611,0.00224666087202495
178612,0.0006278944099645531
178613,0.003997304344216872
178614,0.0016898611706483635
178615,0.0024565369581667717
178616,0.0009367483109031956
178617,0.0015389701439687698
178618,0.0005670698465773522
178619,0.0005106761446004558
178620,0.0006284360035450636
178621,0.0005848427802431548
178622,0.0004574619739705319
178623,0.0009535165169649238
178624,0.0007959471002178442
178625,0.002082436090828028
178626,0.0005933682544921941
178627,0.004744990201831702
178628,0.0006887442120073051
178629,0.0008962813249774602
178630,0.0007334749834589415
178631,0.0006193899372613754
178632,0.006278579237670941
178633,0.004013441161825582
178634,0.0006508042599869498
178635,0.0005627582202343571
178636,0.0006607038665773897
178637,0.001013068433803951
178638,0.005088960653307027
178639,0.0006422249493660936
178640,0.004050036961705582
178641,0.004757191231589061
178642,0.0019042303578198833
178643,0.0008162781187695925
178644,0.001302463558132344
178645,0.0007197035957731263
178646,0.0004752900132218012
178647,0.0010578888590386203
178648,0.007226940097075448
178649,0.0030871761098260585
178650,0.002144391892939586
178651,0.001840530000395072
178652,0.0005108381281640099
178653,0.000523061733660304
178654,0.0007058487907440628
178655,0.001559352906047588
178656,0.0006467293975101041
178657,0.000805653166675831
178658,0.002288315886041812
178659,0.0012676491290592022
178660,0.0006452421658941544
178661,0.0006029345567517505
178662,0.01152128377746742
178663,0.006453546998045078
178664,0.000750924992073884
178665,0.001967798304375935
178666,0.01232190555776444
178667,0.0006798718898649331
178668,0.004723619276872473
178669,0.0012062043062382075
178670,0.0029249615131226253
178671,0.00601643250104142
178672,0.002612401322877769
178673,0.001109086503872498
178674,0.0005612795956846017
178675,0.0006915837917459185
178676,0.0006915500592658665
178677,0.008297885821167675
178678,0.004209654025656823
178679,0.0013431128116176353
178680,0.0009116559957778536
178681,0.0005711923582002794
178682,0.0011936380062697255
178683,0.0007716075229382059
178684,0.003719926180757038
178685,0.0008787656987193107
178686,0.005268951213296924
178687,0.0003506893842718325
178688,0.006401858742982964
178689,0.0012835746387434882
178690,0.0022718526174841814
178691,0.9953755967808963
178692,0.00043565254283331483
178693,0.6800425749211144
178694,0.0005662038936021472
178695,0.0007560002699292343
178696,0.012741886480491245
178697,0.0005935373250646454
178698,0.001153459783444502
178699,0.0010446177339258574
178700,0.0040710662030777655
178701,0.001565563751072833
178702,0.0004790596632659786
178703,0.000563816033245576
178704,0.00043616933502372066
178705,0.0016883998643478894
178706,0.0006853338824279468
178707,0.011639085005273973
178708,0.000751771512938587
178709,0.0014573980069733383
178710,0.0024481438285116597
178711,0.0006677299237383707
178712,0.9913550856989906
178713,0.0010802580005950043
178714,0.0025021120978134894
178715,0.0018386545110307966
178716,0.0007737578274737685
178717,0.0007875796113034089
178718,0.0008634163487126858
178719,0.0008824914484714173
178720,0.0006072460881891528
178721,0.0007409176937603181
178722,0.9984634949199309
178723,0.0006948110182909944
178724,0.0010546004491546281
178725,0.01635423136415634
178726,0.0031351543329388373
178727,0.000835337352687743
178728,0.0005502550275149737
178729,0.010173908416543604
178730,0.0014064094810359914
178731,0.9961632447792448
178732,0.0005923024132776978
178733,0.0005032404932760826
178734,0.0010309538037802462
178735,0.0028059116893949312
178736,0.002828240880785356
178737,0.0005177817810185203
178738,0.0005772582090738961
178739,0.9815508369842871
178740,0.004376303374240285
178741,0.00046335109967505616
178742,0.0008338503434302885
178743,0.9957044784551043
178744,0.0008295808902660511
178745,0.0006675475901543956
178746,0.0014140640744658992
178747,0.003154327537047607
178748,0.0007218596213953905
178749,0.0006491404225118329
178750,0.01052148203926256
178751,0.002518463593802423
178752,0.0007441438162502618
178753,0.0007760259818898579
178754,0.0010185426769091068
178755,0.0012959841841877647
178756,0.0007453705588371779
178757,0.0010150336601949105
178758,0.0007442917129648797
178759,0.00056839983232102
178760,0.000732528032587092
178761,0.001216795932407783
178762,0.0009594596038578326
178763,0.0005268992177839474
178764,0.001084147668890166
178765,0.0034591480286985535
178766,0.00055054914856705
178767,0.0011508485271512971
178768,0.0009317066073117355
178769,0.007363366209609857
178770,0.00113117807424124
178771,0.001258362564299833
178772,0.9932501678126854
178773,0.0007956546706740886
178774,0.0031931433880260534
178775,0.0006069110856605248
178776,0.001615937754262448
178777,0.006465992493901096
178778,0.0009301570419528102
178779,0.0007970290989817503
178780,0.044622875738424106
178781,0.0005782824196862026
178782,0.0028901812189575916
178783,0.0008031201395770844
178784,0.0005805660888376633
178785,0.0014454320789013706
178786,0.000993419928700676
178787,0.011022864989489293
178788,0.0005639271211702556
178789,0.001853361519801314
178790,0.0008309397453816847
178791,0.0007224644970780874
178792,0.009633980612625258
178793,0.044190695935285296
178794,0.0017841889551243031
178795,0.0005431977227327353
178796,0.0010277191580591778
178797,0.001005550442626089
178798,0.011957161696480399
178799,0.0005141687014231053
178800,0.0009601460021381608
178801,0.0006005438961847474
178802,0.0005838378604873849
178803,0.989500526835971
178804,0.0013920196536205385
178805,0.003142241228710434
178806,0.0009963652172216893
178807,0.0006426832784477569
178808,0.0033914455557539414
178809,0.001465587746606919
178810,0.0004969531026005146
178811,0.0017302387465347627
178812,0.0007308433736840365
178813,0.0007119793678530169
178814,0.00175747791189426
178815,0.00048429502567548695
178816,0.007329127837571713
178817,0.002356704919600824
178818,0.0007037951938879063
178819,0.028194630135004686
178820,0.01115748452135202
178821,0.0014926572477202658
178822,0.0011475871993145191
178823,0.0007606373599452346
178824,0.0007996452726221172
178825,0.0007283106894153224
178826,0.016333921007582408
178827,0.021805365927731586
178828,0.001150559772230258
178829,0.003533326270616554
178830,0.0012285215331236461
178831,0.000489248706334844
178832,0.0013993523216970596
178833,0.007784757725815767
178834,0.0064692899152745936
178835,0.0049096266837209655
178836,0.0005501608029938162
178837,0.0008014781406498979
178838,0.0015923500830549839
178839,0.0004472470117019149
178840,0.00076891390647813
178841,0.0008394621788406656
178842,0.0016369725748272355
178843,0.0009026654847575669
178844,0.0006573394461887407
178845,0.0044483384301828586
178846,0.003653081864192784
178847,0.0008810574838660402
178848,0.0009070627064085405
178849,0.0010985106872617983
178850,0.001189462305571976
178851,0.0007315694665303168
178852,0.0012927420682838611
178853,0.00036338139773341247
178854,0.0027420625930019557
178855,0.0005719169929864202
178856,0.0006965075081670806
178857,0.0016494630855139842
178858,0.0005066624086723504
178859,0.0015333469183206757
178860,0.0016277478395384046
178861,0.0021099595140424234
178862,0.0005318364015539233
178863,0.0019472849134780168
178864,0.0027647914290584233
178865,0.0006124279811746446
178866,0.0019224784757248964
178867,0.0007436975566364238
178868,0.0007468318618067534
178869,0.0003717703687492215
178870,0.0006935903204890046
178871,0.006197012696161569
178872,0.0044187161147592365
178873,0.0036422073053483444
178874,0.0006460372807846799
178875,0.0007785170791582709
178876,0.0006661230461797449
178877,0.0006739414251518956
178878,0.0010222582707918241
178879,0.2004788858697096
178880,0.0007573253679337439
178881,0.0008454591057843676
178882,0.0008902367581259804
178883,0.0007346838742418968
178884,0.000857473017378791
178885,0.0029862251078949967
178886,0.0005015593966481614
178887,0.0006660449933370624
178888,0.002112131924118042
178889,0.0007918066017588725
178890,0.0005024404164722032
178891,0.004178576975027917
178892,0.0014239194835853587
178893,0.0007051513561257806
178894,0.00045381173058557775
178895,0.003975173154803644
178896,0.0022114857442813367
178897,0.9754402708674947
178898,0.004533062660283481
178899,0.0006778206136383879
178900,0.0030434679005683614
178901,0.0005226145376030208
178902,0.0005114336389243524
178903,0.007689011073717222
178904,0.0006544103637381483
178905,0.0222810903164951
178906,0.0006366512501765685
178907,0.0011691035645943404
178908,0.0008471510511058282
178909,0.0011658620408162767
178910,0.0007265107344848276
178911,0.9752207107671456
178912,0.0005470801982994849
178913,0.0008185682349357811
178914,0.00274577867305429
178915,0.0037728336695284927
178916,0.031071798209365405
178917,0.0018647051207575918
178918,0.0004098557875263524
178919,0.002263672160881941
178920,0.006094612571497274
178921,0.0011719499409256111
178922,0.0004937744686216559
178923,0.0022402616241942817
178924,0.0006374601623702767
178925,0.0008139068044407112
178926,0.0010540592056511484
178927,0.0005725717484989675
178928,0.0018468136999086563
178929,0.002236017271584964
178930,0.0015737169490287902
178931,0.001784709670996068
178932,0.00042132800925379364
178933,0.0021289580194958895
178934,0.0006018598974517802
178935,0.010159149253964954
178936,0.005245944219997509
178937,0.001093309164422359
178938,0.0004385776200254034
178939,0.003285805448959815
178940,0.0006625649222758336
178941,0.0028305677536957933
178942,0.0008603999773252658
178943,0.0007572434142571018
178944,0.0020786523420274657
178945,0.0023522957134493013
178946,0.0005242290499690373
178947,0.0011866577892332033
178948,0.0006792864434611271
178949,0.0003435862633529692
178950,0.00034663000398527284
178951,0.0013315495345375518
178952,0.0037347433894458753
178953,0.001032463851113215
178954,0.0007294102745580462
178955,0.002476267716164409
178956,0.000740219906464646
178957,0.000588399309000656
178958,0.0007268822144573734
178959,0.0005716645483294014
178960,0.21199167568327032
178961,0.0006775360749206833
178962,0.001211053802802732
178963,0.0019054439936179335
178964,0.0011545140092969373
178965,0.0011844648194196138
178966,0.0019986776416195096
178967,0.001735600909092077
178968,0.0015859375373800141
178969,0.0007576198211428531
178970,0.0005482950479331513
178971,0.0004516892934169018
178972,0.0013890027177622902
178973,0.010642158373720564
178974,0.000509334781006049
178975,0.0013123279779114461
178976,0.005892417970694676
178977,0.0006763692210502675
178978,0.0007972248303294513
178979,0.0014861203726148071
178980,0.000711402633879555
178981,0.0007839973939886278
178982,0.0005330765654191904
178983,0.0007706910664882763
178984,0.0005961722396013411
178985,0.0006849674625019112
178986,0.0007247101921998754
178987,0.0006762083466712419
178988,0.0023396243227620803
178989,0.0015312905975362818
178990,0.013887195874373813
178991,0.0004440812225165694
178992,0.00043991261916986207
178993,0.0005574406585949111
178994,0.0011942187882533141
178995,0.0011908838381019132
178996,0.0005757553634258668
178997,0.0010203218626400167
178998,0.002504951167913615
178999,0.00797829308165697
179000,0.001422936212347391
179001,0.0003792305557931025
179002,0.0006579783145912196
179003,0.000731326547169898
179004,0.0005896886959543663
179005,0.008167739565134087
179006,0.000627922780609463
179007,0.00363054665068676
179008,0.9990723617389724
179009,0.0010888679801361232
179010,0.0012237191433477324
179011,0.00491208990823948
179012,0.0006128389117778264
179013,0.000865382077521341
179014,0.0005707894632894343
179015,0.0038054838378137543
179016,0.9865893037708463
179017,0.0008580052783470537
179018,0.006094193344959201
179019,0.9933202640987584
179020,0.0006740995776466223
179021,0.0024042208448889517
179022,0.0006349430668814249
179023,0.0007265352599354739
179024,0.0006351282616087324
179025,0.0006429912073347122
179026,0.0003091887063350154
179027,0.0013309613458347366
179028,0.0006816231960482346
179029,0.0006559943366756166
179030,0.006215916282077832
179031,0.000827829903513183
179032,0.0010047797372684138
179033,0.0006751162975502231
179034,0.013038097357546819
179035,0.0005921919686954776
179036,0.0005976813748858477
179037,0.0008196319309589652
179038,0.0006081701203692895
179039,0.003523129992556042
179040,0.0005524209439944192
179041,0.0009429776136436246
179042,0.011233713210136345
179043,0.0006621460003344777
179044,0.0018187931155137281
179045,0.0014575024024166693
179046,0.00080187998727325
179047,0.010295218338824654
179048,0.005420053067791977
179049,0.0021270822429981457
179050,0.001305684822852809
179051,0.001320888199787966
179052,0.011666453034746761
179053,0.0006064313387310429
179054,0.0013576912393785598
179055,0.014680567936285863
179056,0.0008827453766956409
179057,0.0017099323553021323
179058,0.0011686944299742542
179059,0.0014276996729759416
179060,0.0007783338211115904
179061,0.0012152586718696115
179062,0.0009149785186425331
179063,0.0011721774030188556
179064,0.001131981773927957
179065,0.0006821214223022474
179066,0.0009829537313711528
179067,0.0016771112102912495
179068,0.000817083312212887
179069,0.06790403347021215
179070,0.010927499948630818
179071,0.0036230140553108543
179072,0.0005680260282127629
179073,0.0007338119519443505
179074,0.05962625499834904
179075,0.005473166586893313
179076,0.003394607737658136
179077,0.9863534612944734
179078,0.0030612511410878455
179079,0.0004134804430306217
179080,0.001370674102817026
179081,0.0007422855425606422
179082,0.0005524016197742319
179083,0.0028646036485714646
179084,0.0036115898803870143
179085,0.000644054043457796
179086,0.000591989508297276
179087,0.0005867306059558653
179088,0.0025040645164807877
179089,0.008244775411991638
179090,0.0017576421613644097
179091,0.0005600825915412902
179092,0.0008250956958670117
179093,0.003271372850416917
179094,0.0005071118931594672
179095,0.0005784784052574207
179096,0.006611410701750514
179097,0.00040869704196597374
179098,0.0008459965731736387
179099,0.0008471592829595989
179100,0.0025771573278601132
179101,0.0012204980084402903
179102,0.0009188693706227303
179103,0.0010904839374076404
179104,0.0010155660392835658
179105,0.0021268709473440473
179106,0.002224585133324649
179107,0.0008729495627226718
179108,0.0012320397214877691
179109,0.000662319141154877
179110,0.0013817177277219716
179111,0.0006389974169626834
179112,0.012731619555752204
179113,0.2030056095678542
179114,0.025210612603195952
179115,0.0007307575322657073
179116,0.0024742773043413026
179117,0.0009689121237107319
179118,0.00029793499141517887
179119,0.0004842560414370649
179120,0.004166331033047756
179121,0.001511461925129044
179122,0.2005661030421028
179123,0.0005169511034375058
179124,0.05984256863951903
179125,0.0005512998213070484
179126,0.0011480761256747766
179127,0.0008744083212270711
179128,0.000983974608273596
179129,0.0006082263337832498
179130,0.0007850469158771187
179131,0.003156347721517603
179132,0.0027039917887237037
179133,0.0007489509792304344
179134,0.0008183263028218126
179135,0.001725420954735023
179136,0.0016209074937615043
179137,0.000737879362831398
179138,0.0010184605313129501
179139,0.0008617907866360138
179140,0.0033629650909705023
179141,0.001958686795026694
179142,0.0065132331747643855
179143,0.0011072444679308085
179144,0.0005458332194274582
179145,0.0005487736271640433
179146,0.00047527054190617246
179147,0.0019239271133047395
179148,0.0005542908317621126
179149,0.0005867042351444681
179150,0.0011949405086921637
179151,0.0017517123762759174
179152,0.0007960290077305046
179153,0.0010418427081107383
179154,0.0009265173577519461
179155,0.0017407201674088943
179156,0.0005482928601583997
179157,0.0008295511409219077
179158,0.00041474966621242183
179159,0.0010265734522568821
179160,0.0010608306031020475
179161,0.000795330331650357
179162,0.0004904070922912306
179163,0.006954308423373868
179164,0.0006191501363787017
179165,0.0007585975233916682
179166,0.0008407361507676228
179167,0.0005677795897783202
179168,0.001338550724179705
179169,0.0024706454256523008
179170,0.0006882459281303618
179171,0.0007036324590659021
179172,0.0012518864412627297
179173,0.0021987111587401923
179174,0.0003955441139530729
179175,0.007724541624034798
179176,0.0004880029855407999
179177,0.004470807605148027
179178,0.0004774148157529734
179179,0.0005896058501539278
179180,0.0009446630493733709
179181,0.0022637346313953127
179182,0.001977318864752884
179183,0.0020992495335691455
179184,0.02866902593922581
179185,0.0010329363499567523
179186,0.0011742949245301677
179187,0.002472991457410104
179188,0.0018032899616719244
179189,0.0021723146622152365
179190,0.0013129322175594567
179191,0.008337003198295771
179192,0.0006124633509766237
179193,0.002049253843037258
179194,0.0004688418841390156
179195,0.0030746343343639074
179196,0.003274124911031949
179197,0.0007028130261163487
179198,0.0005970233794369113
179199,0.004033692225922151
179200,0.000492583020325045
179201,0.0007820078276014009
179202,0.0008664392622242714
179203,0.0035090493500459933
179204,0.018244668070363533
179205,0.0012939732441844612
179206,0.003951419283737406
179207,0.0006668661073992279
179208,0.005173506629206752
179209,0.0012796389978951461
179210,0.008287318749191242
179211,0.0008588327996345906
179212,0.0007751734216371468
179213,0.0006929938027558151
179214,0.0027777833999050364
179215,0.002069040023558572
179216,0.0005123729549109772
179217,0.0004891603633837884
179218,0.0028196035736184582
179219,0.0013684027001719637
179220,0.001492242643205099
179221,0.0007091069908446991
179222,0.0007322755514446143
179223,0.0009355686085816537
179224,0.0005946613142218089
179225,0.007802751620223581
179226,0.00081543870079008
179227,0.0037953634428575782
179228,0.009498839020379731
179229,0.010103739371858584
179230,0.0018466091604554622
179231,0.0013751945429614715
179232,0.0009421066460022692
179233,0.0011207469389886147
179234,0.0009135469957495375
179235,0.0012621252716932656
179236,0.0008705817865602678
179237,0.01026709819129032
179238,0.0010224235069262151
179239,0.0006579795331236432
179240,0.0005803828541176974
179241,0.0020901618896462366
179242,0.9978975395480885
179243,0.0005468182567609244
179244,0.0009047665411617122
179245,0.00141256050245741
179246,0.0033248134911587415
179247,0.000504845064672051
179248,0.0005875104659315333
179249,0.003891232625609338
179250,0.0013435570762911006
179251,0.0005047929219270344
179252,0.0032712897494403103
179253,0.076915544229731
179254,0.0014826430041044478
179255,0.0052305958560599775
179256,0.0011502589955610805
179257,0.005952465870000997
179258,0.0011097679507916418
179259,0.0008039290006906644
179260,0.016563064403140274
179261,0.0009159729959473044
179262,0.0005034135425055311
179263,0.014198643185241645
179264,0.0005540429013317654
179265,0.0012036196549505941
179266,0.033935506167713035
179267,0.0018262721597314146
179268,0.01441171893780626
179269,0.0006696892131773263
179270,0.001264607755951786
179271,0.0005856026911444392
179272,0.9945019920173939
179273,0.0027105990258908825
179274,0.004219136933046297
179275,0.001124830206746535
179276,0.0050999485704999814
179277,0.0004598787474405611
179278,0.0023607583878103126
179279,0.001325667069627761
179280,0.0015916029005998609
179281,0.001589596689814749
179282,0.005391624349084045
179283,0.0006999566482362155
179284,0.0022363559783754204
179285,0.0007513936514127644
179286,0.0009488894169884863
179287,0.0005724019197643338
179288,0.0007073265683854202
179289,0.000994808564637447
179290,0.0006394521589778206
179291,0.0012493761781018943
179292,0.0018265341162823157
179293,0.0005132355627197613
179294,0.0004559097231946139
179295,0.0006372831135831485
179296,0.009625923860808216
179297,0.0015180039899956035
179298,0.0010882525338440831
179299,0.0006860628445009124
179300,0.0013978324913327123
179301,0.01861321301508226
179302,0.0007004950018559768
179303,0.0009993089254125077
179304,0.006368429851622121
179305,0.0007721487628644071
179306,0.014925152088611027
179307,0.0005762554771582841
179308,0.0005856834600981391
179309,0.0007371231353499259
179310,0.00045473018256473913
179311,0.003267630327290938
179312,0.0012898949276226243
179313,0.0005295086023892914
179314,0.10893215902498951
179315,0.0006740549631755172
179316,0.0007676668586758187
179317,0.0011175910726708344
179318,0.0007445058655448625
179319,0.0003263017631129838
179320,0.0008406175450681786
179321,0.00044247349764210106
179322,0.00047365271741198585
179323,0.0002858353260183494
179324,0.0036102078353869695
179325,0.002251129306503652
179326,0.0007745160953884414
179327,0.0039622216962297025
179328,0.0007724178856921326
179329,0.0004819988801880282
179330,0.0011320867370239796
179331,0.0004970933792306278
179332,0.0018980481725709404
179333,0.005196579508939274
179334,0.010807720648097112
179335,0.0019319721731353642
179336,0.00142271160279065
179337,0.0016365304136702875
179338,0.0005448543154377362
179339,0.0005462354676951074
179340,0.002300351397581767
179341,0.004461422656294133
179342,0.0005204452053039463
179343,0.00832177378016486
179344,0.9958728266332565
179345,0.0012776203959047271
179346,0.0007120723017208572
179347,0.0007235746046206429
179348,0.0005778258477374992
179349,0.003050816261997309
179350,0.0008719854737888372
179351,0.0015465580254539935
179352,0.0006252211193250709
179353,0.0031032743996624802
179354,0.000989515275043855
179355,0.0004962156791455199
179356,0.009315628649597094
179357,0.002477738657834089
179358,0.0009210734183101913
179359,0.0027923530798651926
179360,0.0010389973688242982
179361,0.0005157866300957066
179362,0.0006618866066902015
179363,0.0033904238108489774
179364,0.006857003252564496
179365,0.000528064601002802
179366,0.0050700230420344175
179367,0.00048409771914224376
179368,0.002287278822044651
179369,0.0019098262674300845
179370,0.00495671721343816
179371,0.0007797838331533009
179372,0.0006639889125712309
179373,0.0006694846578862156
179374,0.0006766766866217661
179375,0.0013738980908845635
179376,0.00046960645085088827
179377,0.006083483083029877
179378,0.0018278121207849984
179379,0.0007178231123925992
179380,0.0013649683978256028
179381,0.0052919789250143335
179382,0.0006596382472866502
179383,0.0006850900407388505
179384,0.0005056750751278289
179385,0.0013956256201370656
179386,0.0006857356220159078
179387,0.0007487971225566558
179388,0.0006995756007011878
179389,0.0006943623405511248
179390,0.0015861388759682488
179391,0.0006303256881802989
179392,0.0006570249793237714
179393,0.0017885003077321583
179394,0.0007469583407192145
179395,0.0005444852255927079
179396,0.0005567047411275453
179397,0.001013436735238952
179398,0.005379932244999381
179399,0.009476186200586115
179400,0.0005000052473432508
179401,0.00047959924546552794
179402,0.001770631456650135
179403,0.0005934099667812694
179404,0.0005270021110305279
179405,0.0016103946350282342
179406,0.0030112735727154394
179407,0.000604560775114123
179408,0.00143780969403703
179409,0.009822663772330811
179410,0.0006350845538954886
179411,0.002121488412064648
179412,0.0020066309247173467
179413,0.001761395776273632
179414,0.001442886475059764
179415,0.0006531543459814534
179416,0.0006731495321099224
179417,0.0005670571593522332
179418,0.0008606293864242053
179419,0.005060479524169534
179420,0.0023477647659014994
179421,0.023895503620041954
179422,0.000523411936704827
179423,0.0018612292812786625
179424,0.004016680246424766
179425,0.0015601809450569396
179426,0.0005932838480431278
179427,0.0010847274248541035
179428,0.0006594467702823933
179429,0.0007034520972542746
179430,0.9943836577470618
179431,0.003409051763860695
179432,0.003994576647494287
179433,0.0015423556915818827
179434,0.023966025704360502
179435,0.0014240334169514125
179436,0.0009674247449696441
179437,0.0016728158597073023
179438,0.0004641087273005673
179439,0.0006597980372049827
179440,0.0005567551890673593
179441,0.0010231197037626548
179442,0.0029515519535318786
179443,0.003835053467236344
179444,0.0006075540907937212
179445,0.0066957211546199435
179446,0.0008275704252050388
179447,0.0007169413705723493
179448,0.0004789374176841329
179449,0.0007337095058942153
179450,0.004061391630285582
179451,0.00347349721463237
179452,0.000665024840078996
179453,0.0005537547701130654
179454,0.0010185963941728203
179455,0.015184309852885058
179456,0.0010569015267388778
179457,0.0008668461696936191
179458,0.0009018601163516763
179459,0.0006138370847613186
179460,0.0006653755551836121
179461,0.0012248023469859574
179462,0.0019806025131030294
179463,0.0028560678558831676
179464,0.0013988724949301535
179465,0.0018154550228371038
179466,0.0009587244197367388
179467,0.0005931431841678609
179468,0.0007689229219916298
179469,0.0008139064558551898
179470,0.00048413868192201804
179471,0.005901667813055187
179472,0.001454775089095087
179473,0.0028346869883760584
179474,0.0008236822680105279
179475,0.00356503651396008
179476,0.0011570529603623612
179477,0.0005746714043570693
179478,0.0006883296536539826
179479,0.0005936667497038671
179480,0.0008073699981317544
179481,0.0007714630533743729
179482,0.0031025034150716493
179483,0.0005476618973885076
179484,0.0006948373692394272
179485,0.0007305711322714532
179486,0.0011868032084758327
179487,0.0010074215416465615
179488,0.0015759033843212701
179489,0.9945152251346683
179490,0.008518660100501264
179491,0.0018156631892630006
179492,0.003432133560280045
179493,0.00786250283069674
179494,0.0010731508816059663
179495,0.0006664189389352866
179496,0.00045188732064001697
179497,0.001334403786675447
179498,0.0007213774019486473
179499,0.0004664649977748139
179500,0.003003049162048598
179501,0.000715291330839127
179502,0.0004703665633793428
179503,0.0008884911271533123
179504,0.0016491320616596672
179505,0.0009197193746014369
179506,0.0009165820325068767
179507,0.0032516861482668026
179508,0.007883756234693019
179509,0.0012091044777488868
179510,0.005184248893337214
179511,0.0009452005637411553
179512,0.0005725439199169379
179513,0.001498540854981994
179514,0.0005558520283787879
179515,0.005431556738768325
179516,0.0006458711434672672
179517,0.004630546801170008
179518,0.0011655425377831562
179519,0.0006122606268827612
179520,0.0029557169089938513
179521,0.001978565917090394
179522,0.01317331710219818
179523,0.0009229400443633252
179524,0.004455896805519348
179525,0.0005277529942244861
179526,0.0007396944117650298
179527,0.0007624516131418838
179528,0.0007779138442318295
179529,0.000512454784940657
179530,0.00045194714698525016
179531,0.00046604619683688893
179532,0.0008345716936614524
179533,0.0007529085351369856
179534,0.0014261235434347866
179535,0.00813054541809554
179536,0.0004571158499153368
179537,0.002822753294143032
179538,0.0038666873746384957
179539,0.0026814896345222624
179540,0.008196512687938372
179541,0.007730406180895329
179542,0.0029540767725486127
179543,0.0008533022354024831
179544,0.0006974692428065187
179545,0.0016040469860534382
179546,0.000774058411668156
179547,0.006630313371128285
179548,0.0019357598305183503
179549,0.0017578623232493065
179550,0.007496745556820488
179551,0.0005274850981735413
179552,0.0007679654418091756
179553,0.010104087287211102
179554,0.001050707579541523
179555,0.0013619860351929188
179556,0.0029892571825123207
179557,0.0011069120060196486
179558,0.0006567452082010855
179559,0.015074783750631074
179560,0.0010480776227617668
179561,0.0005837237276459143
179562,0.0009547607600283946
179563,0.0005676066432393223
179564,0.0008589457622038008
179565,0.0005096352737237088
179566,0.004005082921511772
179567,0.0008805625971771786
179568,0.0012132675627103615
179569,0.0011476706497334792
179570,0.006734992125735686
179571,0.0007737910350528406
179572,0.0010724645113112442
179573,0.004219095059269252
179574,0.0007087501556492597
179575,0.0019354199747118983
179576,0.0008070812224464633
179577,0.028018976325769572
179578,0.0009827015314750023
179579,0.002271657126240403
179580,0.0005678171816636938
179581,0.0006120573982421729
179582,0.003635511668652145
179583,0.0015337210989068571
179584,0.001990951715867887
179585,0.0008141299617428715
179586,0.0014922040453331472
179587,0.001401269673362249
179588,0.0005322580340027713
179589,0.034178228753399625
179590,0.0009190948138797268
179591,0.0017730841843995693
179592,0.0012215170526032586
179593,0.0008992920332282098
179594,0.0005915621136295347
179595,0.0017968150231701704
179596,0.0006239034715681702
179597,0.0010726869664220743
179598,0.0011033999176371131
179599,0.0007606821371419681
179600,0.0011324036183362677
179601,0.0007268338221460213
179602,0.004373630791166336
179603,0.001573484118971767
179604,0.0005698651578407536
179605,0.009860326428794329
179606,0.0010410135436491306
179607,0.0029605054172677186
179608,0.008127193650308626
179609,0.001989003053291927
179610,0.0010124776105751316
179611,0.0014848045439712142
179612,0.0014861226076282217
179613,0.0005924873850046617
179614,0.03516528277993446
179615,0.00054298276681012
179616,0.0005646321303563566
179617,0.0027386526261917767
179618,0.001671863144410418
179619,0.0007728626476315971
179620,0.0008844010636690752
179621,0.0005977234902164645
179622,0.0005374470608286329
179623,0.0007557078773016857
179624,0.001145794079545215
179625,0.0014331444402582345
179626,0.002109815709464697
179627,0.0009292428088435408
179628,0.0018939210621474157
179629,0.000457692097391058
179630,0.0009935634234210333
179631,0.009587165126920231
179632,0.0006209263404239754
179633,0.001307261046519096
179634,0.0005538029777670487
179635,0.0038526914888896884
179636,0.001774361676445874
179637,0.002647396330612201
179638,0.0005757061138201202
179639,0.0017605378730987378
179640,0.005060736712672823
179641,0.000639458551234772
179642,0.0009236297140325968
179643,0.007348254765419428
179644,0.00047015463401760943
179645,0.0005632511443771683
179646,0.001186280937691644
179647,0.0007254451555327205
179648,0.0006106578244757346
179649,0.0006021798963263777
179650,0.0005588279377281041
179651,0.000589308727440428
179652,0.000704032378791138
179653,0.0019661981838535346
179654,0.0071700752904242
179655,0.0010845047014018056
179656,0.0007308065496577942
179657,0.0017835196514102516
179658,0.003019159221987373
179659,0.0005829701613078494
179660,0.005046748923064042
179661,0.0011258475325289443
179662,0.00090456984516775
179663,0.006167833608193125
179664,0.0010299847924303978
179665,0.0006834186110199988
179666,0.0013035420995230569
179667,0.20061021162452378
179668,0.0005293371094163871
179669,0.011705720076933579
179670,0.0033651730979564016
179671,0.003058165159429607
179672,0.00047864341193417097
179673,0.0007706195503733408
179674,0.005999190684664965
179675,0.001411347921901892
179676,0.0005873081615282811
179677,0.0030757831477261025
179678,0.0015209615306501657
179679,0.0007868422395177479
179680,0.0007925260615678329
179681,0.0011865508474394734
179682,0.000530978004524001
179683,0.001164752999888941
179684,0.0006489194343225062
179685,0.003867943741577887
179686,0.0010073553952897316
179687,0.003238779775927914
179688,0.0005210917209276447
179689,0.000940716285731539
179690,0.012061838791203129
179691,0.0007293054494004399
179692,0.0013904768160780566
179693,0.0012514591420870363
179694,0.000769893365840519
179695,0.00047440208369379133
179696,0.0005281708892280381
179697,0.0006385234649497263
179698,0.0016396783063203516
179699,0.0004880284449400702
179700,0.0037223125207039584
179701,0.0011725490115875932
179702,0.000706275119533873
179703,0.0020094699647673535
179704,0.004011944910886092
179705,0.0035948839802488614
179706,0.0014497647440460909
179707,0.0008655732222201467
179708,0.0004947350402373057
179709,0.00046893282847111737
179710,0.0009667306061931882
179711,0.0007240092647186642
179712,0.0021599908451592634
179713,0.0016788735546564336
179714,0.0020127371395377352
179715,0.0005561019605490451
179716,0.0027662529494628003
179717,0.00048172657494824594
179718,0.0007836482616380182
179719,0.0006899886516104074
179720,0.0063888400816072945
179721,0.000596896010189103
179722,0.0006743544736306328
179723,0.000647810965526674
179724,0.0038582048459980113
179725,0.0004640685931418349
179726,0.0005324031879830927
179727,0.0007150670471433172
179728,0.0009668590810090474
179729,0.007767434487634001
179730,0.0009145503829540302
179731,0.007110368249595466
179732,0.0005678482364527792
179733,0.001717437114823491
179734,0.0012462600362908875
179735,0.0008071725714961044
179736,0.0006001962113466468
179737,0.005409061972515699
179738,0.0005930448853001
179739,0.0009022459476703479
179740,0.0009011370144343094
179741,0.01617224109707075
179742,0.003295507888105349
179743,0.007246863838201676
179744,0.0006781007305812971
179745,0.0007148269121140104
179746,0.0005280504381097528
179747,0.0018932718128803106
179748,0.0006884529144693817
179749,0.0006058666334172696
179750,0.0005963779534132167
179751,0.002955217461080184
179752,0.0009620088714007175
179753,0.0011667070964385385
179754,0.004423272289450386
179755,0.0005625506978581267
179756,0.0008182652720691464
179757,0.003624002892852733
179758,0.0009729527459963165
179759,0.000989601404838103
179760,0.000504593201997959
179761,0.004100904766563635
179762,0.0011588544934269325
179763,0.002843199630959919
179764,0.18865350207488057
179765,0.001381087339677786
179766,0.0006646099307788387
179767,0.0008136281964121765
179768,0.0006907501733930687
179769,0.0007323423114210875
179770,0.0011541082251001348
179771,0.0008077132319408766
179772,0.0007777226682101789
179773,0.00155881384111371
179774,0.0005134147270048461
179775,0.000470455068570143
179776,0.0010223429114980549
179777,0.019847139207232144
179778,0.012355663309388644
179779,0.0010808168502440822
179780,0.0007703223483239605
179781,0.000919663486869858
179782,0.00816555185627188
179783,0.0006668276374995735
179784,0.00035585023348890974
179785,0.0004584832220711093
179786,0.0006058738839113054
179787,0.0010568927867769043
179788,0.022184260341964083
179789,0.0013479774174374082
179790,0.002248353422689992
179791,0.0016261051787870738
179792,0.0007748166810267155
179793,0.0006982164886686048
179794,0.0014837420740601431
179795,0.0005180623470912966
179796,0.0005707694642155686
179797,0.00054784357529221
179798,0.004814412124227094
179799,0.0027923038088799902
179800,0.05103071911909532
179801,0.0036710345520147947
179802,0.0005405653112733821
179803,0.001540528266059815
179804,0.002515080830818179
179805,0.04124871893767727
179806,0.0007945897858553593
179807,0.005106796793801338
179808,0.0004671505896985943
179809,0.9961704147043413
179810,0.006358087459490331
179811,0.00042202343054737894
179812,0.000904227409953443
179813,0.0006106025267330961
179814,0.0007042791871249458
179815,0.0009318349384215155
179816,0.0008715063776555561
179817,0.18494132761667986
179818,0.0007786872331080356
179819,0.0005269610181893189
179820,0.012364678567779841
179821,0.0009185250589514933
179822,0.0038182172687805513
179823,0.0004890932464853138
179824,0.0009811521385560981
179825,0.0019096048705575022
179826,0.0031205848349065636
179827,0.0005451401222811305
179828,0.005862870615605786
179829,0.0006340006625119589
179830,0.0006450539374189877
179831,0.007497516862144862
179832,0.0011616561753692517
179833,0.001279632686185353
179834,0.0007805522197523913
179835,0.0011223550032849893
179836,0.002487841461071174
179837,0.0007376558141657251
179838,0.0030755727862544135
179839,0.0008032304896632126
179840,0.0015102249595178663
179841,0.000528915257896555
179842,0.006054880334466316
179843,0.011562786191883164
179844,0.0005122513970077779
179845,0.000711055014949017
179846,0.0008640190320943797
179847,0.001873322105104957
179848,0.0009277069504103272
179849,0.0005492055057744654
179850,0.00043578275065706093
179851,0.004451189281298727
179852,0.0005937363996758873
179853,0.0008266746151438722
179854,0.006756517960051775
179855,0.04240656056282166
179856,0.0019068065514557826
179857,0.014144008598234118
179858,0.0013917723572243494
179859,0.003909479118606464
179860,0.0007774153937407688
179861,0.0015161826282087442
179862,0.000624254104568926
179863,0.0008901734274195385
179864,0.0027463636743104776
179865,0.00048823619241271534
179866,0.0020298728992987586
179867,0.0005852518076730476
179868,0.017376794946648517
179869,0.0004985842773061775
179870,0.0008063654951434981
179871,0.008337111873192896
179872,0.00203931053035372
179873,0.0008759028906524402
179874,0.0005349742488429592
179875,0.0002808825026636958
179876,0.0006596872387535167
179877,0.0025036848276582435
179878,0.0005769696767964982
179879,0.007205187292634335
179880,0.003530436886437463
179881,0.0006372970707698918
179882,0.005617944278312823
179883,0.002062501535705547
179884,0.0045955606669611185
179885,0.0006717358091745346
179886,0.0007897706805442772
179887,0.0010900834121561186
179888,0.000629783497051548
179889,0.0020178349025467717
179890,0.0008507741853241486
179891,0.0007237524220678748
179892,0.001693603728111551
179893,0.0005395705522174513
179894,0.0005273068075079346
179895,0.0006726653462453239
179896,0.00047843597777058144
179897,0.00045456922519435
179898,0.00053991497108973
179899,0.004146165324357391
179900,0.0012514111475468875
179901,0.0028109664673602163
179902,0.0006225301607997947
179903,0.0021707173447776226
179904,0.00521109045845791
179905,0.02191243929570038
179906,0.0007844490188700976
179907,0.04820530996510889
179908,0.0007987034626740185
179909,0.001422302994795474
179910,0.0010114268195025443
179911,0.0006760677711928243
179912,0.001974764907531684
179913,0.0010300026342161634
179914,0.0008060815692270762
179915,0.001448323089125453
179916,0.003234357987608974
179917,0.0006257127265306877
179918,0.0019434320717547837
179919,0.0008434426918525073
179920,0.0005173756532290969
179921,0.0034202369185217
179922,0.0011024260859279675
179923,0.0005944742711533383
179924,0.003014506814991902
179925,0.002722406802415516
179926,0.004917906906393669
179927,0.004073624662779744
179928,0.0005649795267166249
179929,0.0009099145896500736
179930,0.0012843952349647345
179931,0.0010440731914509872
179932,0.0005585721493016475
179933,0.0009945294048411758
179934,0.0011201821603746289
179935,0.0012702645450922596
179936,0.0044664105315498975
179937,0.017643381309700973
179938,0.0004928098765089105
179939,0.0005727641226054469
179940,0.0011985195594730884
179941,0.0008072167329342359
179942,0.0009515155027080306
179943,0.0012104897202977346
179944,0.0017525166104222537
179945,0.0008339139267205567
179946,0.005804755354649818
179947,0.0016645195814705117
179948,0.0006637112759806718
179949,0.0006049744529666945
179950,0.00040102240363473686
179951,0.007333592694989158
179952,0.0011767600338748142
179953,0.012685482633372555
179954,0.004656717295962176
179955,0.005836615877973083
179956,0.0006331890028256847
179957,0.0006757114150444908
179958,0.0006370777173993337
179959,0.00046678661161431465
179960,0.0007194471984127405
179961,0.002259172058035764
179962,0.0006536734323087168
179963,0.000614253947330929
179964,0.0007012737325824833
179965,0.0007074538509935276
179966,0.0006192402156053553
179967,0.0008329766612461038
179968,0.0007888446467837948
179969,0.002650908288511491
179970,0.0023748869073520187
179971,0.0011384871107281776
179972,0.004029940782063629
179973,0.01048530423996763
179974,0.0007433966840547604
179975,0.01923569457699815
179976,0.0028803307265795634
179977,0.0013728340386488162
179978,0.0008077929551885787
179979,0.0008237899585457459
179980,0.0018513464413201885
179981,0.0008286564621651426
179982,0.0006918955014108192
179983,0.00041263173776379656
179984,0.0005561769836206756
179985,0.0005696158975983408
179986,0.0012011190654252761
179987,0.0010449155212420263
179988,0.0006955460895187643
179989,0.0007235569665333281
179990,0.0026092828409909246
179991,0.0019053925892076465
179992,0.03386320083953971
179993,0.002370770921737363
179994,0.0006132061156053021
179995,0.0008583170619118842
179996,0.0021027306409841556
179997,0.000560984766096622
179998,0.0012187445813091793
179999,0.00040625252668751523
180000,0.0016772280076623228
180001,0.006165388515765365
180002,0.0026703222398641105
180003,0.002156396240209301
180004,0.0007158601753562111
180005,0.000455563722233905
180006,0.0007599920418407875
180007,0.0007989694969472038
180008,0.0005169394986699717
180009,0.0019334048198687236
180010,0.0008105097052134902
180011,0.0004889600948979421
180012,0.0023008287700263174
180013,0.0055628425507438465
180014,0.001831982206328147
180015,0.0033699063537201337
180016,0.0021290856278664456
180017,0.01885437455258737
180018,0.0006990253767830646
180019,0.001827738201746227
180020,0.02132321893607812
180021,0.00642295701628537
180022,0.11552052677524809
180023,0.005482094266873785
180024,0.007136432275785956
180025,0.006525755861847762
180026,0.0019548385759904797
180027,0.0006683137452796943
180028,0.009843995905835227
180029,0.0006595473023260738
180030,0.0015069897385014998
180031,0.0010127777135064966
180032,0.0011534509455676449
180033,0.0006218283316406458
180034,0.0012522157699767582
180035,0.0022701050611365157
180036,0.0005542605332044348
180037,0.0018505714843527739
180038,0.002870721797859274
180039,0.0014475773291009347
180040,0.007341978947559499
180041,0.0012017226771990066
180042,0.0008443049055329903
180043,0.000535977507853149
180044,0.0006709733419445116
180045,0.0006081381535203657
180046,0.9991216372340879
180047,0.0016182626182709966
180048,0.0008589467452629963
180049,0.0008512073661238631
180050,0.002098090997590973
180051,0.0005133803056933505
180052,0.0007650288048530543
180053,0.006175638961360988
180054,0.003250230429659757
180055,0.0006352903653244333
180056,0.0005467283343079542
180057,0.00957017815669049
180058,0.0005308399019757829
180059,0.0005857881377434891
180060,0.0009784413483003335
180061,0.0008685733763464966
180062,0.0008095759442892095
180063,0.0008760631873079056
180064,0.00766730951845321
180065,0.0006132959859173705
180066,0.0005972874750838259
180067,0.0009443733327366119
180068,0.014458662711558833
180069,0.0016122505462757978
180070,0.001825805981635346
180071,0.006780807510911188
180072,0.017152049810220185
180073,0.0008245771008576889
180074,0.00045459590130726197
180075,0.000496952553917554
180076,0.004909250478444267
180077,0.0009882534109027412
180078,0.0011173646820311594
180079,0.0006388343873767935
180080,0.0031916346030341322
180081,0.00047107810570010117
180082,0.0007259621654201629
180083,0.0015275617419954987
180084,0.3097611797393542
180085,0.0012718432351927155
180086,0.002678324905648583
180087,0.001067871757945919
180088,0.0011330133804944693
180089,0.0007086360892290279
180090,0.0006440676013714393
180091,0.01900528725279752
180092,0.0008016680482933177
180093,0.0017051358487147111
180094,0.0007292193684637655
180095,0.0004903945155878369
180096,0.060872028053127185
180097,0.00039880590077725537
180098,0.0012756306303695652
180099,0.0014637345721403828
180100,0.9952543624230821
180101,0.0004266038581188148
180102,0.0004952831639385203
180103,0.0008980781168222514
180104,0.0006909270003626077
180105,0.001521112291420147
180106,0.017595054701762813
180107,0.000752026994875444
180108,0.0009053644706374045
180109,0.0005557427586728604
180110,0.0004286620474161893
180111,0.0013658056870434411
180112,0.0017460396693653136
180113,0.0023691484097827804
180114,0.000797025901544486
180115,0.000842131946147633
180116,0.001713338856517335
180117,0.0004950925766319249
180118,0.0022819380022247445
180119,0.001328353696484298
180120,0.0005119371883168186
180121,0.0012261584697261236
180122,0.0007624851346364768
180123,0.004753220881168716
180124,0.0007263405024684258
180125,0.0012203540858071453
180126,0.0023053156012517164
180127,0.0008499528872216008
180128,0.0006801727971355426
180129,0.0007172131253379475
180130,0.0006646589311173129
180131,0.0007245543073976506
180132,0.0010995507089394147
180133,0.9933953213000344
180134,0.0004812488033001471
180135,0.0005217496827925073
180136,0.9968561526647499
180137,0.0008076720827211294
180138,0.007368751839952467
180139,0.0012919226146201692
180140,0.0005355953182657676
180141,0.0007461757134238401
180142,0.0015971597753896677
180143,0.000919668190196489
180144,0.00153699666928117
180145,0.0004949294633470568
180146,0.0041648162637899205
180147,0.0007897171299425824
180148,0.0005395493649383567
180149,0.0008312160899514964
180150,0.0008608295328941221
180151,0.0007123768897173181
180152,0.0005996511228545611
180153,0.0005493439970100853
180154,0.0008302906889208596
180155,0.004907569444569425
180156,0.0005920469495674063
180157,0.0008848564156132672
180158,0.010382453661798964
180159,0.000912300630770565
180160,0.0011510402824700776
180161,0.0011388555594164698
180162,0.00046669754190693184
180163,0.0021910076562319187
180164,0.00107202746124671
180165,0.0028992863385462597
180166,0.001420114034882586
180167,0.0010155612440453268
180168,0.0007067048785754987
180169,0.003509863583159519
180170,0.028613857303001776
180171,0.0007612400678981457
180172,0.0011699928861370985
180173,0.0007241763565889117
180174,0.0012077057760038062
180175,0.0054310443180312275
180176,0.0006044641286066829
180177,0.0005295189995486138
180178,0.0010431727822991922
180179,0.0009490243694581164
180180,0.02115256035711411
180181,0.0008368547145210153
180182,0.0005774302801234515
180183,0.0009007793630951071
180184,0.0006388551737442807
180185,0.0005887894331264691
180186,0.0005323722332884668
180187,0.0020679808407758275
180188,0.0011360681752972616
180189,0.03808310187769797
180190,0.03725933506741607
180191,0.0007893675915337443
180192,0.000643003476187986
180193,0.0007845391783526749
180194,0.007631268837743864
180195,0.0009203532576445594
180196,0.0011808364221322291
180197,0.014922573471156376
180198,0.001779441218317359
180199,0.0036438673590201464
180200,0.10331993515014258
180201,0.001046672272753629
180202,0.0027224494896253234
180203,0.0005275294139613063
180204,0.001251834592303215
180205,0.0006899206648521212
180206,0.0011566597647781434
180207,0.0006454958687645498
180208,0.0016584208055282828
180209,0.006913242647895952
180210,0.0022279741153428166
180211,0.0018771526765613725
180212,0.002469695111527964
180213,0.0007542140070107525
180214,0.0009785803677384354
180215,0.00957679101567722
180216,0.0006272118437695596
180217,0.0005296323777136795
180218,0.0007895094202492229
180219,0.0018818473233474606
180220,0.0009852858616156866
180221,0.0005741652860616248
180222,0.0008468994575035383
180223,0.00045261758042036834
180224,0.0006482925829990438
180225,0.0008837704710022885
180226,0.0019517313063425216
180227,0.0018585760102076236
180228,0.0030422752472705266
180229,0.0006473280677096705
180230,0.0007169365355755375
180231,0.0009517367306280947
180232,0.0005392865536025656
180233,0.0009643640962250083
180234,0.0038678729662665326
180235,0.0005080227528750445
180236,0.0005803059233160995
180237,0.0007357155406483644
180238,0.007728635143459891
180239,0.0026101149122751237
180240,0.001770562979244395
180241,0.0006076244152746685
180242,0.0006365476516258602
180243,0.03184070218785197
180244,0.0005231994554890484
180245,0.0007918466138609219
180246,0.005197471401833421
180247,0.000611232907879538
180248,0.0005435361516482835
180249,0.0005316763370875792
180250,0.026331174169339947
180251,0.0005916012351581877
180252,0.0007137806849652811
180253,0.000530893078060683
180254,0.001970205515041984
180255,0.0032471493027185095
180256,0.0011611811474769272
180257,0.0006958328552277506
180258,0.0010142544834500938
180259,0.0005905955850497164
180260,0.007812677986773002
180261,0.0005798343567456455
180262,0.000566368250528702
180263,0.0010772082460446975
180264,0.0011049126445976279
180265,0.0005002123556924291
180266,0.0005284245735493893
180267,0.0006724558843798779
180268,0.0006326697573372444
180269,0.0010038363232949424
180270,0.0014552426349636561
180271,0.0006776554677233333
180272,0.0013261149744278782
180273,0.008858528754986036
180274,0.0007168056057619992
180275,0.003350889498769092
180276,0.001456256405433508
180277,0.0005836498627587668
180278,0.0035526546086280444
180279,0.0009996941405113484
180280,0.0009650403800895466
180281,0.0007086898527973657
180282,0.002771771773621649
180283,0.00042999074160831474
180284,0.00046201937559244954
180285,0.004526456848835571
180286,0.0008740582813710309
180287,0.000469641687316777
180288,0.003036242144184354
180289,0.000548434871973553
180290,0.0007288664335373121
180291,0.0005023912842404964
180292,0.0005509175604505505
180293,0.0008971528442668587
180294,0.0007243628284464934
180295,0.04557957863015419
180296,0.0006289264753156377
180297,0.0015911634339216304
180298,0.0007963507540697893
180299,0.007873981053261888
180300,0.0005779441282811135
180301,0.0014626899339619396
180302,0.00742711344408575
180303,0.0008004335570098305
180304,0.0007309731960598259
180305,0.006127693463593903
180306,0.003578983007146144
180307,0.0004627599487048023
180308,0.0012261564551710362
180309,0.0010249289959973601
180310,0.0016122127770858234
180311,0.0013480811640838315
180312,0.006129603870933182
180313,0.001789593485331367
180314,0.000874308203442331
180315,0.004671289244661757
180316,0.006358562575938265
180317,0.0008422652788242212
180318,0.0038152786225960165
180319,0.0008528586131001781
180320,0.0007170024232918128
180321,0.9921732773566241
180322,0.0026018975971449435
180323,0.0006091987035620722
180324,0.0010410604811868702
180325,0.0022603552942454634
180326,0.00043656034099455313
180327,0.002104951392099042
180328,0.0012269957442661164
180329,0.0017833837547660066
180330,0.0005535009042513087
180331,0.0033114141059031087
180332,0.0030057670147015
180333,0.001107470934440488
180334,0.0006399694522108667
180335,0.0013334731604930867
180336,0.0011849401074417562
180337,0.002688965103595847
180338,0.0006991748201446702
180339,0.0007319648989223953
180340,0.000624316598373477
180341,0.0006547877664044655
180342,0.06532370882568987
180343,0.00048538066232998094
180344,0.0004786571514495283
180345,0.00196627249101153
180346,0.0007230595932445849
180347,0.18196812166547766
180348,0.0017210118495572194
180349,0.001154666442060053
180350,0.0015131083033540953
180351,0.0007756157609877514
180352,0.006086627561694849
180353,0.0009470938657185576
180354,0.0007351147800278399
180355,0.00128218325941433
180356,0.013385059110373718
180357,0.000752569637574544
180358,0.0007875488948256075
180359,0.0005759012339812242
180360,0.0005800264839802424
180361,0.0008343224886783761
180362,0.0007151108097653281
180363,0.0005007805730532646
180364,0.0011055313463141257
180365,0.009276248035748136
180366,0.0005955978269563964
180367,0.001187822586971117
180368,0.0005603749583549757
180369,0.0006480921830807229
180370,0.001375896659798993
180371,0.001197677057359434
180372,0.0008125824124480935
180373,0.000550865481800894
180374,0.0027736716973161433
180375,0.0011352621817858235
180376,0.0005213908130484628
180377,0.0008205879383323125
180378,0.0016591384036441811
180379,0.0007905985627748723
180380,0.004536934694291101
180381,0.00042678981822087594
180382,0.01901498504207643
180383,0.0006919358754403712
180384,0.0007643152054888835
180385,0.0022026157771868242
180386,0.00035306677083554445
180387,0.0013937767397577574
180388,0.00047389263807471314
180389,0.001209671946899324
180390,0.0014227173813467471
180391,0.0009979933058143176
180392,0.0043458554116382365
180393,0.0016983157456636113
180394,0.0020701163904967837
180395,0.0013837870135221214
180396,0.0004490959860973582
180397,0.00261689809685808
180398,0.001412422814564095
180399,0.0005716858621546167
180400,0.002102558581693196
180401,0.0006476283163367224
180402,0.003941895961561661
180403,0.07167873562981611
180404,0.0012569699789373987
180405,0.0030800505808795398
180406,0.0014228122211957467
180407,0.0007832857841401297
180408,0.00063388386400697
180409,0.0017115664013792416
180410,0.009484933037063627
180411,0.0008170882629112068
180412,0.0018768105078206822
180413,0.0011817733925920926
180414,0.0043206461026460835
180415,0.007042911282904879
180416,0.0006225477082450579
180417,0.001620530425128815
180418,0.006312396305744807
180419,0.0009381282773768217
180420,0.0007553050729326321
180421,0.0007015133654756727
180422,0.0012995635535283402
180423,0.001461177362145872
180424,0.005285794653496105
180425,0.002253432093285744
180426,0.0007110299036206234
180427,0.0017305267823036234
180428,0.0015105207008078707
180429,0.006794745933650181
180430,0.004748065927800849
180431,0.003629821912497088
180432,0.00754025864731404
180433,0.0007810146732222779
180434,0.0020782206154671707
180435,0.0006421575444429753
180436,0.005944674152560538
180437,0.000611828989192239
180438,0.0029459093768098455
180439,0.0027133824040129987
180440,0.001282941452543012
180441,0.002223358452080481
180442,0.0009208506459313882
180443,0.002173104442053663
180444,0.00098268918871052
180445,0.0013896864364552777
180446,0.0020931266737267058
180447,0.0005475790391628661
180448,0.0013662627405934009
180449,0.0019893097564419645
180450,0.0005281024795182163
180451,0.0007452768053756087
180452,0.006704436107999596
180453,0.0007581356478969222
180454,0.0006706919848986788
180455,0.0005544527941117655
180456,0.00048227159162195574
180457,0.010094771416857556
180458,0.0017937787641040981
180459,0.000782312204071961
180460,0.000850056345602805
180461,0.052852427949271856
180462,0.0005830630275593294
180463,0.000392308358939074
180464,0.0008184177096749426
180465,0.0031560718024947016
180466,0.0010945213205610618
180467,0.0005192752414509114
180468,0.00048332034397320303
180469,0.006557246356281916
180470,0.001314174654958607
180471,0.006726275954034067
180472,0.0009291852256237465
180473,0.0007144380289856894
180474,0.0031446532746219023
180475,0.0008834806708596943
180476,0.0006032872605689717
180477,0.0017315655075201203
180478,0.0036341432838671002
180479,0.0004634112629500733
180480,0.0008452557054487602
180481,0.0008069009478500419
180482,0.0029413397083751145
180483,0.0011228241070458406
180484,0.997748971821787
180485,0.00288223645735901
180486,0.0005789881474739457
180487,0.0024149437810381366
180488,0.0013970124170766699
180489,0.0004095571650201166
180490,0.0004204953577269882
180491,0.0013316961764159832
180492,0.0022134545110806788
180493,0.0008195468373882816
180494,0.0005899513218278036
180495,0.014104085296571055
180496,0.0013246464538134708
180497,0.0032521070149075884
180498,0.00295972488429951
180499,0.0005319656879207525
180500,0.011091175531066835
180501,0.0038673025921441917
180502,0.0033013597811272707
180503,0.000571030531787883
180504,0.99734657212688
180505,0.008289151579156407
180506,0.0006135262807557013
180507,0.0005445633724059675
180508,0.0006442636707495603
180509,0.0004571546869780074
180510,0.0021983936621490785
180511,0.001008850044103977
180512,0.0006460242852653027
180513,0.0007141767661121095
180514,0.000723750027405393
180515,0.0006675291300860508
180516,0.00818868383605415
180517,0.0014051132662151777
180518,0.0013989496778790212
180519,0.000706828077688195
180520,0.0005947953794679907
180521,0.003883763815499275
180522,0.9817247260628916
180523,0.005983762682748914
180524,0.0005428813347877628
180525,0.0016068542547583884
180526,0.0004214651127547402
180527,0.0009445621691105471
180528,0.0018220168989197287
180529,0.0014598607429319639
180530,0.0007655557027262042
180531,0.0006122483101057831
180532,0.0005243336726751086
180533,0.0012799391886488779
180534,0.9962921857708302
180535,0.0015858565631638683
180536,0.0031976548119209977
180537,0.10451099522081259
180538,0.0010173703970271413
180539,0.0008214806026029614
180540,0.0011879524311998527
180541,0.004467058133135388
180542,0.0009747925587949319
180543,0.0025399750739241605
180544,0.0013371967878949673
180545,0.0005608918470745121
180546,0.0011741344157901738
180547,0.030391483675410634
180548,0.0008251767617109657
180549,0.007447536691888272
180550,0.0020194152582008393
180551,0.0020843857423018864
180552,0.0006171214273135434
180553,0.000438079067337084
180554,0.008025130601770868
180555,0.0007393204887818194
180556,0.0013372963100735198
180557,0.0007161246281490339
180558,0.0013207790806220696
180559,0.0008489527490754866
180560,0.0007421471883537769
180561,0.03391589702908805
180562,0.0007496389636184554
180563,0.00036874702163024013
180564,0.0011813319810400661
180565,0.0006785234194209033
180566,0.001201261390401988
180567,0.00545977785734374
180568,0.0018784044437076867
180569,0.0012685931210033405
180570,0.0009520756109607011
180571,0.004534095566115464
180572,0.0008448058758714736
180573,0.001451162068455072
180574,0.0010742198571568181
180575,0.0007800444062153175
180576,0.0008281881196553994
180577,0.0011039568316131773
180578,0.0018377130494297025
180579,0.0007085461494919341
180580,0.0006334341785552062
180581,0.0004851835007756932
180582,0.0018956747501631197
180583,0.0008708649203397834
180584,0.001859312746525169
180585,0.0011631658611141065
180586,0.002306929492237138
180587,0.003699337436020137
180588,0.0008772566497433185
180589,0.003526702152545476
180590,0.003761302665219045
180591,0.0013557552195995852
180592,0.0005633804149929211
180593,0.007698414405208515
180594,0.0029404529345005634
180595,0.0008211818923053516
180596,0.0005949784896936301
180597,0.0007030306566772788
180598,0.00048403699729146705
180599,0.0007676692927554177
180600,0.002455358230172008
180601,0.006695852004741137
180602,0.0018702999806015953
180603,0.000500131068225739
180604,0.0005997831821988897
180605,0.0012180227080360786
180606,0.002220441318413561
180607,0.0009642559107064329
180608,0.003458685138108434
180609,0.033709531962588794
180610,0.001131667104066942
180611,0.0034183384160361135
180612,0.0008335855185152995
180613,0.0006240701917298654
180614,0.0005939234768704773
180615,0.001571443410697444
180616,0.00034350578760734796
180617,0.002222583148451314
180618,0.0016642869148237533
180619,0.0008710713035270921
180620,0.001105880869179401
180621,0.0011793702109229999
180622,0.000515558792011128
180623,0.0012555278149305417
180624,0.00047630783940795984
180625,0.0007943187576801105
180626,0.0012827828905410275
180627,0.0005397763404651874
180628,0.0007163279364696272
180629,0.00038362922594237844
180630,0.0005847010541577283
180631,0.0017047334186756128
180632,0.0009103441312356695
180633,0.0033139154839288915
180634,0.0006552861486531843
180635,0.0008947516233657516
180636,0.0009250143640977083
180637,0.0005914812541850986
180638,0.0006299624965357384
180639,0.0005481519739657747
180640,0.01065767125038251
180641,0.000765282615376217
180642,0.004852104015409806
180643,0.002980265953366459
180644,0.001371047094578127
180645,0.0006835859074008861
180646,0.0007076662286234395
180647,0.0005455403356226859
180648,0.0012411828754869776
180649,0.0006429847505868128
180650,0.00038362855410368417
180651,0.002308132359592923
180652,0.0013017367287040554
180653,0.0009251076118009151
180654,0.0009616354945244949
180655,0.0008717881413527852
180656,0.0007219870316698773
180657,0.0007007883613789009
180658,0.0004832443807918679
180659,0.0006577341048209411
180660,0.9991764903124494
180661,0.0005867707381688281
180662,0.0009067594682332789
180663,0.000646703413535759
180664,0.0004872935223418247
180665,0.0019675976021301285
180666,0.0021471001795432573
180667,0.002113810788344517
180668,0.0005371323044836986
180669,0.0240844574710747
180670,0.0011666803510505825
180671,0.001350287266213726
180672,0.0008167342790676513
180673,0.001974186335483998
180674,0.0007256688099555636
180675,0.0006901019479426588
180676,0.0008605775158665458
180677,0.0015611576289532411
180678,0.0009062574572243045
180679,0.0008047196279002506
180680,0.0009725238115260515
180681,0.0005592761207528809
180682,0.0008166335034812632
180683,0.00040699772999800023
180684,0.01030346029794991
180685,0.000849377401632233
180686,0.0033836874080517337
180687,0.2162978682550278
180688,0.009395417089646968
180689,0.001200358823081629
180690,0.0016520055095781247
180691,0.0007504797507824249
180692,0.0007781926437254255
180693,0.00047296033312060686
180694,0.0005734457403036475
180695,0.0009012031337171303
180696,0.000523011263221926
180697,0.0006152185168869387
180698,0.0007148721102017318
180699,0.002660803579328285
180700,0.0005514017877848514
180701,0.00969967354768871
180702,0.0037426866361154813
180703,0.002592806629244606
180704,0.0006061403952442647
180705,0.0007250632357418303
180706,0.0004839552714299203
180707,0.0010412908950612003
180708,0.0008033207680994577
180709,0.0006369091596327041
180710,0.0007245569159609476
180711,0.004530199709002852
180712,0.0008501485306897831
180713,0.0006200751906538533
180714,0.0006511000724616077
180715,0.00037588066803981524
180716,0.0013893124379518824
180717,0.0007677506889894577
180718,0.0011274881622267974
180719,0.0010653385312219587
180720,0.001516044913945924
180721,0.0006209212098426952
180722,0.0035015770610995565
180723,0.005254221046635922
180724,0.001348232134429248
180725,0.0009779582404701407
180726,0.0005858836595054586
180727,0.000664105093983078
180728,0.0010891861434003396
180729,0.0007090544279723876
180730,0.001021941570908927
180731,0.0011388950045453919
180732,0.0006873885217586502
180733,0.0009058397161233979
180734,0.0004469817293966691
180735,0.0006766215794778626
180736,0.0023548040982979343
180737,0.0010895570251908443
180738,0.0016571249498055038
180739,0.0015368867474789417
180740,0.0005583493782275597
180741,0.0012036265813854651
180742,0.0009749484468184887
180743,0.0004752017859969243
180744,0.0023832757569537087
180745,0.0008805371384645783
180746,0.0005089134086096964
180747,0.0005847833807180519
180748,0.0012080189959311073
180749,0.0008810926073093718
180750,0.000684693070861455
180751,0.0007969645517432943
180752,0.0007051123784520902
180753,0.00043964620973881277
180754,0.0004493959051441515
180755,0.0010775205055428127
180756,0.0009643365111802635
180757,0.0019388279169812108
180758,0.0035081543512805874
180759,0.0008109889226908867
180760,0.0018393704534945081
180761,0.0005817589150231161
180762,0.0019087125953769568
180763,0.0020789112630590447
180764,0.0019247748869546163
180765,0.011456875617524991
180766,0.0004897905027560745
180767,0.001717677587805411
180768,0.0005228353447765175
180769,0.0015977664287737635
180770,0.0018342299348542562
180771,0.000429596081990096
180772,0.004187328840586505
180773,0.0007112301081212654
180774,0.0030556366195358385
180775,0.002150917847018722
180776,0.0006296181077431535
180777,0.0007529004365326559
180778,0.0006197995561793698
180779,0.0005810647991392604
180780,0.004671373648312393
180781,0.0014329406566419322
180782,0.013518089322535773
180783,0.0005276310192455706
180784,0.007851112205393475
180785,0.000639306067008271
180786,0.009349093994978049
180787,0.02469830837509203
180788,0.002072905470280669
180789,0.0009064180956166016
180790,0.0020127947045831267
180791,0.0008819353995078501
180792,0.0005674634983423464
180793,0.0005015897232073431
180794,0.006661450153722873
180795,0.0007536235797860615
180796,0.001401234676333899
180797,0.0014652199090608052
180798,0.0017822090010122733
180799,0.0004540141925753686
180800,0.0021947696133944256
180801,0.0016811036163290865
180802,0.0005347768826417681
180803,0.00043619560143702557
180804,0.0023723263549966537
180805,0.008461198172247011
180806,0.0007400318941442038
180807,0.0011066574318702727
180808,0.0009479027680652714
180809,0.0013452567565016174
180810,0.0013807309626912084
180811,0.0008905228604518952
180812,0.016231831132147777
180813,0.0006634328791005771
180814,0.0019295331173200775
180815,0.0006541588930910871
180816,0.0006627954275368894
180817,0.004396160877025768
180818,0.0009481888153153487
180819,0.0010016508125853187
180820,0.004485994716900138
180821,0.0008780651670143025
180822,0.0007295702355800078
180823,0.0004772063016331258
180824,0.00046827258764957857
180825,0.01705888343962305
180826,0.00837468293431664
180827,0.017769074937394578
180828,0.0053379114430860235
180829,0.002834221334157002
180830,0.0025827462676909843
180831,0.005463809752677405
180832,0.0010911051193545252
180833,0.00495016160653646
180834,0.000744158507576205
180835,0.0021714810349554585
180836,0.006487494412770239
180837,0.00995585976448863
180838,0.0010422612186535235
180839,0.00635852080613364
180840,0.0005972171851813671
180841,0.006595642836154848
180842,0.0014738562774905001
180843,0.0013785366176530213
180844,0.001206066259091046
180845,0.0037539814675186236
180846,0.008397953259738473
180847,0.0007102866103548506
180848,0.005964437633598145
180849,0.006425221683481317
180850,0.0018604143323100633
180851,0.0008466461704970145
180852,0.0010949133215676222
180853,0.000645233481454473
180854,0.0005546968481252246
180855,0.0006588080422536109
180856,0.002558444306868719
180857,0.0005534300932700456
180858,0.2012710291147778
180859,0.0008158114293946956
180860,0.0066682124514744244
180861,0.01922503655726862
180862,0.0004681020925388125
180863,0.0006635571169843222
180864,0.0030500517685461137
180865,0.000732008452694381
180866,0.001813596667080673
180867,0.000619064343684596
180868,0.000730248967778434
180869,0.000547472779921835
180870,0.0011477667077250786
180871,0.001105168707359753
180872,0.0006152983355557054
180873,0.0005573569991943725
180874,0.0005078556803774063
180875,0.001250533537675296
180876,0.0012965019634359862
180877,0.0007026566227379619
180878,0.0017802490494624812
180879,0.0014131265769188259
180880,0.0022831089964403728
180881,0.0009450936116135509
180882,0.00048326371606439793
180883,0.0039265128654771015
180884,0.0007213914103495359
180885,0.0008637252104689614
180886,0.004394216767043026
180887,0.002051745624424879
180888,0.0006327886269757397
180889,0.012491819371699808
180890,0.0043199814617408405
180891,0.0006583614117044662
180892,0.0008706500200746492
180893,0.0006416966048872674
180894,0.003971755971731028
180895,0.0032192850826326643
180896,0.0009757980014924852
180897,0.005767438908778344
180898,0.0006376085928921405
180899,0.0007155639996675521
180900,0.0036554491031593516
180901,0.051759207003825254
180902,0.0009369198556287385
180903,0.0017878767038775989
180904,0.0018450695331310774
180905,0.0005581330450774495
180906,0.002265602077995383
180907,0.001011923205382445
180908,0.0005868003113530822
180909,0.0007943868272507085
180910,0.0013169318001566821
180911,0.0007711186197213153
180912,0.2005589279643918
180913,0.0010980815451188198
180914,0.000510937606332859
180915,0.002814195958400942
180916,0.0005993413122951831
180917,0.0004659948836399562
180918,0.0008198724593802967
180919,0.0016879350372773917
180920,0.0006774973775757236
180921,0.0011955490906833948
180922,0.0014520406661198304
180923,0.0006177704972683523
180924,0.0006940630361955367
180925,0.0007466646677271852
180926,0.0008957724529394366
180927,0.0013383675356012517
180928,0.003559206822403558
180929,0.0018969868651979105
180930,0.0007673919555626148
180931,0.0006157423837374363
180932,0.0036095877399915577
180933,0.0045498117902535735
180934,0.0038415818874373
180935,0.007774423904626357
180936,0.001527324233808656
180937,0.0006805337123422948
180938,0.0010646965859042422
180939,0.0005723879284518607
180940,0.0005582885863491603
180941,0.0007758102553288404
180942,0.0007483555911614065
180943,0.005338680464381071
180944,0.0004725759597676944
180945,0.0035297891611911717
180946,0.001085749520364276
180947,0.003102314185553046
180948,0.0006684067490616511
180949,0.016472642758347922
180950,0.0007425420009287846
180951,0.0010034141394034968
180952,0.0006861517434572008
180953,0.0047876467718223825
180954,0.0005751063868606635
180955,0.0008709160541470807
180956,0.00041162741733966686
180957,0.001569471735369393
180958,0.0014026852057508754
180959,0.002703665623566935
180960,0.012554702009511127
180961,0.0032608556919233632
180962,0.0014592154455899723
180963,0.0007483122757667343
180964,0.0010778237713467682
180965,0.0006374883731804857
180966,0.005083932185191236
180967,0.0014824177630621263
180968,0.0005941581211358736
180969,0.009019350982214841
180970,0.004968746424265636
180971,0.0005293095914905286
180972,0.0013602465361898454
180973,0.0027717473654599875
180974,0.0007267670926820935
180975,0.0004356881331438637
180976,0.00885699071259861
180977,0.0008419277068951509
180978,0.0023497258103763836
180979,0.002696844205827371
180980,0.003281992802910606
180981,0.0009705924092138422
180982,0.002555352498560556
180983,0.0015077890423505198
180984,0.0033634483977100504
180985,0.001221451988656735
180986,0.0010259331213837688
180987,0.0008335583082432641
180988,0.0006521260732206076
180989,0.005007945016308447
180990,0.0006579060605973646
180991,0.0008225183889810195
180992,0.0005379724151094447
180993,0.0008071727227597937
180994,0.005778801027481175
180995,0.001349539371289915
180996,0.0008981159222764097
180997,0.001345757578376795
180998,0.0005720681192671454
180999,0.0010774061646122509
181000,0.001592559646479529
181001,0.0008275785476580603
181002,0.0007372280600589634
181003,0.001142639972488829
181004,0.0069358931133297
181005,0.000593147614647277
181006,0.00048798092274219
181007,0.0013950354595739006
181008,0.001118050466716339
181009,0.006016791502781303
181010,0.03014911866897785
181011,0.0008094897214376421
181012,0.0008854691322690809
181013,0.0008139922801940377
181014,0.0044782425168958615
181015,0.0017750976416627234
181016,0.0007490139739803323
181017,0.0015064999502050532
181018,0.0007567409731044002
181019,0.0009450997446432486
181020,0.005733392811745503
181021,0.0007435533647651026
181022,0.0011096533646396771
181023,0.0021953790157236528
181024,0.0006171256963201145
181025,0.001454682575993827
181026,0.006224546732681111
181027,0.0012071598548227805
181028,0.00138562550475094
181029,0.0011383598850023414
181030,0.0026796265813368936
181031,0.0011751434769581245
181032,0.0006186778468287894
181033,0.0011754718073395524
181034,0.0006819083761753776
181035,0.0024752406801600403
181036,0.42901227010476944
181037,0.0005511089157509923
181038,0.012149965757944735
181039,0.001207722038405974
181040,0.0010722361300441045
181041,0.998743124416118
181042,0.0005784243152529698
181043,0.0005494608493902783
181044,0.0011643324767121603
181045,0.011467038333557555
181046,0.0005830678166773964
181047,0.0007745157038729026
181048,0.0019814855837520596
181049,0.000553495429367413
181050,0.000769284560147381
181051,0.000779031118808901
181052,0.0007849933507779645
181053,0.002328895105307588
181054,0.0006331663623946264
181055,0.000447154220790523
181056,0.001095055574509206
181057,0.0017293028166693843
181058,0.0008502878111668094
181059,0.006233892536496784
181060,0.00040963013593393383
181061,0.0010297825594654609
181062,0.0006593118965293613
181063,0.0009849507487166738
181064,0.0007777062070668879
181065,0.006683954102721173
181066,0.0006926933046032242
181067,0.005999326336713231
181068,0.0022816413265681667
181069,0.000587540720454381
181070,0.0011092513201440167
181071,0.0017138996643572104
181072,0.35928467423230126
181073,0.0004199150008689343
181074,0.0017903594571284827
181075,0.0007076838126803694
181076,0.0013077688917800642
181077,0.0007471917783638604
181078,0.002163732325167003
181079,0.0006804728944885698
181080,0.001666247791118701
181081,0.0006723717604034252
181082,0.003233405035431642
181083,0.07526262519045837
181084,0.0006245700373521915
181085,0.0019522042987255243
181086,0.0009894555305225994
181087,0.0006607443875184401
181088,0.025081629609874208
181089,0.0009144836476353145
181090,0.0009596502472517161
181091,0.0007098171079644958
181092,0.0020629709110448102
181093,0.0008880082555777172
181094,0.0010475844150850313
181095,0.0021566397944730864
181096,0.0008901292045656331
181097,0.002264271067793455
181098,0.003581905549847511
181099,0.001177741578208383
181100,0.0020822785654707175
181101,0.0038414769347609934
181102,0.0009753652000955308
181103,0.000553858556164959
181104,0.0005426079927257686
181105,0.0005270624993563
181106,0.0052009856394917686
181107,0.0004897301994307764
181108,0.0007263623064424655
181109,0.0010105668718441434
181110,0.0007496593293611594
181111,0.0067636238672138275
181112,0.009052045482574003
181113,0.0011058429933879614
181114,0.0004368171643031934
181115,0.005335818670670968
181116,0.0009412793920604786
181117,0.0007212286056034222
181118,0.0006466510377675887
181119,0.0011205454892078079
181120,0.000954599689099376
181121,0.010492202709075953
181122,0.001217556731717111
181123,0.000976447518432792
181124,0.07848746856111104
181125,0.00048748702031992087
181126,0.004478340146658825
181127,0.012830831755695165
181128,0.000515368742498076
181129,0.005636267553020431
181130,0.002170896368417853
181131,0.09915102417920493
181132,0.0012037014908045235
181133,0.005066418660261554
181134,0.0018051012428409265
181135,0.004411965441617377
181136,0.056365633157559415
181137,0.0005978489473802526
181138,0.0006660695365389271
181139,0.0023676021760878395
181140,0.001285612139908512
181141,0.002195276755495593
181142,0.001549018819240024
181143,0.0025900579352369744
181144,0.0007774940127305062
181145,0.0007239612935695109
181146,0.002072151570156229
181147,0.000814013180330217
181148,0.0006591892556061164
181149,0.003147187407802036
181150,0.0022132251094849967
181151,0.001028201420607235
181152,0.0007537096408559865
181153,0.004700527350247935
181154,0.0015632463060353146
181155,0.0023270848539421636
181156,0.0006110346987502612
181157,0.003295870286887994
181158,0.06736863073605767
181159,0.0008157733585653065
181160,0.0007145575991385393
181161,0.0008059695867469485
181162,0.0006449764256772635
181163,0.00041586292458200766
181164,0.0008700022103212575
181165,0.00714639061061586
181166,0.0013469661808116812
181167,0.0005213554234355817
181168,0.0005224473262849148
181169,0.9986235576582974
181170,0.0007196201142088311
181171,0.0005307820719018465
181172,0.002665673933642114
181173,0.0004499279981518577
181174,0.003970903031337776
181175,0.00886711900863245
181176,0.000595145553658977
181177,0.00919796016292064
181178,0.0012195256602254999
181179,0.0009200628113767118
181180,0.004300821188368537
181181,0.000837121173281657
181182,0.001242934244664917
181183,0.0009740467525755309
181184,0.000900077749876501
181185,0.0006355952174189872
181186,0.0007076335241938507
181187,0.0005973458173106459
181188,0.0006982144625440857
181189,0.0006935629452760755
181190,0.0007921100832584383
181191,0.0005021021459777006
181192,0.0033199401797492523
181193,0.0006195670668186625
181194,0.0005337435389778922
181195,0.011224041613367586
181196,0.00809298982293424
181197,0.0008805660132120761
181198,0.0005412707332568074
181199,0.017596081120626505
181200,0.0006078772512942717
181201,0.01585479548541126
181202,0.0006155106715506094
181203,0.002992621762376023
181204,0.979599785936484
181205,0.0008124296479604821
181206,0.007683706214699774
181207,0.01003183872101041
181208,0.0008379930320189394
181209,0.0006112901899442788
181210,0.0014312980204377959
181211,0.0009154357897921437
181212,0.003185936507877032
181213,0.0005234366185122072
181214,0.002257715503921315
181215,0.0007135945312269669
181216,0.0005675520665213649
181217,0.0005445935316680373
181218,0.0005805912255411957
181219,0.0010411912073259582
181220,0.0005506918682979521
181221,0.00127361311188268
181222,0.001180742549082825
181223,0.0010929990099628757
181224,0.0007073857173819142
181225,0.0005065261074144177
181226,0.0007547957314343206
181227,0.0034388946636971594
181228,0.0010482057124229726
181229,0.004681627043776029
181230,0.0015596330770012864
181231,0.996381774589808
181232,0.002044897853654087
181233,0.0007730303551535601
181234,0.004434652776641528
181235,0.0019313560314579673
181236,0.0007787391433457095
181237,0.0008878214843400465
181238,0.0007666493056880023
181239,0.0006798972526918666
181240,0.0009978865896039535
181241,0.027923008308687672
181242,0.0013336114451246177
181243,0.0016672895443101455
181244,0.006517137784085884
181245,0.0011772425864676867
181246,0.0005953756189777074
181247,0.0007796049224821754
181248,0.002753747082389446
181249,0.002023561379216807
181250,0.005107496786290425
181251,0.0015164652825456607
181252,0.0006070222230581613
181253,0.0030558520580165026
181254,0.0005832554810354868
181255,0.0006516267753682609
181256,0.0018514303292162413
181257,0.0012717609339238458
181258,0.0008804231361616195
181259,0.001232751632171892
181260,0.0030309088672605773
181261,0.0031544361047179973
181262,0.0007666061781162584
181263,0.004091407164974763
181264,0.0007444346042559428
181265,0.0005087598901297964
181266,0.0006194552486717662
181267,0.0029636173329724283
181268,0.022337160208199577
181269,0.00044802947044077923
181270,0.000479064520833389
181271,0.00324216586200135
181272,0.0005607623505179756
181273,0.0005600443374050551
181274,0.0006494224082276874
181275,0.0010652599207640766
181276,0.000554519673766577
181277,0.0005921824000855917
181278,0.0005844788084453088
181279,0.0008924104508266288
181280,0.003881254798405166
181281,0.004839083685002219
181282,0.0005078501451397028
181283,0.013197593089583778
181284,0.012128395544563153
181285,0.0026565434559395196
181286,0.0015812911341100458
181287,0.003173521764091352
181288,0.004392602650358077
181289,0.009112036110535326
181290,0.0005741373375922705
181291,0.0016849824077575016
181292,0.00058500091930392
181293,0.0011968525138397073
181294,0.0005227459559825344
181295,0.0006514569173699478
181296,0.0007876153528925541
181297,0.0021259329351383765
181298,0.0010594249657571188
181299,0.01896317667296644
181300,0.0016249480532104445
181301,0.0007957780134675267
181302,0.0022757628660407944
181303,0.0028508723292583566
181304,0.0007064513008699045
181305,0.0004980926640847811
181306,0.00083556731419896
181307,0.001357569234985454
181308,0.0009332284044242577
181309,0.0008279756141847559
181310,0.0013271382595143443
181311,0.0006226908108675137
181312,0.0008408039603518892
181313,0.0005197774736427407
181314,0.001692517088033353
181315,0.0011626875974959903
181316,0.00123981322899475
181317,0.0009123458316360617
181318,0.0037489207421197144
181319,0.9976891914211643
181320,0.0006388095982410817
181321,0.0009096065245877973
181322,0.0007654544213707567
181323,0.0008870823558699419
181324,0.002305250778009797
181325,0.000914234804224579
181326,0.007592616422416747
181327,0.0010574815357407847
181328,0.0016494714254937646
181329,0.0007642128016741637
181330,0.0005736649082510295
181331,0.011430529059969653
181332,0.000334821742388984
181333,0.000990802803463827
181334,0.009498802951171042
181335,0.0017850916665486825
181336,0.0010627063789474158
181337,0.0007326028838947613
181338,0.0005450873698184576
181339,0.0014804820340970789
181340,0.0020831309045265863
181341,0.00047620785458121035
181342,0.0013236885479572533
181343,0.0005521658591280026
181344,0.000928822488258645
181345,0.0015917371176425
181346,0.002076918423993928
181347,0.005170912627259182
181348,0.0006665375110429283
181349,0.0005397971607475268
181350,0.0013770118867863388
181351,0.0029370856610193606
181352,0.00561614333060732
181353,0.0005346921642718471
181354,0.0015939397136491252
181355,0.001662739974278374
181356,0.0008080778622923113
181357,0.001252315438851053
181358,0.0010734347965674004
181359,0.007136320683543458
181360,0.0005752599837312992
181361,0.0017046568644240737
181362,0.0005584388557102699
181363,0.003154367362122295
181364,0.0039067977669129395
181365,0.008205805461037632
181366,0.0007462800299313189
181367,0.005471097594091919
181368,0.0009327498957770218
181369,0.0004963062074249008
181370,0.002742340707883187
181371,0.0037369831040061077
181372,0.001899170736745605
181373,0.00354659640068959
181374,0.00046159355751849556
181375,0.002134394848545422
181376,0.0007115315812408625
181377,0.0007237005059652504
181378,0.0015132903015106429
181379,0.0006202504566046687
181380,0.0014493038178500506
181381,0.0006500513550807971
181382,0.0038391379894757967
181383,0.0015489062053123755
181384,0.010066355443299146
181385,0.0007490301562265758
181386,0.004148994862201389
181387,0.0004940349746314301
181388,0.0006602176961991556
181389,0.0030750509142994844
181390,0.0016960874362940783
181391,0.0008066023352937149
181392,0.0005660926055494049
181393,0.0005516486247647177
181394,0.0076023638917674585
181395,0.0010192568494352798
181396,0.0009220974103066539
181397,0.0007656985091864142
181398,0.0012564338936337668
181399,0.0014182368562732533
181400,0.0016210696021479176
181401,0.0005572596997945557
181402,0.00047542670344121303
181403,0.0006292772544141496
181404,0.002023735809696326
181405,0.0019152849358551151
181406,0.002215011082142043
181407,0.00044626022532883125
181408,0.0019867030551801025
181409,0.0013091145670483585
181410,0.0016645910522561412
181411,0.0010412483186067558
181412,0.0067537145721921895
181413,0.0007382533842704376
181414,0.0005489552665478297
181415,0.0027949885686267676
181416,0.0008785585287755771
181417,0.01943557818846351
181418,0.0010016264276116317
181419,0.008061284867495935
181420,0.0005980535513879333
181421,0.001992415237432543
181422,0.002026170179336862
181423,0.0006191025826457306
181424,0.0007036886931909762
181425,0.00087388153101257
181426,0.0009221631894379106
181427,0.000383589740896656
181428,0.0025042502417983335
181429,0.000651952242871858
181430,0.0013634913166274479
181431,0.0022577475572953375
181432,0.0009357469673392069
181433,0.002077357782406098
181434,0.0005040420671427359
181435,0.0009840561211103655
181436,0.0006184535542912984
181437,0.0007314025636040683
181438,0.0008135388204183102
181439,0.003112498715146697
181440,0.2545580252002513
181441,0.0015079057110810301
181442,0.0005961980289322924
181443,0.005469875603664229
181444,0.0004788372891812191
181445,0.0005492857940708339
181446,0.0014071346695359531
181447,0.0018409747089144246
181448,0.0005788321322800953
181449,0.0006822717378039344
181450,0.0008601428315597392
181451,0.0005841467014433589
181452,0.0006218491919697825
181453,0.007154417021124923
181454,0.001061599364184558
181455,0.0004407712874288045
181456,0.0012245600186643504
181457,0.0010931420410774475
181458,0.002002597046102975
181459,0.001101308585465782
181460,0.00177723909098443
181461,0.0029407644261182607
181462,0.0007001468283583974
181463,0.00044212945995407817
181464,0.0008565313267191188
181465,0.0009970358830704196
181466,0.0009664313358267612
181467,0.0011953031775680978
181468,0.000802328810472762
181469,0.0007917701418452838
181470,0.0008502510336942885
181471,0.00040108326678966414
181472,0.0016834387863418222
181473,0.0007152230512198841
181474,0.0011405904798067125
181475,0.0011713776651346504
181476,0.0010156436162469243
181477,0.0009550864054221394
181478,0.0022599924497762234
181479,0.0018867498009290272
181480,0.0004914929893864877
181481,0.0008690295561179181
181482,0.0014246109407150228
181483,0.007821244796846068
181484,0.0012764916140018756
181485,0.002792858898906376
181486,0.0007828998882917834
181487,0.0018204512376481519
181488,0.0025393993249294036
181489,0.004419143532539548
181490,0.0010509055869804365
181491,0.001072116141075483
181492,0.0012562068471538828
181493,0.018369401656777362
181494,0.0006850434099306928
181495,0.001122160241021937
181496,0.002968576375357866
181497,0.002908846491205541
181498,0.0072289365259389365
181499,0.0048530287458492995
181500,0.0006267398876138434
181501,0.0012696879046733217
181502,0.0013437930028467075
181503,0.0007884399088762005
181504,0.9814146344609165
181505,0.0015236079701235695
181506,0.0023415555921595115
181507,0.0007673355572794759
181508,0.001221797445508059
181509,0.0008949676086169141
181510,0.0033516603240712674
181511,0.00062918799408333
181512,0.004557137972152197
181513,0.0010525949126804417
181514,0.0008808288554897683
181515,0.000497632784161919
181516,0.011837763267400925
181517,0.05171450333999794
181518,0.004340272800869328
181519,0.006916857799429928
181520,0.002081326604520846
181521,0.0017337727824908197
181522,0.0011366555354011885
181523,0.0004567615888962498
181524,0.0023327904864594144
181525,0.0026985805324517328
181526,0.0006237125318258565
181527,0.01111333823960654
181528,0.0035046712023259464
181529,0.0005176399926778164
181530,0.007776501222126026
181531,0.001734336051484666
181532,0.0019169185877541074
181533,0.0006868300421338194
181534,0.0011140890838376974
181535,0.0005068108525785521
181536,0.008668252543959762
181537,0.0011617871409244501
181538,0.0033568000350450425
181539,0.0020376139803117035
181540,0.0010595332933452644
181541,0.0018940374936360256
181542,0.0006284985978525062
181543,0.0006132549923163012
181544,0.0007448283478241617
181545,0.0007917436290664707
181546,0.0006017595769120019
181547,0.0019087773499586519
181548,0.0006698821434773837
181549,0.002516252016548504
181550,0.021936830556224526
181551,0.0007489019488683038
181552,0.0005004655725056227
181553,0.0012897259997580238
181554,0.043100183180389565
181555,0.0006856254938651133
181556,0.009303903948544686
181557,0.0011382377579550779
181558,0.0013169755752779776
181559,0.0009235455951419704
181560,0.0007077791476355705
181561,0.000583749061689955
181562,0.014629259443083997
181563,0.00048308261324891554
181564,0.001389486736999237
181565,0.000627847650737478
181566,0.00665188501955904
181567,0.0014882110940024676
181568,0.0004867950998138853
181569,0.0032946004063635482
181570,0.006240397907237913
181571,0.0019501052708128623
181572,0.0019860412349317017
181573,0.0013984311655913715
181574,0.0019342889785090495
181575,0.008667235987567707
181576,0.00865317295000206
181577,0.003318698940647147
181578,0.0014123051778675254
181579,0.0013033358096338143
181580,0.009618457921011611
181581,0.0007121529739687707
181582,0.0023465741225770003
181583,0.0007343134435541066
181584,0.0006195112727962506
181585,0.0006305156883922871
181586,0.20044714369756036
181587,0.001533867666420015
181588,0.0007513990039307336
181589,0.0009841584185471624
181590,0.0005720622240769932
181591,0.0009565414050096332
181592,0.003605778621357969
181593,0.000562991955864672
181594,0.0005803350086189571
181595,0.001424622979617036
181596,0.0008838679490890218
181597,0.004197735015904728
181598,0.0007871234239045068
181599,0.001207135556638044
181600,0.0018193392438323821
181601,0.0007444981582868093
181602,0.0004360122152227008
181603,0.0007302342309093683
181604,0.0006698098530439178
181605,0.0004389946537729513
181606,0.0015788669207874165
181607,0.0020836526439653134
181608,0.0013555348405633872
181609,0.0105776207006318
181610,0.999049363809191
181611,0.0027418481485371156
181612,0.0010078454356872248
181613,0.0020109452401244534
181614,0.0015497624083449226
181615,0.000921943130491575
181616,0.001195260996482039
181617,0.0004968703626969961
181618,0.0007010355026919103
181619,0.003180124890062147
181620,0.0012973131576193312
181621,0.001345238150356417
181622,0.0006456210772508778
181623,0.0007100007779446686
181624,0.0005721165902847398
181625,0.0015298630015319217
181626,0.0020589889756799625
181627,0.001046354887063383
181628,0.004683361908389226
181629,0.004481278832928343
181630,0.00436874411571647
181631,0.0018993025948240757
181632,0.006079762265261766
181633,0.0007734818484176388
181634,0.00075644812363391
181635,0.0003296289295058701
181636,0.002844116381087495
181637,0.0010016620069676209
181638,0.0005400445832244006
181639,0.0009014331586884587
181640,0.08008173619923085
181641,0.0009518344965481309
181642,0.000775101517222522
181643,0.0005900381258759254
181644,0.0006710962916064857
181645,0.004535372710425941
181646,0.010855369772214251
181647,0.0009806058178770498
181648,0.0013256975833371514
181649,0.001144540283273604
181650,0.0016912191380164744
181651,0.0007153832861499877
181652,0.0025072108715887727
181653,0.008489217242813511
181654,0.02133043568173833
181655,0.0011513673524452496
181656,0.0013915385467467088
181657,0.0024545608483325905
181658,0.00045865129499340733
181659,0.0004883070872956828
181660,0.0004990508923455022
181661,0.001653604884350272
181662,0.026968338091795212
181663,0.0006592882889661577
181664,0.0040224412886709915
181665,0.0023718872230725865
181666,0.0018334624575598408
181667,0.0010131564429407681
181668,0.00359504731322529
181669,0.0014989908311620103
181670,0.0005450167108516427
181671,0.00041083306179563246
181672,0.0006152493093271942
181673,0.0011044517705966846
181674,0.0013778595573063095
181675,0.0013906432313389196
181676,0.0017315222909884424
181677,0.015804538920487065
181678,0.0008338503434302885
181679,0.0008862750920465845
181680,0.0017570421511761674
181681,0.0014899693460618873
181682,0.0032041733498306057
181683,0.0006418299669337217
181684,0.0023189717523893817
181685,0.0032524600933786906
181686,0.0004559264814589133
181687,0.0009302404658195479
181688,0.0018588616418116764
181689,0.0003856283730536342
181690,0.0005836388299514991
181691,0.0008074880355630412
181692,0.003012978143145065
181693,0.001696359893499525
181694,0.0004980771543359817
181695,0.0005517259176136073
181696,0.00048317007944036954
181697,0.0006457659880361409
181698,0.000572121121384564
181699,0.0008238148603690468
181700,0.005631874077378635
181701,0.0016228481403691344
181702,0.00108502998886747
181703,0.0004536059798933974
181704,0.0007044755176401562
181705,0.0045915408996332115
181706,0.00476919670098685
181707,0.00040057361296433764
181708,0.0007928052552766321
181709,0.000498180199727061
181710,0.0007382932689377487
181711,0.0007863859171935387
181712,0.0013667085660309516
181713,0.0005551706044319117
181714,0.0006553565882161237
181715,0.0014668368372784154
181716,0.0006882637246721515
181717,0.0010441008022833694
181718,0.0008184275960751125
181719,0.0004904392955244531
181720,0.01088556229739716
181721,0.0014721244637729827
181722,0.008873461009462371
181723,0.0017944333156094672
181724,0.0006290770952373307
181725,0.0007330031133699431
181726,0.0008494741136095601
181727,0.003690316756784321
181728,0.0005952221622519263
181729,0.0028199925817091066
181730,0.0007925468849817444
181731,0.0008622020246897093
181732,0.005382624107092547
181733,0.0005917764087351829
181734,0.0005926505481182419
181735,0.0005099942680845684
181736,0.0006887844308719761
181737,0.0005747442363198118
181738,0.0017891089253725635
181739,0.0013942161931549673
181740,0.0010707991786390158
181741,0.0004898827759319252
181742,0.001493378382198776
181743,0.009221266130799599
181744,0.0006448929611625655
181745,0.0008565960976947091
181746,0.001070747921570431
181747,0.001424522078033418
181748,0.0018298086566479032
181749,0.0017239512855680775
181750,0.0011439452333302604
181751,0.0006951729693312743
181752,0.0008302731353324289
181753,0.004907904855993508
181754,0.0006480901590638932
181755,0.0011316694101213122
181756,0.0008468141600852649
181757,0.005062408531779546
181758,0.0007082207020335225
181759,0.0005632807522822963
181760,0.0007703408353027913
181761,0.0014715869388713437
181762,0.005232320672051013
181763,0.0004572649715547624
181764,0.001222895841240332
181765,0.0032295686700084063
181766,0.0004386625988057429
181767,0.0022971733217131843
181768,0.000985171928704651
181769,0.002006389283718422
181770,0.706466555775479
181771,0.0004875381110481797
181772,0.0006728279163101183
181773,0.0014528639931220399
181774,0.0025501496608502394
181775,0.0029094783056474467
181776,0.0059633697107118475
181777,0.00045443732963646637
181778,0.004363196343291182
181779,0.0006917961615301507
181780,0.20045349877011262
181781,0.0023499514421444307
181782,0.00461283044428488
181783,0.0026295750111711615
181784,0.0016331541943921642
181785,0.00080238409506555
181786,0.00038387199177865707
181787,0.015620688157744008
181788,0.0006014994830166312
181789,0.0005573369553540199
181790,0.0007710362024182351
181791,0.0018185789279780806
181792,0.00082023693599279
181793,0.0004714064744352114
181794,0.0005864495900848505
181795,0.0005994207705440084
181796,0.0009642492963610372
181797,0.05512230442042182
181798,0.001062819899079912
181799,0.0005820338648377978
181800,0.0064172130414858215
181801,0.002232143523188682
181802,0.0005564953856456707
181803,0.0006417288446793427
181804,0.0009528019973762416
181805,0.0010974291889391363
181806,0.0014063330190040827
181807,0.0021913340309953
181808,0.0009660506889728233
181809,0.04151310617902971
181810,0.00042359027479857577
181811,0.0033362149550300096
181812,0.001556801019274881
181813,0.0007975919626830527
181814,0.00489336820434253
181815,0.0005279001887828377
181816,0.0028113800364533872
181817,0.0007643980600773358
181818,0.0005288512751985025
181819,0.9701747374191294
181820,0.008904796324521576
181821,0.006174646254146276
181822,0.0007444563168904089
181823,0.0005839028117998697
181824,0.0015045329592638644
181825,0.009325527169504175
181826,0.0032177593184656043
181827,0.0008419839620960954
181828,0.0008285299043121006
181829,0.0008637119435889668
181830,0.000911961364814351
181831,0.00403999297863318
181832,0.0007170294202662157
181833,0.00047948954220651
181834,0.0004419789312031001
181835,0.0007165960715092792
181836,0.0006325016351421025
181837,0.002024705051535446
181838,0.0016188940466833944
181839,0.002517976134764439
181840,0.007344133372927088
181841,0.0007756506940984974
181842,0.0005173196822258125
181843,0.0043968766218368295
181844,0.0008626415767142233
181845,0.0008411309410319232
181846,0.0026397855567322276
181847,0.0007055035181954071
181848,0.001403569221114106
181849,0.0008143008571909797
181850,0.0006280612121603454
181851,0.004468788133193436
181852,0.00065746774621207
181853,0.0007740582322262238
181854,0.0027551550818300983
181855,0.0005059433585591286
181856,0.0006593690427712115
181857,0.2471426258930148
181858,0.000553123762958696
181859,0.0003714880673073018
181860,0.00043485817605220134
181861,0.0007493520252438654
181862,0.0006435307244912033
181863,0.0005618568822879657
181864,0.001872726666657827
181865,0.0018679398031450248
181866,0.0066014770016433535
181867,0.001346084392042238
181868,0.0013798674897705114
181869,0.0006022165142469193
181870,0.0007317234330089478
181871,0.000798671808339918
181872,0.0007768837742195037
181873,0.002622921236454461
181874,0.00073908968078196
181875,0.01019758334444963
181876,0.004272721113131922
181877,0.0017958315792580446
181878,0.0011160815633878191
181879,0.0008985680255099603
181880,0.0009395176233985417
181881,0.0006966545108407197
181882,0.0004884759889115731
181883,0.008728094298334382
181884,0.0007357465653474828
181885,0.0006038012066423974
181886,0.003028183890935939
181887,0.0006557501068374008
181888,0.0015484843047447986
181889,0.0019699753253749584
181890,0.004698857773492964
181891,0.0007122963356486336
181892,0.004869602540561591
181893,0.003918301469576756
181894,0.003982961863081835
181895,0.0011144070533583752
181896,0.0009746116447913759
181897,0.0010117878831995112
181898,0.0007071628693991203
181899,0.0012507649071467793
181900,0.0018730554670045845
181901,0.0008853674065226762
181902,0.019772519305784244
181903,0.0008817653313600289
181904,0.0005782087045496845
181905,0.000561576103617951
181906,0.0035382231690619364
181907,0.0009446748658789032
181908,0.12336025605020463
181909,0.0016005268481410705
181910,0.0006046630318983535
181911,0.003553376109315901
181912,0.0017531678027979678
181913,0.0007407578076881001
181914,0.0019084731106551
181915,0.0004812600777919366
181916,0.0020261875245058455
181917,0.00695867212112394
181918,0.0007552572822428865
181919,0.0004996346654608718
181920,0.002896234502373298
181921,0.0034939491972012446
181922,0.014722961334482107
181923,0.001996313473552994
181924,0.0005693487870571169
181925,0.0011631895903832239
181926,0.0011999373897849841
181927,0.0005548594517902227
181928,0.0020357103174350375
181929,0.0007509011755583907
181930,0.0004866496023313731
181931,0.003982387979038648
181932,0.0021245505944363207
181933,0.006301814607037359
181934,0.0010801349796812124
181935,0.0005784864026150326
181936,0.0011516723161217233
181937,0.0019871410442785574
181938,0.0018876831828029126
181939,0.004005604085791284
181940,0.0007314887997677036
181941,0.0006276743238777132
181942,0.012026382005320647
181943,0.006605846614665904
181944,0.0013489928024027686
181945,0.0005449867151118558
181946,0.012864122372469287
181947,0.00381105527127388
181948,0.0006957606517801548
181949,0.0006415774338184964
181950,0.0023427748597230217
181951,0.004891555561911832
181952,0.0010165808656667416
181953,0.0029702636536233376
181954,0.003123031624762928
181955,0.0006548440053739054
181956,0.003097868625621623
181957,0.0010366159965777483
181958,0.0005584522590572545
181959,0.0016369698906892449
181960,0.0007995297961965931
181961,0.00048300801725386787
181962,0.0006826232523867281
181963,0.00036537425822188573
181964,0.0006358099544607372
181965,0.001118655882532769
181966,0.0005135916502059618
181967,0.002000106859435528
181968,0.000548535151636634
181969,0.0006089172030344873
181970,0.0007534877123490811
181971,0.0009649318294666731
181972,0.0006757778308285502
181973,0.0021724799836512973
181974,0.0005502410616151147
181975,0.0006156272100267349
181976,0.000496056312302513
181977,0.0006190682571868057
181978,0.000996177257402405
181979,0.0015880580351143225
181980,0.0005981667274348359
181981,0.0005343566425574198
181982,0.0007701070204557084
181983,0.004454487408703752
181984,0.0007507288744371338
181985,0.0032997479042493694
181986,0.000594491604662299
181987,0.0004999471513644874
181988,0.00145256713635824
181989,0.026266945390277956
181990,0.0008986187623482448
181991,0.003558338690682208
181992,0.9951113543208803
181993,0.036623149602868145
181994,0.00175374180862941
181995,0.0005885632588893751
181996,0.0003505947128123772
181997,0.0007312879350425937
181998,0.000598718785543465
181999,0.0005546390998732236
182000,0.004660335733017322
182001,0.0004961882759618173
182002,0.0005470783539099545
182003,0.0007540606875803542
182004,0.0015951645408353076
182005,0.9609574887670358
182006,0.0009116809911141595
182007,0.0008407250880107675
182008,0.002463518587718326
182009,0.0013567315073770385
182010,0.0008121063118139326
182011,0.0006141402631118566
182012,0.0009167877309099751
182013,0.0004810096003079904
182014,0.002964483239874039
182015,0.0015463262232148873
182016,0.0014658396664475667
182017,0.0005559553839886062
182018,0.0008194947949904744
182019,0.001361045727275901
182020,0.0011899759918715858
182021,0.0013958019556919703
182022,0.0011104744322903532
182023,0.0006343452527267656
182024,0.001276351128854383
182025,0.0007534075160058004
182026,0.0025042871307595473
182027,0.007755596944287002
182028,0.0022735524388629697
182029,0.004347706628304757
182030,0.0016006568998524675
182031,0.0027267808352696003
182032,0.0006421985131538851
182033,0.0006117571877672453
182034,0.000568830321941845
182035,0.0020524755826091218
182036,0.0005682093285909539
182037,0.0004447775654475816
182038,0.0009218077004559291
182039,0.9959016148466012
182040,0.0008560882924260424
182041,0.0005525956431360839
182042,0.004517601606174043
182043,0.017739592354613185
182044,0.006136006604656486
182045,0.0014447278242733224
182046,0.0048523050574571895
182047,0.0021247680085113426
182048,0.0007184931227618911
182049,0.001979252796802184
182050,0.0007711203724451894
182051,0.20092990726103238
182052,0.0015248935348159485
182053,0.008426404499428497
182054,0.0007093775755094914
182055,0.004788054325120845
182056,0.0007413831570625925
182057,0.0012149161883421764
182058,0.0029211673605685252
182059,0.0005373147143529644
182060,0.0005448303012764351
182061,0.004684644137900132
182062,0.0009930987606392742
182063,0.0006095198272716202
182064,0.00047089345041871877
182065,0.0022452683320797417
182066,0.000617775223613272
182067,0.0008616086584003525
182068,0.0005396506448262319
182069,0.001064987681775925
182070,0.0005608031040387388
182071,0.0004536779538810052
182072,0.0016182888614125876
182073,0.00048760642320715917
182074,0.0009517805590792553
182075,0.0025607957959641998
182076,0.005566922478668258
182077,0.0005750121738176356
182078,0.000439392000663003
182079,0.0025201402441820428
182080,0.0009059640465627904
182081,0.0008704823184795259
182082,0.002324867263339527
182083,0.0008598270042512017
182084,0.0004986840800887214
182085,0.0005815671059116134
182086,0.0006509166194563116
182087,0.0035597778734581358
182088,0.004271993152224114
182089,0.0006336419177921333
182090,0.0022148214955305156
182091,0.9990955617624162
182092,0.0025105402113667916
182093,0.0006735254298520482
182094,0.0007097513067962875
182095,0.0033037912982889304
182096,0.0005917364813500717
182097,0.0006161612046588854
182098,0.0011807732884296855
182099,0.0005279018762829039
182100,0.013430965013617208
182101,0.001820733453744032
182102,0.0006869702272995436
182103,0.0013092742183069112
182104,0.0007500667128877304
182105,0.002441172986272363
182106,0.0008977984452873695
182107,0.0006427600142912818
182108,0.002436702068510976
182109,0.02857991987216637
182110,0.0010427283439290516
182111,0.003775337981448535
182112,0.007118675504380787
182113,0.0013205719802359976
182114,0.0007486550510615561
182115,0.007224634655176625
182116,0.0018064909109213158
182117,0.08213340490911006
182118,0.0017582235803654932
182119,0.001212605572604798
182120,0.0011615715392487374
182121,0.0014967901991019255
182122,0.009058297631961667
182123,0.9991147764013149
182124,0.008911332944859896
182125,0.0012070731307992932
182126,0.0007277850010405204
182127,0.022973521537178382
182128,0.0007298185030478138
182129,0.0005660818183231943
182130,0.0013105775533181622
182131,0.0009660993509232657
182132,0.9911666233369851
182133,0.0017022959903178294
182134,0.000689559209972881
182135,0.0008832356098201601
182136,0.0012936598946627572
182137,0.0004985719412849397
182138,0.001155023740716287
182139,0.00044081239458046266
182140,0.00046282938330539225
182141,0.00848170648633233
182142,0.0006737703520562089
182143,0.000899970947737136
182144,0.0036245968748700834
182145,0.0005548986149389539
182146,0.0008063166445110969
182147,0.0009162506333151713
182148,0.0006943216274389113
182149,0.0012407506190876701
182150,0.0005723273367413383
182151,0.0004912021365882275
182152,0.007016357132948596
182153,0.0003405410360372478
182154,0.001811028850511517
182155,0.0014450690519995908
182156,0.0020301014125580228
182157,0.004160185466476182
182158,0.0067656100055691806
182159,0.009880408312763296
182160,0.0009207632086120983
182161,0.0021641515009226666
182162,0.0035526139833832243
182163,0.000767934912727994
182164,0.0007208145970409031
182165,0.000975363344693737
182166,0.0007067988429877178
182167,0.002424333813360727
182168,0.000793010912024402
182169,0.005892541967452213
182170,0.0008163069606113549
182171,0.0008807495128103273
182172,0.0010021068708267167
182173,0.0005599600091666278
182174,0.0009519846857222569
182175,0.0015022181572544686
182176,0.0008271158543024383
182177,0.001507794211739795
182178,0.0007291288464022337
182179,0.994458332290179
182180,0.004445170048624159
182181,0.005596764981498293
182182,0.017342238262418326
182183,0.0006185931016765454
182184,0.0014417612096192848
182185,0.0006889719384865195
182186,0.0007024766804862778
182187,0.010426088055211091
182188,0.002263848764394266
182189,0.0007164580442530102
182190,0.0010416201521350897
182191,0.0004341086181685231
182192,0.0008917716521053001
182193,0.0007494351348671887
182194,0.0011914161032096637
182195,0.0009716478848421722
182196,0.0005398201977664073
182197,0.0007968275763122075
182198,0.000720928333245085
182199,0.0009952856929378894
182200,0.0027439626184065833
182201,0.006459646757926568
182202,0.0006035457892989505
182203,0.0006551502230293548
182204,0.0009418770979337326
182205,0.002310575925318017
182206,0.007651650594918532
182207,0.000614835514848601
182208,0.0005338532187462265
182209,0.00046729607311936616
182210,0.0015931713272260752
182211,0.0006378111803335706
182212,0.0008679567766178976
182213,0.0034781911749605537
182214,0.0016137906365202874
182215,0.0009368513511036007
182216,0.0007728376484733636
182217,0.003288327974483837
182218,0.002064338678803639
182219,0.0007881038218307777
182220,0.0005795596234236268
182221,0.0005001566693733699
182222,0.0028594394426522374
182223,0.0005448216479404606
182224,0.02375559457293737
182225,0.0007545944204926772
182226,0.001000595256669898
182227,0.001026860735056025
182228,0.002154010813774189
182229,0.0008059031707615349
182230,0.0007202527356338338
182231,0.0006260917584533763
182232,0.000784009513771928
182233,0.0012099350574927203
182234,0.000522808488827528
182235,0.0006533310866291385
182236,0.0023076918495738828
182237,0.0023961508902827543
182238,0.0005474993315141564
182239,0.002641749088310259
182240,0.0012382613840685
182241,0.0018331230683913348
182242,0.0006491091361710631
182243,0.0033935035009590485
182244,0.0005526031902326228
182245,0.0031839914344134936
182246,0.0010069533830417005
182247,0.0006857730732850495
182248,0.0014331483261728032
182249,0.0022406624232703155
182250,0.001987537999932032
182251,0.0006767789345010818
182252,0.012393627616943459
182253,0.0007680228926752772
182254,0.0009960099657109513
182255,0.0004812457561359781
182256,0.0005888493771036165
182257,0.0016465498296956904
182258,0.0008902600478102362
182259,0.0007654979369405709
182260,0.0006695349812405142
182261,0.0007224525623855346
182262,0.00045079245260451625
182263,0.001862523204000667
182264,0.0007273553776436013
182265,0.000771214467645238
182266,0.0006857239004134348
182267,0.00045801272416738935
182268,0.9967738604444506
182269,0.5561105079564133
182270,0.006010494057051405
182271,0.0019009938356412547
182272,0.0013090590391520588
182273,0.0018843423772376899
182274,0.004278457571740806
182275,0.0007936955990176855
182276,0.0004499554168796131
182277,0.011460168098250177
182278,0.0013628291067676042
182279,0.0026237828984362315
182280,0.0005193025822537228
182281,0.010815677537607872
182282,0.0006444818678260055
182283,0.005257584937237613
182284,0.003122082554968023
182285,0.0022124600243870495
182286,0.001005405496570273
182287,0.0006533315285842718
182288,0.0005320044364671522
182289,0.000683196354940361
182290,0.0037679777760287803
182291,0.000691931856292344
182292,0.9477283529388572
182293,0.0018767356963431746
182294,0.001969418110223208
182295,0.0012171219405129133
182296,0.0005546988464793437
182297,0.0005132443395827742
182298,0.0005349565514243257
182299,0.0009207255155585254
182300,0.000523258107355159
182301,0.0008142285424039904
182302,0.0015598404979686726
182303,0.0007600222568777488
182304,0.002730423177462052
182305,0.0006533562098653837
182306,0.0025121241694231865
182307,0.0006896688569000916
182308,0.002336532837505784
182309,0.003563212254716954
182310,0.000590014638898954
182311,0.004357031650539424
182312,0.0011734232862920186
182313,0.0006367375474402787
182314,0.002514229711876017
182315,0.0019099085805715874
182316,0.004938548743862521
182317,0.006178324675198075
182318,0.005382617780683481
182319,0.0006056291213049668
182320,0.0009526365629538706
182321,0.0005473689492039933
182322,0.0018473861108456613
182323,0.0011622420471213814
182324,0.0017728798550862334
182325,0.0005301274939601126
182326,0.0017306168788717145
182327,0.00043531514664552046
182328,0.0023784806014873873
182329,0.007331457988004323
182330,0.0005239024618598353
182331,0.026557737965320957
182332,0.000412489871533667
182333,0.0015272128862019738
182334,0.0009797190716311923
182335,0.0035083509801289315
182336,0.0010262450229581743
182337,0.0004546255762611415
182338,0.0007808139606674487
182339,0.0033918627175897726
182340,0.0008920031767642063
182341,0.000511847266532189
182342,0.0007151202997566993
182343,0.0008812725574988032
182344,0.015504328747946822
182345,0.006898528969973224
182346,0.001219144760188479
182347,0.002958319911475154
182348,0.0005294465361632753
182349,0.0007507347933039706
182350,0.0013821854578531224
182351,0.010626962337220536
182352,0.0005174742046720278
182353,0.000829269318803042
182354,0.0018261254754722565
182355,0.0005590178955587353
182356,0.0007741288525250099
182357,0.0010491245778550002
182358,0.10566195712662943
182359,0.02582555875681076
182360,0.002256726673464045
182361,0.0024574097777750018
182362,0.9919068226524194
182363,0.001934474353022094
182364,0.0018080709011656499
182365,0.0015653466352608695
182366,0.0004468419280943343
182367,0.0016348881150270449
182368,0.0006831808274170059
182369,0.00045619674664918315
182370,0.00429546647364121
182371,0.001456418239434084
182372,0.0017517912298435293
182373,0.0004340141759672221
182374,0.0005772524982561138
182375,0.036349198313975095
182376,0.0030569012888291814
182377,0.0012179242181538667
182378,0.000808905975367646
182379,0.0006258462388373303
182380,0.0013218263986734132
182381,0.0029107176212673043
182382,0.014050649219601637
182383,0.000712551383859629
182384,0.000706524741320165
182385,0.021528581838708392
182386,0.0006836066059953381
182387,0.0005154166627631789
182388,0.004527328491585102
182389,0.9989007864125427
182390,0.0015822505037078982
182391,0.9960560561119012
182392,0.003084009261637196
182393,0.0005373282735859366
182394,0.0008031582659256788
182395,0.0005721431488139943
182396,0.010296389761189271
182397,0.0009996007760725647
182398,0.0009667404720427958
182399,0.0033873382272725334
182400,0.005291994562525831
182401,0.0006952364371629324
182402,0.0005460092626996804
182403,0.002058674762629058
182404,0.0010414851541480003
182405,0.0007825743180813699
182406,0.0026511749570244146
182407,0.010472120805652607
182408,0.0016413760715572887
182409,0.0008268761367110852
182410,0.0009224408511380095
182411,0.0008120562074397692
182412,0.0011475757170257817
182413,0.0015991642611017983
182414,0.0018886074298685093
182415,0.0007014526131353202
182416,0.0005708165971012705
182417,0.003867598646306696
182418,0.0004950036741615783
182419,0.0033067792814805465
182420,0.004730607234395921
182421,0.0020063706129052647
182422,0.0012935235414246293
182423,0.0005443841645773283
182424,0.01939680650678872
182425,0.0010054257002412247
182426,0.0005106414586236348
182427,0.0009502288575064981
182428,0.0006276668841939117
182429,0.0018096987172210993
182430,0.0012972225458712226
182431,0.000847852969168607
182432,0.00624858472130303
182433,0.0005407916916924795
182434,0.001147024548767399
182435,0.000839376204684757
182436,0.001619473193259567
182437,0.0008338240152883189
182438,0.0006104383574874593
182439,0.000643539965147765
182440,0.001416177107295667
182441,0.0007154224051526426
182442,0.004217103164996432
182443,0.004359450526536458
182444,0.0007991140656865382
182445,0.0006510834274909829
182446,0.004153443518229127
182447,0.0024185365660579746
182448,0.0005958416674495737
182449,0.0060233856245816165
182450,0.0006696541687143817
182451,0.0006024540327253146
182452,0.00142951844732164
182453,0.0009313250663429032
182454,0.0034557430542108635
182455,0.0061297481978676745
182456,0.0007665986295726011
182457,0.0013378060515981428
182458,0.0007247846967702226
182459,0.0008776318964544422
182460,0.0020339488088732764
182461,0.0007550637786473897
182462,0.001615381947893132
182463,0.0005616101403845692
182464,0.0008945078792915885
182465,0.0008530800237871474
182466,0.0012031505452002975
182467,0.0036526435938276014
182468,0.001377070253157497
182469,0.0005516240456312106
182470,0.0015373207828864865
182471,0.0007748508021176377
182472,0.0031658894018118102
182473,0.0007590131782123406
182474,0.9897150740324455
182475,0.0006120725388956834
182476,0.004128754639041542
182477,0.01652567712050446
182478,0.0006750388540455633
182479,0.0014938201892634728
182480,0.0007852614220797654
182481,0.0006258876589842156
182482,0.008662890427769321
182483,0.00722100927278087
182484,0.0007486458346404618
182485,0.001084589705198475
182486,0.0005063418027551292
182487,0.0011457186009109334
182488,0.9894222740282921
182489,0.001169331651614472
182490,0.0009295518110851677
182491,0.002287437306730627
182492,0.004252206735532346
182493,0.0014415968603738905
182494,0.00095327037988166
182495,0.002358579096058037
182496,0.000729065730579311
182497,0.0007160034449136096
182498,0.0005823006040626828
182499,0.20086303178717327
182500,0.0006903069458659373
182501,0.021248918442634518
182502,0.0006714716636860953
182503,0.0006155113514000153
182504,0.0007424999325062977
182505,0.003108567619706321
182506,0.00043296541626329163
182507,0.0007207338488152994
182508,0.001982473076479322
182509,0.0008467112293498481
182510,0.001111906542550966
182511,0.0025111253919578077
182512,0.000675484544529273
182513,0.0005326940067380686
182514,0.0019664819266819286
182515,0.0005571094814741879
182516,0.0006305416359961378
182517,0.0006378930098570983
182518,0.044391748751419366
182519,0.0019828034997269504
182520,0.010380595534796052
182521,0.0006242206337705256
182522,0.0015188168489798516
182523,0.0014611247361999385
182524,0.0013190365488885871
182525,0.0005862145686647551
182526,0.0005682018319410439
182527,0.0004770589830865997
182528,0.0007399321468402999
182529,0.0009719492317896473
182530,0.0015825642352772621
182531,0.001563855695671851
182532,0.0007226670411914805
182533,0.003283807123911165
182534,0.002411426205800595
182535,0.001461924399262831
182536,0.0006232139072975517
182537,0.004928616418803246
182538,0.0005208673691224633
182539,0.001018296606333128
182540,0.0007973384966276438
182541,0.000490284451175768
182542,0.00048808458253513977
182543,0.001684689168566391
182544,0.0006828426590349834
182545,0.003370730066157833
182546,0.0005575683262439139
182547,0.0015286743790960268
182548,0.025405547300859206
182549,0.0007319913059705239
182550,0.04489097777255599
182551,0.0007047819243521958
182552,0.0005212198075783609
182553,0.005713188139467442
182554,0.0006520699244511284
182555,0.005331048605346144
182556,0.005351834461913363
182557,0.0005281293749399431
182558,0.0015944348485433862
182559,0.0010557188704385467
182560,0.0007116926126291329
182561,0.0008668558039520702
182562,0.0005297211350041413
182563,0.0010228079418974272
182564,0.0006772134986482804
182565,0.009346397403329916
182566,0.0010320484458064337
182567,0.0010188940081772417
182568,0.0009214738529970156
182569,0.005190964468075039
182570,0.0005429647021929477
182571,0.0006924961231638166
182572,0.0010341427191432571
182573,0.0005922181922107666
182574,0.0013840062784572541
182575,0.0014284012562356448
182576,0.0008391818612963341
182577,0.9975487812724698
182578,0.0006311029434473153
182579,0.0034297984603241212
182580,0.0012902231511124794
182581,0.00136852210231275
182582,0.0015476796516049193
182583,0.0011873467159462118
182584,0.0009829554073070273
182585,0.0037630354377672596
182586,0.0006198169007660712
182587,0.0006255097905660661
182588,0.0007480643400165721
182589,0.001573927116799092
182590,0.0005878815212964073
182591,0.008762716214440882
182592,0.006515460583941372
182593,0.0010579359021729376
182594,0.0005825161857367896
182595,0.0006469374376870322
182596,0.0030541645850467648
182597,0.00824731849140373
182598,0.0018892013409768425
182599,0.0007863148525660014
182600,0.0007418457356337435
182601,0.00361954683536497
182602,0.0034238943919701137
182603,0.0014594718816674632
182604,0.0004237927077491578
182605,0.0005578160438908283
182606,0.001730323870711936
182607,0.0005957589378268141
182608,0.0013996785363742856
182609,0.0006736822788586575
182610,0.0009923798668851807
182611,0.0053426177684636105
182612,0.001137513869195861
182613,0.0021343414779225224
182614,0.0007222148302450829
182615,0.004134998731164312
182616,0.0011180284379469514
182617,0.0020589796552961644
182618,0.0007602012846901561
182619,0.0006971821489705185
182620,0.0005406323142334895
182621,0.0005355221897623011
182622,0.0006287193032918165
182623,0.004629970251417564
182624,0.004320602220124873
182625,0.003817263184510032
182626,0.0028786446764544516
182627,0.003396529600599929
182628,0.0017424014117129536
182629,0.010441416611404457
182630,0.0006274070762215001
182631,0.0006039286729332457
182632,0.0012588995749525298
182633,0.0010677807555983811
182634,0.00279498973650585
182635,0.0013987259284372
182636,0.0008486141320223073
182637,0.0005852379371844702
182638,0.0012042796526850993
182639,0.0008397867114262544
182640,0.0014470510046250208
182641,0.0009709122830269179
182642,0.0006976006243446554
182643,0.0010215093842347173
182644,0.02204588674370292
182645,0.0011347587765761118
182646,0.0027037523260823614
182647,0.0008036521528008101
182648,0.0023597224842394206
182649,0.005220476147768712
182650,0.0008056688327783804
182651,0.0008534410852088117
182652,0.00037453404891855637
182653,0.008596189079436059
182654,0.0005742322922432388
182655,0.0019482964916492699
182656,0.0005544729502632924
182657,0.0020143364259644202
182658,0.04296316720660774
182659,0.0006637464264864917
182660,0.000584488191004566
182661,0.0005323060048408673
182662,0.001076390425537858
182663,0.23286107674510392
182664,0.0007956007405727679
182665,0.0023269130334781446
182666,0.002810185643259123
182667,0.0005310863695908322
182668,0.0005451856266869904
182669,0.0013882729360144834
182670,0.00040135955591679074
182671,0.0069328955259024124
182672,0.001121337602783573
182673,0.0008848245918497966
182674,0.02285525811806642
182675,0.0011488862246529312
182676,0.01385450610054613
182677,0.0007829402053701269
182678,0.0008408439558145319
182679,0.0009536745615868368
182680,0.0006386507838740372
182681,0.001811494516619664
182682,0.0007040760713796746
182683,0.0017949036171971155
182684,0.0006429353363081852
182685,0.0005343103232075915
182686,0.0004097251457908321
182687,0.007406006912334524
182688,0.0017233082370789838
182689,0.0021416211468559747
182690,0.0006742627552462961
182691,0.0010496936984682398
182692,0.0005165003186617987
182693,0.0008993125676749319
182694,0.005068628018835199
182695,0.0008610533929858841
182696,0.0014470265114641936
182697,0.0005913432048617939
182698,0.001260217165933505
182699,0.000620726769783556
182700,0.0010481218645133044
182701,0.0010356307550020863
182702,0.0007768401114990563
182703,0.00591888527464489
182704,0.0004978311402345208
182705,0.0009275075179875911
182706,0.0007023689295859855
182707,0.0008157644488742033
182708,0.0007600739410584407
182709,0.0007561880836101414
182710,0.0021610999555373403
182711,0.017978171753167717
182712,0.000978240975431947
182713,0.0006829023755864959
182714,0.0005892989626039275
182715,0.979189203234948
182716,0.004457594911710743
182717,0.0007656589575903357
182718,0.00033524002447899424
182719,0.000755683726132687
182720,0.005407327194675508
182721,0.0037441905404993923
182722,0.004457363340135047
182723,0.0032805189121977024
182724,0.0005175428103257556
182725,0.00057053599987587
182726,0.000954006376360491
182727,0.0007422208726987267
182728,0.0008670918526873261
182729,0.04135898907778002
182730,0.0026018039530085217
182731,0.0006755645573577443
182732,0.022942785038551565
182733,0.0011828744629294205
182734,0.003860009401120768
182735,0.0004994998764290266
182736,0.0010794451256188658
182737,0.0013368638104136494
182738,0.007300743535596543
182739,0.0013400869572939226
182740,0.0012263117494818183
182741,0.018962357498676332
182742,0.0012017183080644497
182743,0.0007565917419931234
182744,0.0006655422933230248
182745,0.0011243037628667172
182746,0.0007075666718559123
182747,0.0013225833033237825
182748,0.0043619343441946585
182749,0.01704148492272006
182750,0.001109254230767686
182751,0.0010474964511971135
182752,0.0008589756985993025
182753,0.0005103494635955267
182754,0.0005261823184083106
182755,0.0005013543536254289
182756,0.0004895735917736699
182757,0.0011691399308099467
182758,0.004295393524152714
182759,0.0015109056916040042
182760,0.003931646545813079
182761,0.0068236173478527715
182762,0.0005832746854881245
182763,0.0008818765810797229
182764,0.0038021326299876135
182765,0.0008257523720927213
182766,0.0005662813780661609
182767,0.0005237400204028314
182768,0.000778465157858569
182769,0.0007015030931557485
182770,0.0014852875243178815
182771,0.0006226341472166835
182772,0.0009889330744215566
182773,0.0009402774864949001
182774,0.00048626304473401317
182775,0.0008515286795334972
182776,0.0004941315451454343
182777,0.005695841262128132
182778,0.0007420043473504155
182779,0.0014302881077530312
182780,0.00048481946281322226
182781,0.0005334329870604035
182782,0.0006022987155243212
182783,0.0008028434919431012
182784,0.0005655045225005083
182785,0.001100400100871739
182786,0.002302685855854338
182787,0.000892012776960417
182788,0.0006230667473043219
182789,0.0017649889232694018
182790,0.0033816483361989906
182791,0.0005924586461941747
182792,0.0006407894263820734
182793,0.005678628893723142
182794,0.0008988432319194551
182795,0.0005847728068063922
182796,0.0004987862550379407
182797,0.012223691128020072
182798,0.0008215813954781921
182799,0.0007992200907426124
182800,0.0006126320546707641
182801,0.0005286490883507669
182802,0.0048182930613283725
182803,0.0014773731708400129
182804,0.0007900412566887939
182805,0.0005758247889657386
182806,0.000868222067346446
182807,0.0006536399609289177
182808,0.0018123877271509514
182809,0.001104585620068549
182810,0.0022759481891614338
182811,0.0008682992469410332
182812,0.001894338031480332
182813,0.001001074438784865
182814,0.0011567873919484386
182815,0.005491210097957631
182816,0.0018615139600817177
182817,0.0022279157061894615
182818,0.0031092143875359815
182819,0.0009232955452736684
182820,0.029648862965342405
182821,0.0007049149703303267
182822,0.0035781065847919325
182823,0.0005170133832535018
182824,0.002114884840938202
182825,0.0005806271164896123
182826,0.0019116143222858235
182827,0.0006914917832282018
182828,0.00044908713043556126
182829,0.0005777063234670404
182830,0.0017247424442766695
182831,0.0025089004384705395
182832,0.0007020270666897104
182833,0.0008525010800388795
182834,0.002859372440310259
182835,0.0010304550381188425
182836,0.000558683745459013
182837,0.001846565975923321
182838,0.0005465913347259128
182839,0.0011342946897801697
182840,0.0006879785420188988
182841,0.2578974373194132
182842,0.0008966216315739298
182843,0.003586411402705417
182844,0.0017504577801975957
182845,0.025324510917994605
182846,0.0007938526388808048
182847,0.0009893659183997203
182848,0.0005218490109278839
182849,0.00032580883142918344
182850,0.0005929747103145557
182851,0.00044390028288412623
182852,0.0005108256217864883
182853,0.0005899295767740733
182854,0.0006473013602733156
182855,0.004351833764349725
182856,0.001515237928436427
182857,0.0010119929008902614
182858,0.0006284805376948736
182859,0.0008403526578111962
182860,0.0006729157731637935
182861,0.009658893090504597
182862,0.001190211057919498
182863,0.0005108253536596164
182864,0.002363730120222437
182865,0.004352383659872765
182866,0.0027746956203839627
182867,0.002880314497148073
182868,0.009113501112725637
182869,0.009625047647983772
182870,0.0005304463725614185
182871,0.0016265813354449073
182872,0.0013445950208824209
182873,0.0005953451242285605
182874,0.002583746184380377
182875,0.002623893881388949
182876,0.0012765799953956165
182877,0.000991784048070972
182878,0.002366765250331278
182879,0.0013100346227628069
182880,0.0003924328777272789
182881,0.0011536280650344408
182882,0.0013463986789850326
182883,0.03746340529605931
182884,0.010790367222808527
182885,0.0009551607279004082
182886,0.0005600826422819275
182887,0.0006042146153227659
182888,0.0026986529804814497
182889,0.0008024078293429166
182890,0.0005012611023566915
182891,0.0009077233497211184
182892,0.0022761415951938883
182893,0.0007824233817822056
182894,0.0007681085854070325
182895,0.01060182963639305
182896,0.0005783604038683751
182897,0.0006075658254753597
182898,0.07565734419036592
182899,0.001235231071182933
182900,0.0007358556232257736
182901,0.0006224391964020319
182902,0.0005578515741144945
182903,0.0011757892201902389
182904,0.0006080175011489046
182905,0.005689250194789034
182906,0.0015203508814258476
182907,0.0012393651651137656
182908,0.0014037347277405445
182909,0.003369040987619166
182910,0.0017397013273001709
182911,0.0007731585238047552
182912,0.0006493237386410075
182913,0.0004847618737755073
182914,0.000399290952656954
182915,0.0012183572224282666
182916,0.20170428572348167
182917,0.020512913959128107
182918,0.0007607111877024741
182919,0.0005464478984629345
182920,0.0007038096160273055
182921,0.028415071096787252
182922,0.0007408576610157368
182923,0.0010686812598379011
182924,0.00042255023742356334
182925,0.0008929734473663144
182926,0.0007160472732935118
182927,0.0009187286683027939
182928,0.00148050103922821
182929,0.001875235393082774
182930,0.0006998798902537575
182931,0.008042159782639748
182932,0.0024413239859965383
182933,0.000490214398523413
182934,0.0013488859105113093
182935,0.001621074111805525
182936,0.0007688418732595557
182937,0.02070988065028047
182938,0.0008468123844381989
182939,0.0006109256222716095
182940,0.0030643454798214374
182941,0.021133761217825932
182942,0.000793071312678131
182943,0.000832350901294378
182944,0.0006939870919993818
182945,0.007093524035251337
182946,0.0005465135227946392
182947,0.0007328280258459222
182948,0.005014381232183134
182949,0.0004415502136462873
182950,0.0004801949691974775
182951,0.0007874216727497625
182952,0.009492884417907304
182953,0.0005835395630083584
182954,0.0007322525999644928
182955,0.004616026236157761
182956,0.0005600489693004105
182957,0.0006591398219335561
182958,0.0007776047893329429
182959,0.03007807795511412
182960,0.0013307262966802719
182961,0.00045026767351993076
182962,0.0009266878014394016
182963,0.0005162908335996972
182964,0.0006442372595595672
182965,0.0020193018947136524
182966,0.004272566270865641
182967,0.002497254911312395
182968,0.0005457761662616392
182969,0.001924228884875262
182970,0.004021449603565924
182971,0.0015523179829879715
182972,0.004140985767878502
182973,0.000853663088437618
182974,0.0007988717036943717
182975,0.00074136845477193
182976,0.0013421372150335309
182977,0.0008364972924030301
182978,0.000428057552060231
182979,0.0005791701682272711
182980,0.0018573237524414257
182981,0.0006522732531344647
182982,0.0005300795998135719
182983,0.9944459474898119
182984,0.0007014254498719525
182985,0.001099664813880458
182986,0.0007993868262311163
182987,0.00487994763644649
182988,0.0006251239120156601
182989,0.0006860458423158125
182990,0.0005814767117866223
182991,0.0004696090204750061
182992,0.0007600887987012766
182993,0.0004591465870577589
182994,0.0008072206652445808
182995,0.0032627911492359466
182996,0.0009014637835685046
182997,0.000845867330682126
182998,0.002547651753564235
182999,0.0020707344831911887
183000,0.0006958174447650751
183001,0.001911264819007644
183002,0.0014029389854336568
183003,0.000805507236621533
183004,0.0006602992815140658
183005,0.006840085000474852
183006,0.0007014479589454666
183007,0.0004105938946320988
183008,0.0008480138024104287
183009,0.02332153782483575
183010,0.00885531176115581
183011,0.0017209486276960073
183012,0.01946761601626459
183013,0.0006494646546329286
183014,0.0004614609946578212
183015,0.000689596885236637
183016,0.0014771910093464027
183017,0.0009246745552465492
183018,0.0006312608368632724
183019,0.0030305414187986337
183020,0.0010792718664742215
183021,0.0013732097690693935
183022,0.001179668912291819
183023,0.0017343832689409935
183024,0.0014269750835614523
183025,0.0007585771097280996
183026,0.0004667837472135202
183027,0.0012067645591196856
183028,0.0005572553186861862
183029,0.0017714612833831234
183030,0.0036659281770771504
183031,0.0008730082609441318
183032,0.0008387222337682739
183033,0.0006718138141671934
183034,0.0008792342791817768
183035,0.0012565208139752784
183036,0.0014943360016623978
183037,0.0004865431892904841
183038,0.0017791566905327933
183039,0.0016083790476603293
183040,0.0010611876781998057
183041,0.0005828843420944643
183042,0.008323574122730205
183043,0.000664561901689397
183044,0.0007937797374277856
183045,0.010000044377556413
183046,0.0013021528751268586
183047,0.003700795182542271
183048,0.0007349116694252901
183049,0.0012649102169893474
183050,0.002871565420571838
183051,0.00041959857730191176
183052,0.000760249468494999
183053,0.0007523138279486637
183054,0.0011360717555535791
183055,0.000576205599364212
183056,0.005309761488043891
183057,0.004510449550838139
183058,0.0004950883779393815
183059,0.0033699825586522006
183060,0.0005907611118631154
183061,0.003916140152378929
183062,0.0743589514030347
183063,0.0013992985851872827
183064,0.010165009447632576
183065,0.001883620535729951
183066,0.000768419477981816
183067,0.0029906301561817912
183068,0.0015735338120977684
183069,0.0009606034234918553
183070,0.0009753726954592852
183071,0.0013360999149074273
183072,0.0007615628178983572
183073,0.0006655818078158439
183074,0.9929283692590144
183075,0.003846215353474749
183076,0.006423670878648671
183077,0.004598663682106274
183078,0.0017513959528718515
183079,0.0006425264224634533
183080,0.0008100841593800822
183081,0.0010540748718308574
183082,0.000668377311017136
183083,0.0006188320656634601
183084,0.0024821733518513977
183085,0.0009246058109743899
183086,0.0006754765361956861
183087,0.0024225153828515283
183088,0.0006055266858353392
183089,0.0006132667610293788
183090,0.0021985677276573647
183091,0.0011762805136747555
183092,0.0020275621798076077
183093,0.0003453511963216167
183094,0.0007095262028236964
183095,0.0017059603771389727
183096,0.0007346798388258957
183097,0.0019490944324977106
183098,0.0006750888738186636
183099,0.0005214609244033587
183100,0.0015429140414205552
183101,0.01010310885461052
183102,0.0017253514294788754
183103,0.0006429648922385943
183104,0.0004728867723066319
183105,0.009754483538937328
183106,0.0016080899878008082
183107,0.9966011122494993
183108,0.000992803729573624
183109,0.0014915312395433736
183110,0.0014426647584671634
183111,0.001403343893221699
183112,0.0005786455836933099
183113,0.002803814249977354
183114,0.0009683869596345889
183115,0.002341504730243249
183116,0.0008895302642403611
183117,0.000961932156753751
183118,0.0018942375149740395
183119,0.0010315266450687368
183120,0.0007525702616833254
183121,0.00541129785386767
183122,0.0025050176244475145
183123,0.9976429513072602
183124,0.0006992988112594784
183125,0.0005758858796794052
183126,0.0017663866117245556
183127,0.0019347854730754
183128,0.0005318917955361198
183129,0.00046823529070650195
183130,0.004276803705634955
183131,0.0009175623363099001
183132,0.0008430883790423237
183133,0.00248224442317668
183134,0.0038122411285189325
183135,0.0029879066997961154
183136,0.000609177224389958
183137,0.0005953405479562615
183138,0.001217124712603638
183139,0.0005331673242916757
183140,0.002290456786222329
183141,0.0009090576469657559
183142,0.002653680387959
183143,0.006195847798954766
183144,0.0015508689815976894
183145,0.003996322394735309
183146,0.0006774536348060514
183147,0.0009698712511736029
183148,0.0006092141932753201
183149,0.0013385564700104003
183150,0.0009957711407122623
183151,0.0008109943027732834
183152,0.0005765280016120722
183153,0.0010105323873363195
183154,0.0018155419525244113
183155,0.0005310259273755939
183156,0.000494459848512967
183157,0.0006882956324437576
183158,0.003904362579795037
183159,0.004117130523301314
183160,0.0006030870202065608
183161,0.0006556804238417987
183162,0.004754368414939718
183163,0.00481908438155209
183164,0.005120573520563149
183165,0.0014021223799899956
183166,0.0006630001386628947
183167,0.0006539224773879481
183168,0.0030232382283542237
183169,0.006193504480980187
183170,0.03241404390824608
183171,0.0009315730264577002
183172,0.0007016356840750546
183173,0.0007884258370982601
183174,0.0037159822756318243
183175,0.002968744447787113
183176,0.0010608256502306886
183177,0.0023202201636229308
183178,0.05030993505693049
183179,0.0010674957564686814
183180,0.0006982509580455947
183181,0.0009094829109798088
183182,0.0016913136718675343
183183,0.0010510567234512523
183184,0.0004815485929836785
183185,0.0007980765538100616
183186,0.0008978585589745445
183187,0.004409896892191425
183188,0.0053942772973455295
183189,0.0006438283194791003
183190,0.006839897642272842
183191,0.0005952975575417631
183192,0.0007244947181403419
183193,0.0005135762273050646
183194,0.0017707364071851898
183195,0.008334836322831532
183196,0.000686947289431159
183197,0.0005347749279391848
183198,0.002140333555193737
183199,0.0009192477495387978
183200,0.9990530663365171
183201,0.0011026616008731477
183202,0.0031221978019924114
183203,0.001352043778380017
183204,0.00048526674198325396
183205,0.0006111111939574825
183206,0.0005159441599475741
183207,0.0012873624897334767
183208,0.002077738533760338
183209,0.0004943428715999112
183210,0.02106087785716242
183211,0.0009433309937205393
183212,0.0008686730220591485
183213,0.0015294298268956608
183214,0.001170415141843629
183215,0.0010034687024839516
183216,0.0009647629998142556
183217,0.0004959807407526038
183218,0.0006245406366524845
183219,0.0008364943642581295
183220,0.0005391941744176903
183221,0.0005493745147970094
183222,0.0005205675046858912
183223,0.000525292607239419
183224,0.0018883838738012644
183225,0.0005196093818141434
183226,0.0036440913164451656
183227,0.0004680668539464268
183228,0.0010241908831303533
183229,0.0022335140736173156
183230,0.0011062523040452862
183231,0.0013430239900878685
183232,0.0010609994727184095
183233,0.0004579458959983008
183234,0.0004886179314488022
183235,0.0010831222618706592
183236,0.0006396817984306838
183237,0.0048377264288071865
183238,0.0006388888058586606
183239,0.0016717568254022402
183240,0.14283393024110555
183241,0.0035854706655246748
183242,0.043894701223906894
183243,0.0008188530184980705
183244,0.0009898377495210667
183245,0.0011696389718259571
183246,0.0008696940825469628
183247,0.0036323130253029263
183248,0.0006887582399815406
183249,0.0038827226709824535
183250,0.0005450101195754641
183251,0.0006104774792853853
183252,0.0013057349068323486
183253,0.000709091477255726
183254,0.0006887628545699262
183255,0.00047533542618838554
183256,0.010381817745689494
183257,0.0005352542909228152
183258,0.0008062985195743249
183259,0.0008102177496912517
183260,0.0006932795345948788
183261,0.0004292822810798503
183262,0.0020120781594308796
183263,0.0007997476420745918
183264,0.0008077850031027672
183265,0.007357231253170095
183266,0.0010480818142027492
183267,0.0004947533996555337
183268,0.0009054862586608933
183269,0.009250869579701133
183270,0.000937531943831054
183271,0.000888561825566197
183272,0.053761920632491064
183273,0.0005901666638277879
183274,0.0011579535056322429
183275,0.0006484760107697116
183276,0.0022843629816610414
183277,0.0032138785657899916
183278,0.0016439708212623286
183279,0.0005218239109951165
183280,0.0015686401842235898
183281,0.0010829989603936179
183282,0.001988314357653357
183283,0.002872326786124269
183284,0.004348589709828888
183285,0.0003179861551706168
183286,0.0010822599047102584
183287,0.003374068664363383
183288,0.0006390476894323331
183289,0.0006135229251549811
183290,0.0014250519785239408
183291,0.002104416475364455
183292,0.001154026042036982
183293,0.0006372637042823196
183294,0.0005975830479704113
183295,0.0021102687035490586
183296,0.007532657330422372
183297,0.009553162182684281
183298,0.0004874885602737513
183299,0.000852661298741299
183300,0.003866388775851563
183301,0.0026074861028405048
183302,0.0039546925806879995
183303,0.0004261731461577469
183304,0.002468783203729527
183305,0.0005346602231323038
183306,0.0009123035832002783
183307,0.0008563801860761147
183308,0.0014969180045209837
183309,0.06861850447157984
183310,0.0014813419159059303
183311,0.0012164791684026361
183312,0.07266777493364228
183313,0.000750936499104085
183314,0.0007515299971098731
183315,0.0008709977493876437
183316,0.9896941460119719
183317,0.0034365504600487847
183318,0.002431815846379384
183319,0.0007781886224421767
183320,0.0005102639493525481
183321,0.0005485733453582342
183322,0.004738224790261813
183323,0.0006841266063219903
183324,0.0009175918802972127
183325,0.0016806250312794318
183326,0.0010674652542136873
183327,0.004395258782702947
183328,0.0010995816116305824
183329,0.0009896484393162007
183330,0.0014127673380829107
183331,0.00047565130951682965
183332,0.000882413596905187
183333,0.0016404760546195802
183334,0.0008470000571053206
183335,0.0012510730900509646
183336,0.0014555767369982767
183337,0.0005839432687136525
183338,0.0009206651243257874
183339,0.0006382718467492614
183340,0.0009810606355681423
183341,0.0009568874479390346
183342,0.001384171147793981
183343,0.0011139709893245222
183344,0.0007818207854458846
183345,0.0023009163778394083
183346,0.010286908716208276
183347,0.0011465343424401702
183348,0.000644563509388767
183349,0.0020875181026290997
183350,0.0006157673187359398
183351,0.0012334296095756685
183352,0.07465089831922628
183353,0.00053167267790001
183354,0.0007898195430831826
183355,0.0007912073355934003
183356,0.0018683179501567978
183357,0.003042916158982883
183358,0.0011343030798126805
183359,0.0014044334029450767
183360,0.0006314477507504541
183361,0.00052237745855577
183362,0.000783026264631416
183363,0.0013397247994301588
183364,0.0008527428809840375
183365,0.9868769623581015
183366,0.2005211702020613
183367,0.0008988413479270337
183368,0.0005446901964663788
183369,0.00031645839393383774
183370,0.004428118204545053
183371,0.004661134558412179
183372,0.000673852715565724
183373,0.0005334629219842378
183374,0.018006245112466276
183375,0.0005482849347470881
183376,0.0018019626298652783
183377,0.0011018795528282747
183378,0.0005003466249364161
183379,0.0015943857959528282
183380,0.025631716274601174
183381,0.001531831383703958
183382,0.0007544848520209958
183383,0.0034428765584383443
183384,0.0005967357466613802
183385,0.0009477102280399048
183386,0.0005649571622519747
183387,0.0009806117790983854
183388,0.0031810435332278067
183389,0.001701938638738933
183390,0.00044716447317296354
183391,0.000930780272614001
183392,0.0005846650787264812
183393,0.000502301930964836
183394,0.0005846518270497842
183395,0.016899300470326454
183396,0.026859032422989627
183397,0.0035686453093305343
183398,0.0008342304737444309
183399,0.0005258418160545961
183400,0.004203103205767336
183401,0.0015927896006362689
183402,0.0014976369189687701
183403,0.00048366905905661365
183404,0.006419968427538276
183405,0.001814861768892328
183406,0.0015621761557832758
183407,0.0005610980507503851
183408,0.0034858309673855186
183409,0.008422430736878045
183410,0.0014420548109049622
183411,0.0006093334977267757
183412,0.001464416699475243
183413,0.0006492391282338652
183414,0.004723080111864582
183415,0.00152784532042438
183416,0.0031334950578914647
183417,0.002119878327750052
183418,0.0006917149411309054
183419,0.0009913179511896837
183420,0.0008026095181800593
183421,0.0061889874052623
183422,0.0010485441125724435
183423,0.0005359940924343259
183424,0.0006466355660492483
183425,0.016796725603363503
183426,0.0017461773322366282
183427,0.0006137845307584218
183428,0.00041171351886197896
183429,0.0005826556272937178
183430,0.0005132396389864899
183431,0.0021441608243749936
183432,0.0006204677840636388
183433,0.0007077104393860321
183434,0.009857928132192655
183435,0.0021580157220142046
183436,0.0004432058180402515
183437,0.0016064367131704278
183438,0.0004088299441311326
183439,0.0033221105044350216
183440,0.004623708997965993
183441,0.0013849923112012746
183442,0.000749174043385594
183443,0.002028361048449864
183444,0.010811391295725876
183445,0.000480845972133532
183446,0.0010716023555004948
183447,0.0006917017504348927
183448,0.0009108993043786665
183449,0.0007318430452294995
183450,0.0006917769052994537
183451,0.003985856845363619
183452,0.000742366002398559
183453,0.002405370531282621
183454,0.003425540968180772
183455,0.0015344416372704867
183456,0.0019307366733963827
183457,0.0004258083105323446
183458,0.0007308682294273018
183459,0.0008558852108149858
183460,0.0007338267700551814
183461,0.0009837484946711452
183462,0.003973244793999085
183463,0.9948244738530934
183464,0.0009777398904484284
183465,0.00143447378692224
183466,0.002197622850080011
183467,0.009180784196562475
183468,0.0005589410125741548
183469,0.0007605912587647109
183470,0.0006397494523743262
183471,0.007404270410088506
183472,0.0015951207973727661
183473,0.0010805752118583113
183474,0.0013650574169344954
183475,0.0006654596155701858
183476,0.0004706472052180947
183477,0.0005882731486963715
183478,0.0009177339113587678
183479,0.00041455565676240915
183480,0.000535792475190434
183481,0.003641405218194869
183482,0.0059441302551193585
183483,0.0004718315414166728
183484,0.001137652231686533
183485,0.0005317729230986932
183486,0.00047006799224411
183487,0.003291802879424465
183488,0.002486709250287201
183489,0.002968744447787113
183490,0.0008556378651302162
183491,0.0011566589909285828
183492,0.0007492116520143963
183493,0.000601620909759414
183494,0.001034630071913361
183495,0.004958777805999615
183496,0.005944943493146511
183497,0.0009191450350799683
183498,0.0007300504552598519
183499,0.0011335863198126271
183500,0.001382110929750947
183501,0.004547850956700337
183502,0.0005963010430429133
183503,0.0005846525091612433
183504,0.0006433304978783218
183505,0.0036356185573648437
183506,0.0015957348195622845
183507,0.0005627227141936914
183508,0.0009059445925600654
183509,0.0007785501355644499
183510,0.005981498363331151
183511,0.0022553195452884025
183512,0.006700254665794909
183513,0.0007405827931682241
183514,0.0007385794795671547
183515,0.0050808395771115315
183516,0.0005406760027110399
183517,0.0013852012689235308
183518,0.0005082969656834723
183519,0.0007353404351722415
183520,0.0005808580671547357
183521,0.9953813440360205
183522,0.0007598030585284625
183523,0.000621004131901857
183524,0.0008375004966193955
183525,0.001657429602819147
183526,0.0006662088289364985
183527,0.0010714339462174001
183528,0.0007601576220772996
183529,0.010283088111287421
183530,0.000892449587644694
183531,0.0015985957951957183
183532,0.0073932450249020384
183533,0.0025832127170998887
183534,0.00043602255752099844
183535,0.00046324861396796683
183536,0.0024778404017426555
183537,0.0005665127645257079
183538,0.0030880030593978206
183539,0.0015331502077067737
183540,0.0012643744124119659
183541,0.003632763472468596
183542,0.0007352538793080816
183543,0.00060372292538084
183544,0.0028512697579481504
183545,0.0006253555624140823
183546,0.000988249675272614
183547,0.002721501020716923
183548,0.0020956244309933074
183549,0.0006380609310048817
183550,0.020912908452274014
183551,0.0005185479204003802
183552,0.004032350156152128
183553,0.01468081978708262
183554,0.0004539572616026488
183555,0.004754152942319869
183556,0.0011294299656490806
183557,0.0010054886206195502
183558,0.0031196366607792953
183559,0.006411219570206057
183560,0.0036570522264545114
183561,0.0004447623798659955
183562,0.0006267783591750537
183563,0.014760747039111132
183564,0.0030695834400911127
183565,0.009037406701642778
183566,0.0005918247243513779
183567,0.0011095915433704858
183568,0.0011443220083404474
183569,0.0010251428000422444
183570,0.0007764599866768821
183571,0.0005061198284131237
183572,0.0008334989198203084
183573,0.0005640599603642665
183574,0.0006331073788290415
183575,0.0034988882015443484
183576,0.0023130022486317382
183577,0.01830882878786471
183578,0.024399815697480204
183579,0.002434520574356357
183580,0.001241439583884684
183581,0.0015973015829641821
183582,0.0006372906571468239
183583,0.004579554217275725
183584,0.001839005649436803
183585,0.0027488543660261267
183586,0.0006105824340182195
183587,0.016675987729011337
183588,0.0011310721358861442
183589,0.0005304145689025297
183590,0.0024836768615126726
183591,0.0007362031461132812
183592,0.0006024210097733025
183593,0.00238790020527572
183594,0.0009851286310466997
183595,0.0014358946735640687
183596,0.000794600383706798
183597,0.0005516271052984434
183598,0.008751827482554621
183599,0.004652818569858965
183600,0.0006197997243883356
183601,0.0012917490167409361
183602,0.0005758990384802222
183603,0.002683121387768068
183604,0.0006201525396963445
183605,0.0026965650048373967
183606,0.0017745472449104752
183607,0.003192300921977583
183608,0.0006872202052419894
183609,0.0005431466098369945
183610,0.013938404166862643
183611,0.018666232994679025
183612,0.0008524876695118598
183613,0.0010119194024508804
183614,0.014124625513700091
183615,0.0009030800666590341
183616,0.00037513495681176345
183617,0.003095801487813192
183618,0.0008510676196692602
183619,0.0061402459405202545
183620,0.001881307143839954
183621,0.011042724925795286
183622,0.0022818882996673015
183623,0.0007036876870689909
183624,0.0007365620786134191
183625,0.13285350010011357
183626,0.0036162583578123325
183627,0.0007079278964014393
183628,0.005841419868007201
183629,0.0009384875959402266
183630,0.00047668771515049004
183631,0.0008822955236791863
183632,0.0015930339520315155
183633,0.0006984221269446539
183634,0.0005358756866767457
183635,0.0006582830964671929
183636,0.013905997411925154
183637,0.00426600447829659
183638,0.0007028201210274303
183639,0.01082021128886914
183640,0.008526257032335517
183641,0.007560714026729304
183642,0.002143365097379223
183643,0.0007048467370075896
183644,0.0032926898540960267
183645,0.006141004941328437
183646,0.0008399888406427076
183647,0.0004882830064087492
183648,0.0006976815492843831
183649,0.0007394468128342404
183650,0.0009380572058666103
183651,0.001185345537431738
183652,0.0010414030985724727
183653,0.001469343363818623
183654,0.0022442502393205843
183655,0.001252198911932529
183656,0.0007111290479503049
183657,0.002682528984795018
183658,0.004682869620688526
183659,0.0010915193323885874
183660,0.001080303379575399
183661,0.00434999839639395
183662,0.00295450187470627
183663,0.0025796479975596313
183664,0.0011410794727039456
183665,0.0009065015307294574
183666,0.0006808742907289589
183667,0.000627562460461716
183668,0.0011609042789922242
183669,0.0006404934169621508
183670,0.00586885309436353
183671,0.0005024571224581467
183672,0.007322226001476178
183673,0.0009216852959271604
183674,0.0023651873914266675
183675,0.0006877681263387531
183676,0.0004665720879031271
183677,0.000703605429570835
183678,0.0005425707507528592
183679,0.0008478926818140411
183680,0.005968740542209493
183681,0.01730094695376152
183682,0.0007113911571561098
183683,0.001166850796681585
183684,0.0010205280231926654
183685,0.00635325221949942
183686,0.0006193458112628194
183687,0.00048229397555289775
183688,0.0008641088824438617
183689,0.11040299329033845
183690,0.0014525417188350886
183691,0.0009277013230235207
183692,0.0024556985274233837
183693,0.004330026573973675
183694,0.0005330208306923029
183695,0.014285261223642806
183696,0.002882767539971429
183697,0.0015334966085595058
183698,0.0034951755924700957
183699,0.002866270858051268
183700,0.0006687790729347849
183701,0.0004906936687691088
183702,0.000575734671747103
183703,0.004672387494472785
183704,0.002618582346164306
183705,0.0035944395091702134
183706,0.0011271404838538307
183707,0.0008009335496076716
183708,0.005024126196805937
183709,0.0007042135184735666
183710,0.001219586027569627
183711,0.0012981656115383163
183712,0.0012796407837557427
183713,0.0005293710813112113
183714,0.0006437709903530317
183715,0.0008654075256644654
183716,0.0029174800211650954
183717,0.0006568640042302291
183718,0.0005109993941193927
183719,0.003364125941783514
183720,0.0007605461780504843
183721,0.003062976881308779
183722,0.0006642635818414098
183723,0.07844369946736421
183724,0.000626574275201111
183725,0.0009046612799539352
183726,0.0011493355971642306
183727,0.0005177937848451449
183728,0.0005363872588476607
183729,0.0010894574790396602
183730,0.0011042516987961781
183731,0.0026926023621440852
183732,0.0005129052195967365
183733,0.0011507912592785036
183734,0.0004958366412249741
183735,0.0008297968821348995
183736,0.001135826373941566
183737,0.0009647397305659432
183738,0.008834432086672155
183739,0.001699717175525342
183740,0.0005717100175386355
183741,0.0011394153296198388
183742,0.0005209540542009529
183743,0.0006259501501278549
183744,0.0005943028236267914
183745,0.0009217917757365656
183746,0.0020284695526827925
183747,0.009495905124068026
183748,0.0007246563087888467
183749,0.004050852546763805
183750,0.00042783215078824697
183751,0.0013746171658475799
183752,0.0014327142478974173
183753,0.0008381972405060831
183754,0.0012882359659478248
183755,0.0006500342114800356
183756,0.0009534700071715202
183757,0.0006762856892634485
183758,0.004124034835023607
183759,0.0016797871065424115
183760,0.000646497662657312
183761,0.000557901830567866
183762,0.0008957297044046551
183763,0.0008218664728901579
183764,0.0013362193993639603
183765,0.0012181872811867882
183766,0.0004900949619917307
183767,0.004774352661163439
183768,0.003039551359335899
183769,0.0005370706580029492
183770,0.001073161878859299
183771,0.0009970747932061645
183772,0.0004927940423656494
183773,0.00127527094242201
183774,0.00042418653304567526
183775,0.0011339729709333246
183776,0.0005944834793455095
183777,0.000456460833632565
183778,0.00211058849744439
183779,0.0008133889796126937
183780,0.0010128495930570853
183781,0.0011849520082509797
183782,0.0012610637533890935
183783,0.00573155258582887
183784,0.0010970795519964975
183785,0.000511741093300583
183786,0.0008020505700655059
183787,0.0005545879732119581
183788,0.0009884134035709053
183789,0.0005693507430162046
183790,0.001094240419463798
183791,0.0006871228941658387
183792,0.0007679807633557069
183793,0.0019277311877094639
183794,0.0011988605151301288
183795,0.003695336768372947
183796,0.0007910577904414555
183797,0.0011746961587601702
183798,0.0003291529776892803
183799,0.0009492560809080943
183800,0.9945688122538808
183801,0.004712988457375967
183802,0.0009286575822669797
183803,0.0032214574883824587
183804,0.002298623827918932
183805,0.009548849923426939
183806,0.0006382663678849167
183807,0.0006092089595247434
183808,0.0023608384252304404
183809,0.003960882406621298
183810,0.0007147098426899168
183811,0.0014991182445402583
183812,0.0012404045326207033
183813,0.0014137030727956446
183814,0.0005104001787783267
183815,0.0006307934681666011
183816,0.002824119711112629
183817,0.0009355916452194076
183818,0.0007928130424349777
183819,0.001689477597549002
183820,0.0008593372733350448
183821,0.00393228370582936
183822,0.00044678737239805177
183823,0.0012863637388317412
183824,0.0006151056042015939
183825,0.0018347023550174643
183826,0.0007785966647675764
183827,0.005267595142101476
183828,0.03989945106781499
183829,0.0017452027168460556
183830,0.0022248141276399055
183831,0.0005765466403717372
183832,0.001797849111218589
183833,0.007489146993071
183834,0.0004972861366551862
183835,0.0034161764316196263
183836,0.0006348014483523248
183837,0.009944653246339663
183838,0.0005741791754454001
183839,0.0005926632136651692
183840,0.0017759418387574897
183841,0.0013240500296273503
183842,0.0008054378654069062
183843,0.0004198539792516599
183844,0.002543743794255333
183845,0.000542681642422786
183846,0.001986794963007928
183847,0.0006019366496694821
183848,0.0006006887249809416
183849,0.0009589381737426066
183850,0.0023773174711160566
183851,0.001989199473227918
183852,0.0009459846022413224
183853,0.0008937172260317016
183854,0.0007531634188492975
183855,0.0008643925393411222
183856,0.0008670838290262457
183857,0.0004748363635190896
183858,0.000771155939355353
183859,0.0005211144623627702
183860,0.0039060958038095893
183861,0.0017371974147239561
183862,0.00047375347423107513
183863,0.0006168131696939656
183864,0.0008485533693066205
183865,0.0006937451695541173
183866,0.0005899431049533905
183867,0.0005453114107571367
183868,0.0006414003536806788
183869,0.012940028989111528
183870,0.0005640281117314226
183871,0.0014539643293179979
183872,0.0007104461710580174
183873,0.0010186288366753476
183874,0.000796978034044163
183875,0.0004249515296740486
183876,0.0038199196479659367
183877,0.0039532360131374735
183878,0.008312118778945712
183879,0.004528153180389443
183880,0.00042066297098300703
183881,0.0034951866387427123
183882,0.0030211325668716127
183883,0.0006957817757062273
183884,0.001766700480915499
183885,0.0007905341781411848
183886,0.0004123158910569305
183887,0.07672822618997281
183888,0.0009161443718779414
183889,0.0006510024727322118
183890,0.04095162526361769
183891,0.002741814912552142
183892,0.0005582960046752532
183893,0.0007230134370035038
183894,0.002778683618675699
183895,0.0015140109893362658
183896,0.0010057235686984512
183897,0.0007119620599112631
183898,0.20049475913926815
183899,0.00326894897717762
183900,0.0034866643458132196
183901,0.0012261136819532164
183902,0.0014719000289319323
183903,0.0014394344521336414
183904,0.0007293961066168478
183905,0.0005191446665263923
183906,0.003989378635895055
183907,0.9960783619622826
183908,0.000657654383666308
183909,0.0005260507644920631
183910,0.0007103816742887799
183911,0.003873690624900627
183912,0.0008108870432439266
183913,0.0018066717497204829
183914,0.0020572895186802536
183915,0.000708740416126182
183916,0.0004545670551588507
183917,0.0005033601600473463
183918,0.0008069878133280899
183919,0.005878553212152152
183920,0.0004229669462713242
183921,0.0009088498197861079
183922,0.0014147075663928413
183923,0.0005626096271873528
183924,0.00060814265323719
183925,0.0005942031755450668
183926,0.0004886541495606756
183927,0.00045745035210936687
183928,0.00128761715265253
183929,0.0004310168765304919
183930,0.0005667011578674027
183931,0.00045047516991463725
183932,0.0009761808833974262
183933,0.000992564114102028
183934,0.0006534368837299825
183935,0.004833694129277723
183936,0.0006104055106927532
183937,0.0038301918292527907
183938,0.0010092405055179645
183939,0.0005026647921297656
183940,0.0008744975100958616
183941,0.0007554329192449452
183942,0.0010599797257882836
183943,0.000520435172684694
183944,0.0019762577889920236
183945,0.0008582391927799202
183946,0.009152544512690566
183947,0.0007704477639038976
183948,0.0009180995596697586
183949,0.0028699038539357615
183950,0.0005627632335757084
183951,0.0006298781886657732
183952,0.0005638327046633083
183953,0.01233380695144161
183954,0.0008773227809180157
183955,0.0037216813086846665
183956,0.0035977637026138954
183957,0.0016881122129340765
183958,0.0008645934070567534
183959,0.0007683269111449841
183960,0.003300615465832369
183961,0.0004554967505870975
183962,0.0011666608551874503
183963,0.006824526645803641
183964,0.014969566939430287
183965,0.01514727207423385
183966,0.0005410374124857565
183967,0.0007233174091678628
183968,0.0009494738793347339
183969,0.00180433555083355
183970,0.0008467094453405583
183971,0.0010041256538165055
183972,0.0007191144602906925
183973,0.001500534696172557
183974,0.0006002014507254214
183975,0.0009090051413667797
183976,0.007277375102789705
183977,0.034039769003721264
183978,0.007516443716843973
183979,0.009093897714534897
183980,0.0014421939289877717
183981,0.0008708518656596804
183982,0.0008574957368584503
183983,0.0005311123085672258
183984,0.0007877558608194428
183985,0.0018876881230682331
183986,0.001467523318694048
183987,0.0073221611682650605
183988,0.0021097198982455876
183989,0.005025017329700212
183990,0.0012119339565214125
183991,0.0010220903986848523
183992,0.0034870249350613764
183993,0.0009629256926268817
183994,0.0008879574620116078
183995,0.0007474340788459593
183996,0.0015684055458847386
183997,0.0009067163207908231
183998,0.003854016465628562
183999,0.0007834089140162787
184000,0.00057016859581156
184001,0.002214099931867622
184002,0.0005726174828877943
184003,0.0013544054821585068
184004,0.00040636756977333396
184005,0.0006916742135112095
184006,0.0037122201994330703
184007,0.0010602899952614647
184008,0.0012746798813365844
184009,0.0007486920479020677
184010,0.0011960741775284747
184011,0.0005104031552193676
184012,0.9941605796265174
184013,0.0013431168420346895
184014,0.0016015262603330865
184015,0.0028420506700510837
184016,0.0007292159763872272
184017,0.001660466080878165
184018,0.01079751602371949
184019,0.0013922109105891016
184020,0.017920558862207073
184021,0.0005637742551525389
184022,0.0008245610863079668
184023,0.0011938634441766957
184024,0.0062122943198620745
184025,0.00042554162719344923
184026,0.002184252604377096
184027,0.008037993936236483
184028,0.004392215840696362
184029,0.002203809409873448
184030,0.0011394817927141252
184031,0.0007892539954118989
184032,0.0006387954461890028
184033,0.0013235582092627448
184034,0.0008534061258394694
184035,0.0005227568982062306
184036,0.001066410101949257
184037,0.0011228140579332632
184038,0.0018661220306647902
184039,0.0015711194984758762
184040,0.0010216967346938634
184041,0.0005783647459033281
184042,0.0006018561391064641
184043,0.0010959224783931437
184044,0.0004792764076720725
184045,0.0043696517361427436
184046,0.000652483422962072
184047,0.0004752549082066281
184048,0.0005291502663182202
184049,0.0013407546219580183
184050,0.002140649317799337
184051,0.06287565504331336
184052,0.9936038991088203
184053,0.0036248966894438283
184054,0.0005605996660177899
184055,0.0024412575721300804
184056,0.0020978309741498573
184057,0.002817789224119652
184058,0.00047418469589637985
184059,0.005627575940011856
184060,0.006241569350675102
184061,0.007695988994984088
184062,0.0010346399239373604
184063,0.0056908098543885025
184064,0.0007360714182859994
184065,0.007579672121954392
184066,0.0007088301535180721
184067,0.0005306202401617272
184068,0.0004867334960295172
184069,0.0012379202285426735
184070,0.0019463737381217757
184071,0.002589781915561486
184072,0.0009853591458686794
184073,0.0023091091402434264
184074,0.0010807790155639334
184075,0.0005380275927694173
184076,0.004072713828627222
184077,0.0011175353553030544
184078,0.0005704941857114427
184079,0.0011087979008138275
184080,0.0006261177123079466
184081,0.003138264671977666
184082,0.012295943428350206
184083,0.0026590194449843613
184084,0.008086687121928868
184085,0.0017437335985320715
184086,0.0009423705850918767
184087,0.002520802179062972
184088,0.001195994761553255
184089,0.002114333700416987
184090,0.0016858859701592572
184091,0.0017167849265989372
184092,0.0008883694162439833
184093,0.0005295490796228133
184094,0.0019493212235095004
184095,0.0007615729131842554
184096,0.0011652710010295467
184097,0.0010230266430883942
184098,0.002275408685280676
184099,0.0007671458299506949
184100,0.004700647973516558
184101,0.00042720425306391643
184102,0.0006727153006600062
184103,0.0016923632724252433
184104,0.0006411181360043282
184105,0.007759947449355669
184106,0.03429707654210625
184107,0.0009616340932774273
184108,0.0007780973057379952
184109,0.0008385165895132781
184110,0.0006059403128549156
184111,0.0006450038370882755
184112,0.0005124107906518366
184113,0.0007826726049455915
184114,0.003000374280683351
184115,0.000486946056560878
184116,0.0014144696789934001
184117,0.0005480241243233194
184118,0.006231496653188864
184119,0.0019511687126286736
184120,0.005202917337997299
184121,0.0007402592610448274
184122,0.000888746459966192
184123,0.006085657334564391
184124,0.0009408333413922425
184125,0.0057729073651923216
184126,0.000840915682786434
184127,0.0023969866432769884
184128,0.003845024397097066
184129,0.0012651511666317997
184130,0.00274395251824278
184131,0.009833896888573035
184132,0.0006866560698190383
184133,0.02262862047426978
184134,0.0007428267042833266
184135,0.0007667825230725028
184136,0.0007454476995697145
184137,0.0015797330710585968
184138,0.0005283115110286862
184139,0.000600383333979051
184140,0.004384409055967351
184141,0.0007794930347601838
184142,0.0007492451399299646
184143,0.0008302407580884842
184144,0.0016532368978230474
184145,0.0017179834909785865
184146,0.0015861799165229082
184147,0.0005357350696964731
184148,0.002386009654229543
184149,0.0011386474385246714
184150,0.0009394139388622142
184151,0.0006252001378286832
184152,0.0011133338391620703
184153,0.0011282434332629929
184154,0.001776723314842255
184155,0.0011626293583615241
184156,0.0012125581827370697
184157,0.0005077390996685331
184158,0.0018931800130116863
184159,0.006435864416022653
184160,0.0014342080579774364
184161,0.0016773455290001486
184162,0.0006546527308247944
184163,0.002962280023961316
184164,0.0022709561198522186
184165,0.006191708807755262
184166,0.0022445898238990913
184167,0.0007608269333508253
184168,0.0006058361939496651
184169,0.0005996692417242884
184170,0.0006187543669310414
184171,0.004255948384795244
184172,0.0010497744640999972
184173,0.0034575252510924835
184174,0.0028879917231032105
184175,0.005303211684750017
184176,0.0016582248489275231
184177,0.001165039535817031
184178,0.010192428164219997
184179,0.0007677620354856931
184180,0.00262064099232873
184181,0.0006125578409018484
184182,0.013585161526988665
184183,0.9945760258642071
184184,0.0029039707986101178
184185,0.0006607985697430265
184186,0.9955887574617459
184187,0.003164060160646499
184188,0.001067896006267138
184189,0.0012778806040846236
184190,0.0014934428481001272
184191,0.00082962900668002
184192,0.005157051665629707
184193,0.0007661449081823023
184194,0.019409396196639707
184195,0.000581199712848491
184196,0.0005903157849870828
184197,0.0011055840266419004
184198,0.003894367257507198
184199,0.005428810971641811
184200,0.0005148932844163684
184201,0.001003202975718512
184202,0.002110449186094461
184203,0.0010082297379060492
184204,0.000806160841429863
184205,0.0007507541341460065
184206,0.0018689687517589593
184207,0.0014946029287195752
184208,0.00039349719667489396
184209,0.0011712743630204053
184210,0.0007895212630849916
184211,0.002811847783413975
184212,0.0010429578412384478
184213,0.0007542557812058399
184214,0.0008817325750327679
184215,0.0007228444416577753
184216,0.001740710840922588
184217,0.0003424597006619641
184218,0.0005996654584549191
184219,0.0003883811105284369
184220,0.00041185296112212285
184221,0.0006493768418610226
184222,0.0006737989386084891
184223,0.0012610272340994985
184224,0.002180705606931336
184225,0.0004740217032964231
184226,0.0009950892519259946
184227,0.0006048340339324037
184228,0.0008022447016665384
184229,0.004817756514136919
184230,0.013445518736571835
184231,0.0008822107596970156
184232,0.0007371889563356241
184233,0.0006459071976237747
184234,0.0028137740558451664
184235,0.0008107326546844551
184236,0.0010850407055979304
184237,0.00447336615552714
184238,0.0007440899677147116
184239,0.000993698303165741
184240,0.0008237462509198816
184241,0.001496800291079903
184242,0.0007879810306164511
184243,0.0032021911312527483
184244,0.0013084427675555325
184245,0.1158037274849929
184246,0.0011988752395685944
184247,0.0070027387881084775
184248,0.001259930300575016
184249,0.0009457065151440623
184250,0.004804215111906809
184251,0.0009340709736825002
184252,0.0006845546887756285
184253,0.000734957510716675
184254,0.0010947266617292119
184255,0.0009070055508920858
184256,0.0007110709625359442
184257,0.007054888755092569
184258,0.0012182915932196165
184259,0.0007742928093880837
184260,0.0008483885928189058
184261,0.0008735326806180773
184262,0.0005510432598586188
184263,0.02381079019961739
184264,0.0005808101219105704
184265,0.0006889966902487701
184266,0.0007137569815468646
184267,0.0006511514426842815
184268,0.0005107988129071097
184269,0.002573530090016669
184270,0.007256861855198391
184271,0.0015682461110674126
184272,0.0005648941721932757
184273,0.0006715958953051308
184274,0.004337350291884994
184275,0.0007184098080153343
184276,0.0006854709023410408
184277,0.0006938778699334823
184278,0.0015281589276893294
184279,0.0005539718529675658
184280,0.0006527597001669332
184281,0.0012210334752217871
184282,0.0059597545899571485
184283,0.014543772756335997
184284,0.000836423402784691
184285,0.0011042278240872318
184286,0.009686514470367613
184287,0.0009609856424701352
184288,0.0025853247382213026
184289,0.0012706910803992962
184290,0.0004619794248996872
184291,0.0006406110560533186
184292,0.0006681604320331675
184293,0.0008272089367802322
184294,0.0012412816950491555
184295,0.0009561318808521118
184296,0.0018988519892334857
184297,0.003757653645004322
184298,0.000646836194296756
184299,0.0008395675946824958
184300,0.00220323214597259
184301,0.018714444185438665
184302,0.0010258930633809575
184303,0.002544199083387804
184304,0.0005866812478782376
184305,0.0006495155692076077
184306,0.0007538274034305225
184307,0.0029373764294064525
184308,0.0007596621971947539
184309,0.0007755689461146919
184310,0.0006036224976188387
184311,0.0015689615118175634
184312,0.0007667166081999663
184313,0.0013893242216586278
184314,0.0025543062270603325
184315,0.007027692578959586
184316,0.0013975279505310345
184317,0.0014177675238096045
184318,0.000761171372942362
184319,0.00038308795454365267
184320,0.0006253713562198264
184321,0.007922913942235696
184322,0.0006312539456472383
184323,0.0013506358120139858
184324,0.000863546513486925
184325,0.0010193599233681541
184326,0.00790218940016269
184327,0.0009908017065822206
184328,0.0006455957244001469
184329,0.000529673176750287
184330,0.0007083977681621081
184331,0.0006518770760745296
184332,0.0008927556953180361
184333,0.001321085799012104
184334,0.0013898495023226512
184335,0.005025620090166049
184336,0.0011347341823108562
184337,0.004659339806287226
184338,0.9990391348668148
184339,0.0007244358534369824
184340,0.0018128829176255984
184341,0.0006305762610214305
184342,0.0030058820454273213
184343,0.0006179213637870411
184344,0.0007222500248346189
184345,0.0006055350277013878
184346,0.0004337393592462542
184347,0.0007486186864343392
184348,0.01604822894885303
184349,0.004613662790885403
184350,0.0028602072388066984
184351,0.0008808696657636345
184352,0.000906118534116356
184353,0.001471049198585749
184354,0.0013711261873359441
184355,0.000531078520325728
184356,0.0014941740167044109
184357,0.0009637991091582131
184358,0.0013437846335709125
184359,0.0010498828512166673
184360,0.0007097517485485509
184361,0.002324657550450258
184362,0.0005825630376448452
184363,0.0006946167858637874
184364,0.017703425153786066
184365,0.0005207715702434308
184366,0.0014980171703463977
184367,0.0009319991721426222
184368,0.002518192208406978
184369,0.0060725403230825386
184370,0.00048464683691926483
184371,0.0009415546361626838
184372,0.0011169362493344615
184373,0.0013422863659456278
184374,0.0007221483097171807
184375,0.007517295427455773
184376,0.006858686101543646
184377,0.0006419710931913156
184378,0.0007613865315054681
184379,0.008958472768299133
184380,0.0032821616150681817
184381,0.007061692121437684
184382,0.0006304320327844219
184383,0.0008411365405198007
184384,0.0006859918235697229
184385,0.0028566034725988937
184386,0.00042085756296193034
184387,0.0005902199558699826
184388,0.0009378706017348757
184389,0.0017930248487244681
184390,0.0007175739096907582
184391,0.011478885304716283
184392,0.0006868918449758843
184393,0.0004546221810738003
184394,0.0005388162719945828
184395,0.0008365774882737589
184396,0.0009515758281447888
184397,0.000576034191265048
184398,0.004400991083896976
184399,0.0004619957309388202
184400,0.0006589084560213996
184401,0.0005894780501591982
184402,0.0017610577388105107
184403,0.0007859270865264048
184404,0.07137177017005464
184405,0.0005936055412747992
184406,0.0015042982622169633
184407,0.0007291351507523308
184408,0.00480288420359052
184409,0.0005054701736499567
184410,0.0008284878518545754
184411,0.0005829821259200097
184412,0.2645125839136298
184413,0.0005612972002523367
184414,0.0007148135383221205
184415,0.003274386622662138
184416,0.0009776511502659385
184417,0.0024147788487793136
184418,0.000558183235878598
184419,0.000767884466949451
184420,0.0015093196267578182
184421,0.0006421232080686162
184422,0.0006129387691825017
184423,0.0006677996184393247
184424,0.0016200425147001184
184425,0.00032910096755664925
184426,0.000549690827516829
184427,0.02909622086579034
184428,0.0005914413117147073
184429,0.0009702952361445365
184430,0.0028233448583082485
184431,0.0005731687744976195
184432,0.0018439249155218053
184433,0.002069282692666749
184434,0.0003830310545843226
184435,0.0013488152046125072
184436,0.0015538645110218367
184437,0.0006182786198540725
184438,0.0010853081498104495
184439,0.0006403714657008242
184440,0.012037946710593255
184441,0.030948185025234783
184442,0.0011264476887302317
184443,0.0006089815677786836
184444,0.0005182488123734262
184445,0.0004731409478606078
184446,0.003745911468329877
184447,0.0005127282830961759
184448,0.0006182099948849441
184449,0.008458861328729746
184450,0.0008518131612040506
184451,0.0387574529546196
184452,0.0008858234881080733
184453,0.0005740079421974295
184454,0.00037805956974053983
184455,0.0008197527784039719
184456,0.0006509444037572367
184457,0.0035859370763772613
184458,0.0008813336825909228
184459,0.0060535109123291365
184460,0.0009109784113297274
184461,0.0026587758703868133
184462,0.002656029821839298
184463,0.0005740955206435173
184464,0.003663869646570141
184465,0.00110386169439537
184466,0.0018803144319554533
184467,0.002398354555454902
184468,0.0008747864382361507
184469,0.0005507162933240145
184470,0.012883128821706738
184471,0.000641860035602117
184472,0.0014560205106035262
184473,0.0005291913906110543
184474,0.002209208328734079
184475,0.0005094580938053493
184476,0.0005811311047712621
184477,0.004867963369000005
184478,0.0008786580502983059
184479,0.002194224191675632
184480,0.0027031044203683183
184481,0.000910858478280053
184482,0.0007796823185363323
184483,0.0009588349518900173
184484,0.0008578942534956731
184485,0.00044072880840336507
184486,0.001928635053367035
184487,0.0012511832757664929
184488,0.002348955312622204
184489,0.0023733812298798035
184490,0.0006087639906195351
184491,0.0005889460853712663
184492,0.0005685128791538994
184493,0.0031994617806303176
184494,0.0004685815479472917
184495,0.00038869577690067215
184496,0.0009781688359001008
184497,0.0007300649458545346
184498,0.0006233646550369563
184499,0.0009261310240447347
184500,0.25552019692760547
184501,0.0008385014095910736
184502,0.0005213152664725537
184503,0.0007169893840189653
184504,0.0005332816747093587
184505,0.0011745943127866643
184506,0.0005943262164671663
184507,0.0005677849704369545
184508,0.0006064421047760003
184509,0.003796692668621129
184510,0.000814421604031181
184511,0.0005199520140254875
184512,0.0016611206362932836
184513,0.0007997781611884156
184514,0.0015975295595093467
184515,0.0019894919144962165
184516,0.0029616721245849425
184517,0.0007217895172406364
184518,0.0005526165140666674
184519,0.002197891091157937
184520,0.0008877132195782018
184521,0.00117119597789786
184522,0.0009521377329784742
184523,0.0005768754284654266
184524,0.0010312217782590043
184525,0.0010804261517829653
184526,0.002100834594842605
184527,0.0011707956474463388
184528,0.003531884484669411
184529,0.0013282170298023995
184530,0.0008822328780208823
184531,0.0006677362549577166
184532,0.002227444247990449
184533,0.0009055564037043284
184534,0.0011286406262353897
184535,0.00046448034169654473
184536,0.0006052561437955361
184537,0.0005301381005636766
184538,0.0017740359238343688
184539,0.0008246395973715397
184540,0.0005582941118917415
184541,0.0031910154444094226
184542,0.0004901988629775563
184543,0.0006972453363287074
184544,0.0006077738223266726
184545,0.00041931858943548356
184546,0.010993566226169912
184547,0.001117365022669133
184548,0.00131028993061587
184549,0.0012256064691869512
184550,0.00471313606707274
184551,0.0060695509511650885
184552,0.0006564240518217923
184553,0.0005848989748379713
184554,0.0005316666449518803
184555,0.0011568368183187765
184556,0.0009282789364505474
184557,0.002105025780911308
184558,0.00146058054929603
184559,0.0011961091883617538
184560,0.0016341828019849304
184561,0.000824075554032734
184562,0.9842613250300674
184563,0.003211007041973057
184564,0.0008206409230791015
184565,0.20494651182696427
184566,0.0004464331881667549
184567,0.008379027323218428
184568,0.00045750108030321956
184569,0.0005166675760642694
184570,0.0015330110679764265
184571,0.0011857860261557883
184572,0.0011708105209311537
184573,0.0012122436468184265
184574,0.0005963999686363954
184575,0.0011891202099537977
184576,0.0010866178988245382
184577,0.0011210058461766882
184578,0.0008455128245494159
184579,0.0013296802928184095
184580,0.0010486447848908856
184581,0.0008067323640131388
184582,0.0006685377801157783
184583,0.0005970132021759467
184584,0.0006621136497979522
184585,0.004238806239804266
184586,0.00046968461110488707
184587,0.0008338031645580438
184588,0.9945312909948916
184589,0.0029367864331865585
184590,0.0011893404618400208
184591,0.0008642395310796792
184592,0.0007551698945823462
184593,0.00817637441708491
184594,0.0018126944051289067
184595,0.0004044821470206739
184596,0.0004605882178812861
184597,0.0016326206708867418
184598,0.0012114665055069796
184599,0.0004405350419423234
184600,0.010743334934267797
184601,0.0014641665653312846
184602,0.0005358997353500934
184603,0.0015510377165422417
184604,0.005105198300507991
184605,0.00079756916479408
184606,0.002205842830223863
184607,0.0006472782856569693
184608,0.01962625032566171
184609,0.0009433991427383679
184610,0.0016505778327604405
184611,0.004084278381802601
184612,0.0009653238014000816
184613,0.0006644135548003015
184614,0.002976596731558338
184615,0.0005698681384979259
184616,0.005314874335838505
184617,0.00998072315510208
184618,0.0017000515192308711
184619,0.0008529884274929992
184620,0.0008647928011124234
184621,0.0004071412775973005
184622,0.00270605092835187
184623,0.00320010946401465
184624,0.00047846474067277686
184625,0.053055822414221104
184626,0.005458690564448449
184627,0.0009200039642620141
184628,0.000509327877969636
184629,0.010409896955527995
184630,0.0011174992870959268
184631,0.0009081495860139566
184632,0.0008861406157638169
184633,0.002416295394383623
184634,0.0007049774024439793
184635,0.0004804475114666314
184636,0.9904604688865336
184637,0.00454439060425068
184638,0.0058832923072618445
184639,0.0005015825516999093
184640,0.01412205428401192
184641,0.00050335717400969
184642,0.0009051847289604838
184643,0.0011715086981343484
184644,0.0006608611304764276
184645,0.0007816908324234946
184646,0.0033827893751515138
184647,0.00048456236307180397
184648,0.00040319762450802916
184649,0.000744462333486042
184650,0.9955704188201062
184651,0.0006692604126180368
184652,0.0011677738003920165
184653,0.001487173296790826
184654,0.0006090088555570443
184655,0.005076567175807105
184656,0.0009548153767645071
184657,0.0008605288566765463
184658,0.006281173529601614
184659,0.0006603342954018661
184660,0.07210000380604481
184661,0.002300531778794572
184662,0.0005708207436031437
184663,0.001577408412313124
184664,0.0006743034588739755
184665,0.001836763596285413
184666,0.002126307048544253
184667,0.0008259828981867668
184668,0.0016098110735779589
184669,0.0007252453627095666
184670,0.0007806365059095199
184671,0.0032465655066656364
184672,0.0008450424695319617
184673,0.0005419542043889453
184674,0.000576247920838528
184675,0.0005805529424317225
184676,0.013654403100775831
184677,0.0006925154282453295
184678,0.01765386583114241
184679,0.0003868974787386396
184680,0.001376695730467179
184681,0.0026639068129457235
184682,0.0009645223528544193
184683,0.0008088226412491428
184684,0.0013839855137503065
184685,0.00275812176606606
184686,0.000525635896947639
184687,0.0006480960816589497
184688,0.0007689799661289929
184689,0.0011940691856319433
184690,0.0008341669280752084
184691,0.0008442293154547187
184692,0.0015826137760042284
184693,0.0142201672078724
184694,0.0007925030575158397
184695,0.0005283389101775277
184696,0.0014859682403488635
184697,0.004750484793627628
184698,0.0008726000117456528
184699,0.0019425477590769747
184700,0.0016255345313612246
184701,0.004559101238362923
184702,0.0010020500928250155
184703,0.001904031045082034
184704,0.004224394657613413
184705,0.0013389342026488098
184706,0.0015731745381017334
184707,0.0010872585546770706
184708,0.0024445497817536434
184709,0.0018653818682367192
184710,0.0035756200479734462
184711,0.0010564136337223948
184712,0.0007430769605266625
184713,0.0006756986383894007
184714,0.0014019872768103057
184715,0.0009263370116906981
184716,0.0005043905334251501
184717,0.0005883615501201158
184718,0.0006443062365814788
184719,0.001659345040659995
184720,0.0007745766214465104
184721,0.0006939281051405976
184722,0.0007115197065001115
184723,0.0005496833481350265
184724,0.008136915765376765
184725,0.0009803261543440672
184726,0.002111436242751425
184727,0.0005045805539155205
184728,0.0004320441412910816
184729,0.0007597732835918432
184730,0.001360988275409667
184731,0.0007213743256790437
184732,0.0004921891468246928
184733,0.0014450408321429315
184734,0.0010452079859220578
184735,0.0021070529940281756
184736,0.0011943090231552882
184737,0.0004706709783019144
184738,0.0019968672454964455
184739,0.0005256862920902094
184740,0.0004584518451292438
184741,0.02116210076753232
184742,0.0008062685079009711
184743,0.001184715496893945
184744,0.0007386705559698433
184745,0.0012018408376766013
184746,0.0007282278563398515
184747,0.0006503488393942906
184748,0.001300600815692843
184749,0.007285839755844886
184750,0.003103763145340714
184751,0.000993500398278213
184752,0.03939269422567757
184753,0.001843758963990384
184754,0.0028136813900886217
184755,0.0012412019202898991
184756,0.00038292488584149915
184757,0.004761829143956455
184758,0.000914823361306
184759,0.0006160460100146691
184760,0.005717676335717015
184761,0.002843891926802417
184762,0.0008646513892361933
184763,0.0011383267120906833
184764,0.0006528139159165413
184765,0.096926335261765
184766,0.0005306401917877986
184767,0.0012495177774320633
184768,0.004925827371191891
184769,0.001431524366672486
184770,0.00194061934317273
184771,0.0005753272032664079
184772,0.001791841254286973
184773,0.0938441954043829
184774,0.001308547883248968
184775,0.0029796054508182293
184776,0.0005745534149495415
184777,0.0006663120471109057
184778,0.0037117070248764376
184779,0.005064254146803767
184780,0.0019355470778725206
184781,0.001120060723547679
184782,0.0038053354791825816
184783,0.0008574467256255935
184784,0.0006656068555808164
184785,0.0020950351239247328
184786,0.0018270062019314205
184787,0.00045821147178010417
184788,0.002044983367759972
184789,0.0023942991680426504
184790,0.0012588364037960668
184791,0.003979740484271818
184792,0.0006131638947036227
184793,0.0003419055097587236
184794,0.0019785405461738084
184795,0.002242550962072142
184796,0.0006204276459651526
184797,0.0007370039388989023
184798,0.0007362361362002901
184799,0.0013474453197414166
184800,0.0010202145472615056
184801,0.0014530001166351472
184802,0.023182508085540933
184803,0.0182673190273569
184804,0.01183069422539617
184805,0.03369355018473229
184806,0.013030998731801332
184807,0.0007446922512966557
184808,0.00174597438783218
184809,0.010694403763195182
184810,0.003759651602403899
184811,0.015499113981931068
184812,0.0007864123962584741
184813,0.9837651528447042
184814,0.0009791623038270503
184815,0.004885803492658106
184816,0.0006806896098270674
184817,0.0020709995042060047
184818,0.0005658584889700433
184819,0.0012657637419130165
184820,0.0024795809339732324
184821,0.007229781630560643
184822,0.0004650094627309822
184823,0.0004971805187114425
184824,0.001363664762284035
184825,0.0011239705618139265
184826,0.0011700684562199323
184827,0.002988613844012839
184828,0.0008700251974276679
184829,0.0007098091745418506
184830,0.8425661675561724
184831,0.0033539262826761027
184832,0.007064702440135309
184833,0.0013137878243632938
184834,0.004539549701208996
184835,0.0006543917729510458
184836,0.003988360671612179
184837,0.0006306872980186835
184838,0.0016929802757787511
184839,0.0006947284586768701
184840,0.00048076200828540044
184841,0.0032049525444583877
184842,0.000700334424517115
184843,0.0007916051140271474
184844,0.0007492421481484025
184845,0.00182446181149656
184846,0.001250314351470337
184847,0.00046231264345592986
184848,0.002276521632503525
184849,0.00046091888303712307
184850,0.0005550985672379738
184851,0.000536171107761012
184852,0.004723415536148076
184853,0.00040874546145311256
184854,0.0014812701822598858
184855,0.0018513065091182806
184856,0.0007553803784429111
184857,0.009422901138333745
184858,0.000626126149918351
184859,0.0015069416011226303
184860,0.0028168661929390236
184861,0.0013121381095990558
184862,0.004686072519484848
184863,0.0005342590758900353
184864,0.0009939672364371356
184865,0.005529281374316181
184866,0.0008334460248424023
184867,0.0008562424712027589
184868,0.000548614854897177
184869,0.0005846640446730718
184870,0.0007832482751360223
184871,0.0004389811324455216
184872,0.002548146322753816
184873,0.002246458828964926
184874,0.0011114938110073607
184875,0.0005263271906962141
184876,0.0011220177161543384
184877,0.012564417138904216
184878,0.0006700096295125606
184879,0.0031797169987671115
184880,0.006773087026712711
184881,0.0006615128397279
184882,0.0013540044479638138
184883,0.016076291486278486
184884,0.012594781607552789
184885,0.0004922405987027677
184886,0.0007374228249081584
184887,0.0006001588893475845
184888,0.0026245992195694863
184889,0.0006914910746385319
184890,0.0007156634843489345
184891,0.0009632122636355281
184892,0.9957435846744065
184893,0.0006075591516901261
184894,0.0038452471999169367
184895,0.0012438280982435955
184896,0.001051487322351719
184897,0.004104411913076629
184898,0.007332337683427226
184899,0.0007800192276413631
184900,0.0004535188127132891
184901,0.0006404514032521105
184902,0.0006990680435546306
184903,0.0022349281849738337
184904,0.0016267504071561043
184905,0.0028947496619722533
184906,0.0025343315219824667
184907,0.002172814270889746
184908,0.0012086810722968422
184909,0.004997743025589233
184910,0.000577456947967025
184911,0.0008765730124813726
184912,0.0021743244426354227
184913,0.0008451772411694034
184914,0.02713153260025588
184915,0.00033771235112033647
184916,0.009197041900571617
184917,0.0012167449925754078
184918,0.004795753274731964
184919,0.002821635400523379
184920,0.004576833619427868
184921,0.003293229051336423
184922,0.0007501787289127845
184923,0.0006228553993176166
184924,0.001057341351588626
184925,0.0026783723523647707
184926,0.0032879318730727955
184927,0.0008495499716437642
184928,0.0032327223337153127
184929,0.0005959773166484975
184930,0.0006438245508971535
184931,0.003841536619742138
184932,0.0005218757600183668
184933,0.000581027887556384
184934,0.0012709411446527902
184935,0.0006119201660855925
184936,0.0007797390016457664
184937,0.0006353505592727003
184938,0.0006999084083743582
184939,0.0024334918922324783
184940,0.001141354761255918
184941,0.0011421941566378954
184942,0.006225654134624424
184943,0.0006237146346349883
184944,0.0035808915779507126
184945,0.00048668224062029566
184946,0.003021381163827379
184947,0.0015513351307441692
184948,0.001484384492945942
184949,0.001751078133014165
184950,0.0017853508777469157
184951,0.0006505346588711373
184952,0.0004884615314341857
184953,0.0007483068812709031
184954,0.0015828202838944808
184955,0.0006352800769849933
184956,0.0014624007050168674
184957,0.001005657854145179
184958,0.0008650456513378845
184959,0.0005888691637421786
184960,0.001239780852998295
184961,0.0005651635685065359
184962,0.0012712411591263293
184963,0.0020763585978155704
184964,0.001514083871553737
184965,0.0004979130606161486
184966,0.0015347427103666747
184967,0.0010530440681688
184968,0.0007699069504537038
184969,0.008542060180309279
184970,0.0008623280347741308
184971,0.009413542273275816
184972,0.0031449298230719447
184973,0.006571874450301659
184974,0.00444560389016787
184975,0.00040617024322907015
184976,0.001090774167285233
184977,0.000750376187806052
184978,0.0009769994265280183
184979,0.002504018380614463
184980,0.015158372355244865
184981,0.000577572071920859
184982,0.00037535768719005924
184983,0.0008696937989236549
184984,0.0006503473521909974
184985,0.005056556734012432
184986,0.0008919367845968271
184987,0.0004611731039515958
184988,0.1361983080439378
184989,0.0023184905413104724
184990,0.0005193425159752181
184991,0.0005044152200455221
184992,0.0009985234097479507
184993,0.0004542246635778483
184994,0.0005630219536827386
184995,0.002818861550322031
184996,0.016862083834678403
184997,0.0005701512507908363
184998,0.015760484570783988
184999,0.0005965713788473654
185000,0.002160845709031704
185001,0.0016873165685918094
185002,0.0021783980002509666
185003,0.033567706772302905
185004,0.0010399234776665113
185005,0.0009426189309499273
185006,0.00039620314449395063
185007,0.0026448211045672736
185008,0.0008220016853133251
185009,0.011698072529523353
185010,0.0017557300870632022
185011,0.005162354832976481
185012,0.0026627188149859777
185013,0.00299711260461094
185014,0.0005770122352754015
185015,0.0018950357812559313
185016,0.0004619986751218341
185017,0.004185051971538173
185018,0.0013468548455918689
185019,0.000758249498460423
185020,0.00691627468623122
185021,0.0008421777366729151
185022,0.002211256050114443
185023,0.009776271059053415
185024,0.0007434682500685093
185025,0.0020885928602683394
185026,0.0006287309643721101
185027,0.00045215523987124617
185028,0.007102273152333473
185029,0.0009198604727922114
185030,0.0009442051331278627
185031,0.01694283986065339
185032,0.001074018203552522
185033,0.0007785151363627099
185034,0.002057817950028495
185035,0.0018146456578739902
185036,0.001169842868660087
185037,0.0010145951863441867
185038,0.0007769557022665445
185039,0.009538773750012343
185040,0.19016751218646039
185041,0.0014310314047648659
185042,0.0005941224551560354
185043,0.0007641260779789432
185044,0.0006632735470528886
185045,0.0009743067426924434
185046,0.0006349871741051509
185047,0.0008549631918604323
185048,0.026174152039425358
185049,0.000489671720457729
185050,0.0009601232292649952
185051,0.0028054521875972935
185052,0.0008618190268793104
185053,0.006616517532099023
185054,0.00047668811318084617
185055,0.000907728978526836
185056,0.00048599377072153997
185057,0.0005451766268672537
185058,0.004976423133516322
185059,0.0018731425726957003
185060,0.0006134890959445197
185061,0.0028372245967242297
185062,0.004647313947117998
185063,0.0008449153568222391
185064,0.0006040849627358564
185065,0.001120976545456719
185066,0.0007757623090328613
185067,0.00035514489320187016
185068,0.0006861988048710803
185069,0.001155940859820187
185070,0.0008733992258625372
185071,0.0006329537651968221
185072,0.014093868471333267
185073,0.000663285782553986
185074,0.008811024139472911
185075,0.0015802849402761182
185076,0.0005994156864583898
185077,0.0008220114921009561
185078,0.0007312760941264648
185079,0.0049054055249047775
185080,0.001477789581028893
185081,0.0030249740022817917
185082,0.0004546910778333444
185083,0.0004693443066160368
185084,0.005736481867527199
185085,0.0005632223078153387
185086,0.0012057523045733139
185087,0.001066417225597895
185088,0.0025076115240776635
185089,0.0010360683755202967
185090,0.002906143150511299
185091,0.0017647765468684798
185092,0.001059345290719998
185093,0.00046533123762738547
185094,0.0004452045762878089
185095,0.002750327168839088
185096,0.005274367005787241
185097,0.0021157895818254223
185098,0.0009921738278132527
185099,0.012501217245086262
185100,0.0005531403418819933
185101,0.0006560612369342705
185102,0.0009589040544016345
185103,0.002392150876014905
185104,0.0007931430115355165
185105,0.0006947285800915306
185106,0.0005942080712444804
185107,0.007866035715614138
185108,0.0009529372799647131
185109,0.0007889581144679941
185110,0.0008308597561758953
185111,0.0007903293163844408
185112,0.0006186045575972048
185113,0.004533682971230457
185114,0.0005684051601559964
185115,0.0006267869800170952
185116,0.0014079919832173731
185117,0.0003480630760355387
185118,0.000500896339770738
185119,0.0007419848177557396
185120,0.008244546507789795
185121,0.0015138223974141777
185122,0.0005395649414352034
185123,0.0005166167140783411
185124,0.0017197081213438349
185125,0.005786370805654587
185126,0.027990041885865707
185127,0.0023763619175601234
185128,0.0007050578054015543
185129,0.0006283299808214954
185130,0.0004755844315198694
185131,0.0005253720122555109
185132,0.0012489890366363637
185133,0.0005975099653693231
185134,0.0010399426311105062
185135,0.011228363785635305
185136,0.0012197750058038858
185137,0.0005747037677211366
185138,0.0029611583722847367
185139,0.0005978417208214667
185140,0.000524678875385981
185141,0.004457598192432474
185142,0.0015135907184857219
185143,0.0022604629175078544
185144,0.0008298333543081565
185145,0.0003758336864187852
185146,0.0005468963956824144
185147,0.002654439391115084
185148,0.004031744576313985
185149,0.0016788767028349935
185150,0.20056873145469978
185151,0.0017823194850150998
185152,0.9965191634730384
185153,0.0005313528960090943
185154,0.0014093922284758276
185155,0.0017501293070684534
185156,0.0004974772964296561
185157,0.004400658710127726
185158,0.0009627606976217987
185159,0.001759385917892857
185160,0.0008030755514949887
185161,0.0006132505506686038
185162,0.0011225485458226962
185163,0.0004864223140237461
185164,0.002548844049343129
185165,0.0014534619658667946
185166,0.0006564209876894545
185167,0.0014099580319271194
185168,0.0023151221146059365
185169,0.002962253227028748
185170,0.0006026463319668059
185171,0.000521883145016726
185172,0.0010447307171218008
185173,0.0009048227689599415
185174,0.01909091532938582
185175,0.0015076314879548312
185176,0.0007358852030980589
185177,0.00122632564642003
185178,0.001089783968159745
185179,0.0020976534616347314
185180,0.015528247763538103
185181,0.0005409560312100889
185182,0.0018872082623213006
185183,0.0007728321972451384
185184,0.001498791810591446
185185,0.0005611693146780003
185186,0.0010285486634420016
185187,0.026090305477955232
185188,0.0021037150441830786
185189,0.0010881967172837203
185190,0.0009262318707340879
185191,0.002807553943988469
185192,0.0014077410089282328
185193,0.0007557467158762253
185194,0.0025620406360336726
185195,0.00405875529163043
185196,0.010819978498131258
185197,0.0020139714228624194
185198,0.0004866961058985446
185199,0.0016154628224667215
185200,0.0009237287707143288
185201,0.0008349994598994897
185202,0.0007739890921762969
185203,0.0010072519559529488
185204,0.0006030231671990915
185205,0.0005337770465467859
185206,0.004377755389859656
185207,0.0006619844240628934
185208,0.003522665194107491
185209,0.0038287874498523313
185210,0.0053255768948717325
185211,0.0024600480266531704
185212,0.0008129298484238459
185213,0.0021123629149849207
185214,0.01670019855921598
185215,0.0009286485500852403
185216,0.9983097379084942
185217,0.0008936303114460149
185218,0.00447085070217919
185219,0.0005062699676238635
185220,0.000677898606328493
185221,0.0006471744827552136
185222,0.0006181273056917686
185223,0.0008476088002791562
185224,0.0006524693551578063
185225,0.0043163592678615754
185226,0.0007037033898885038
185227,0.0012657053028697035
185228,0.002159921956708063
185229,0.0067847207930970856
185230,0.0011718993953391194
185231,0.0008012073050317843
185232,0.0007912021193880998
185233,0.001553153576243691
185234,0.05202876691651956
185235,0.038191850160152044
185236,0.0005090700718666308
185237,0.01410308567771111
185238,0.0012939087494541921
185239,0.008577809793475749
185240,0.000616061376328
185241,0.0005120785194953213
185242,0.0006366662943951166
185243,0.02726788283786557
185244,0.0013086104226214795
185245,0.0030913306523776504
185246,0.000658711851830966
185247,0.002567747862161694
185248,0.003552232349343528
185249,0.01271364733536472
185250,0.0006030593829831112
185251,0.001172092652067822
185252,0.0019443966750546666
185253,0.00869113512666834
185254,0.002298222585633139
185255,0.0009352373610628269
185256,0.0007148005392986222
185257,0.00044608344412234557
185258,0.0009667630852573245
185259,0.0015428547887902065
185260,0.0026099893177525296
185261,0.0007761586199559983
185262,0.0007304912339522053
185263,0.0006612253783219858
185264,0.0011959756529759515
185265,0.014069608595534834
185266,0.0006044270451014604
185267,0.004526464588683004
185268,0.0013190016141890351
185269,0.9949898151297017
185270,0.0038169616866979912
185271,0.0010900182458148922
185272,0.000680461438546706
185273,0.9979116462474602
185274,0.0014859923674065336
185275,0.008982779200366633
185276,0.0010473629305673513
185277,0.0003973412509370856
185278,0.0005973877984995052
185279,0.001257144599149786
185280,0.0005839250621159735
185281,0.00423622484333246
185282,0.0012821198117489553
185283,0.0011493646225460615
185284,0.0005802766160944374
185285,0.00047535050594094835
185286,0.0007336066907507666
185287,0.0005398457354677072
185288,0.0017223018814585803
185289,0.0006544073140618202
185290,0.0007914291911534525
185291,0.0004995775452824549
185292,0.0028725299821283808
185293,0.0007330917237260855
185294,0.0008738884410143329
185295,0.006050480730405067
185296,0.0006410293856852567
185297,0.0039033118991663447
185298,0.0005268133284080133
185299,0.0006912254859826061
185300,0.009560851075475102
185301,0.0016622834595958818
185302,0.0017286275099538553
185303,0.001522600388023437
185304,0.0008170499267897232
185305,0.0019230805454553254
185306,0.0015019203619220697
185307,0.0005946356700391017
185308,0.001339913389656997
185309,0.0006935068417937099
185310,0.0008539085753124826
185311,0.0006787205856145326
185312,0.009884346405765337
185313,0.0018572019645379714
185314,0.0007108270860253067
185315,0.0009106671142942858
185316,0.0010691041973617424
185317,0.002238805612891401
185318,0.0019428386087579387
185319,0.0009755319429558746
185320,0.000497567873124207
185321,0.003202899001848793
185322,0.0005264752747531516
185323,0.00123865958455872
185324,0.002085187816963834
185325,0.0016344029036640723
185326,0.0005096457363466593
185327,0.009482045841974119
185328,0.0008783137745900615
185329,0.002702847124326697
185330,0.007262639500365577
185331,0.0060445402499124685
185332,0.0006291928516186348
185333,0.0017919705851539651
185334,0.0033745077269855903
185335,0.0005663714951772786
185336,0.0008395302345008432
185337,0.0013628195469153714
185338,0.0010030714322275748
185339,0.0015137027083137367
185340,0.0009457587631081887
185341,0.0005154191217696019
185342,0.0012405685751718997
185343,0.0005514572281010934
185344,0.0005658836422125274
185345,0.006451209232631118
185346,0.0016312261728172284
185347,0.0018897336782233748
185348,0.0028387028147112874
185349,0.004901516045692812
185350,0.0005189888435789935
185351,0.000749126273134082
185352,0.0013183275536901137
185353,0.0007156013670537694
185354,0.0007047196947193937
185355,0.009055762362802297
185356,0.0016004505649726665
185357,0.014501020454378453
185358,0.000554145432778584
185359,0.0011925544425926058
185360,0.0005518285751894167
185361,0.0015108541651856285
185362,0.0017476520693741524
185363,0.00805235625313576
185364,0.0018905066313675044
185365,0.03552737800192391
185366,0.0007091928487632728
185367,0.0020563006890520685
185368,0.0016339323630644288
185369,0.000610523035655239
185370,0.0023416638063571598
185371,0.0012066849018402548
185372,0.0015356117897062924
185373,0.0005363173767716802
185374,0.0011652893971258287
185375,0.0007003725382794665
185376,0.0039305997639434214
185377,0.0012004023803340166
185378,0.002556576926165435
185379,0.0023161455611782292
185380,0.0008005605162161855
185381,0.06931402573929195
185382,0.001199155493366013
185383,0.003988553578215349
185384,0.0005503396785691952
185385,0.0007133125569044714
185386,0.0006312976855410955
185387,0.0007931564695725039
185388,0.0019346696036407793
185389,0.0009153305194431573
185390,0.006469111607831736
185391,0.0011046561112879052
185392,0.003484751392701042
185393,0.000578759624747133
185394,0.0006832631045062629
185395,0.0029930491432406635
185396,0.0007633394148159132
185397,0.0014541515713148974
185398,0.002052537304391213
185399,0.0019455200928101117
185400,0.007311042208607425
185401,0.0007412427979124025
185402,0.001476761341413221
185403,0.0007270216146441654
185404,0.006178274056243879
185405,0.0009744395176350734
185406,0.0029747501883061033
185407,0.005169141222227188
185408,0.001167872577310098
185409,0.0005338031452600063
185410,0.0006450348823564594
185411,0.004203787649510477
185412,0.0005358944505034787
185413,0.0007049992404839503
185414,0.009566776572899168
185415,0.0005983478267380406
185416,0.0037852184966200688
185417,0.0010511717358069996
185418,0.0039749905534854114
185419,0.009980416385426025
185420,0.0006912324466645011
185421,0.01358324120713588
185422,0.002895516151995874
185423,0.0018004536430828372
185424,0.000622727011040705
185425,0.008263538079999183
185426,0.003673312840854085
185427,0.0020691399018899527
185428,0.0005488884189897811
185429,0.002081658208973077
185430,0.0007726931604852897
185431,0.000686242418599569
185432,0.0005974118206364204
185433,0.0020555446666757904
185434,0.0011194111028714677
185435,0.0010549097054421835
185436,0.001126926154627993
185437,0.0004121069468854924
185438,0.0008269267407927663
185439,0.0006518151627512493
185440,0.001244306676230414
185441,0.0006805645547900641
185442,0.0015099278559868399
185443,0.0005813617112568148
185444,0.000766445889518726
185445,0.000531495442182279
185446,0.0008623134127336556
185447,0.007315970064457725
185448,0.0007895010588411905
185449,0.009836221154241808
185450,0.0006102399913361929
185451,0.02361960474152294
185452,0.020245488263504294
185453,0.0005920549502451734
185454,0.0005840830111724438
185455,0.0005877104228372816
185456,0.0058617921017630505
185457,0.0007413945958726863
185458,0.00895590275465204
185459,0.0026736741970011307
185460,0.0007240420131393536
185461,0.0008278167042032511
185462,0.024420923048838052
185463,0.0006272314775779654
185464,0.0004034446589347047
185465,0.0009048588715394072
185466,0.0006183180298920811
185467,0.004168173810202772
185468,0.0015796899116582
185469,0.0014309626730520703
185470,0.0020672308143302935
185471,0.0006201014843904135
185472,0.0006014949501935945
185473,0.0005826876828699515
185474,0.0031473936873651445
185475,0.012312125780896632
185476,0.0006674884479603025
185477,0.0018910796861779685
185478,0.0006351486485617766
185479,0.0004715893655681296
185480,0.0005680413577484136
185481,0.002589704102679658
185482,0.0006116837063094291
185483,0.016229206539060348
185484,0.0008072668982617491
185485,0.001049802875465899
185486,0.0007821128214125977
185487,0.0008554097872392748
185488,0.0018878645851644745
185489,0.0021041323711444
185490,0.00044801938119445124
185491,0.013086702389101503
185492,0.0009574963413517657
185493,0.0022912464848684477
185494,0.0006185091061338547
185495,0.0025951247329904716
185496,0.00036068791539034864
185497,0.0006894851936172443
185498,0.0006317930934444599
185499,0.003917403243687756
185500,0.0006613441642044589
185501,0.016577969398617616
185502,0.00095564466815036
185503,0.0010029910183409064
185504,0.0007332280771463902
185505,0.0022492934402432016
185506,0.0028934944237196964
185507,0.00041389005677449123
185508,0.0008549802803437452
185509,0.000574052461402011
185510,0.0030469098680820724
185511,0.00263618866397905
185512,0.0007086779942394808
185513,0.0009375931564823356
185514,0.0003475417126746741
185515,0.00675544876443405
185516,0.0004225595252191613
185517,0.0030435071059289475
185518,0.0006717546787184919
185519,0.0007122588492760162
185520,0.0018424400003409802
185521,0.0016011131173027356
185522,0.0010674627905248569
185523,0.0017102701637104032
185524,0.0005640061968656188
185525,0.0019059370222186693
185526,0.0006352739012476235
185527,0.00038661663090403843
185528,0.0004862538856305462
185529,0.008087367540180721
185530,0.0018119553086482815
185531,0.007389683231984688
185532,0.0006955636037568214
185533,0.0014371240848950126
185534,0.030229286767852796
185535,0.00771274659766143
185536,0.0036245116918271598
185537,0.001223351064378095
185538,0.0005688774204482803
185539,0.0072691535447588496
185540,0.0016080036103158896
185541,0.0003838499651994276
185542,0.004954428118810654
185543,0.0012949644483699382
185544,0.0038385001959465558
185545,0.0012860126940240518
185546,0.005549859611913909
185547,0.01348261591649514
185548,0.0005302203238964837
185549,0.007231906533058512
185550,0.0010757086187991117
185551,0.0019051475516571863
185552,0.0005878528054934748
185553,0.0007229425558947009
185554,0.0006044466022882072
185555,0.001143215988104697
185556,0.021258924280634032
185557,0.0006910505738700738
185558,0.0016166943276843793
185559,0.002781534121212002
185560,0.0008859209422563035
185561,0.0004570872075898224
185562,0.0007896143772792957
185563,0.0008783996115293183
185564,0.0022868481569765994
185565,0.0011771367602705545
185566,0.0010168116561720501
185567,0.003789837147601582
185568,0.0009518131641681083
185569,0.0005752276853243337
185570,0.9753488241418876
185571,0.005607656294074295
185572,0.0011025392082796158
185573,0.0006420252134600631
185574,0.0005312587404534596
185575,0.0005755976640740219
185576,0.0005762479576399708
185577,0.0004954955922106253
185578,0.001077199153339268
185579,0.0016688522556803746
185580,0.00068076398516027
185581,0.0008093517312168963
185582,0.000864583044102136
185583,0.0025248424982770743
185584,0.00048346268527252106
185585,0.004595458441039368
185586,0.004824892281113808
185587,0.002047133191030606
185588,0.0006024600276892213
185589,0.0007047628571621948
185590,0.0029837488874282243
185591,0.0025963561672294215
185592,0.006696640427477919
185593,0.0006575798893904235
185594,0.0008097140383287564
185595,0.0008297395677501758
185596,0.004880586819506681
185597,0.000585196371016577
185598,0.001061021699182243
185599,0.0008580302130472063
185600,0.9895017964095962
185601,0.002850282729563045
185602,0.0004203969858453003
185603,0.0006963754831481803
185604,0.0005562614155582876
185605,0.0006444354122644955
185606,0.0006666911674650297
185607,0.00423377115515863
185608,0.0012551444114254533
185609,0.0021557429909825152
185610,0.0006604134090779605
185611,0.0009439156825303482
185612,0.006344377116419821
185613,0.0018152188793457318
185614,0.0006321735023011657
185615,0.004845606146075202
185616,0.0006003495110166615
185617,0.0021353405119803525
185618,0.002478692585630574
185619,0.0005759389077314235
185620,0.0005394878319904862
185621,0.0010854403484510926
185622,0.0007608126551910683
185623,0.0016046150604432346
185624,0.017969708427588927
185625,0.0006431557084332891
185626,0.004349139896728356
185627,0.0007893257598650861
185628,0.012104761022248983
185629,0.0006557612867628804
185630,0.0031352663839074773
185631,0.0005018047828512258
185632,0.0007783968914418846
185633,0.006726349140980825
185634,0.000668221004033556
185635,0.001146413382288259
185636,0.0018575267115111514
185637,0.0007365854659880796
185638,0.0043425042566707815
185639,0.004385042374351672
185640,0.0007136620274467702
185641,0.001066642860973149
185642,0.003309984845161894
185643,0.0008927537943044937
185644,0.00046442372773979437
185645,0.0006559271129862914
185646,0.0008683114258875056
185647,0.0013946453151519502
185648,0.0006939843444691181
185649,0.0005652653732552812
185650,0.0006919761933609108
185651,0.0009045586553942356
185652,0.0012837369595999713
185653,0.0058257289272962715
185654,0.00038198902332904107
185655,0.0007844284945731749
185656,0.0013882384281475432
185657,0.002368919359169065
185658,0.0005766439182092667
185659,0.0008979303338558864
185660,0.02246575929927653
185661,0.0006732694849689143
185662,0.0009016505249545217
185663,0.000976258967048972
185664,0.00041806293998300796
185665,0.001009947181023927
185666,0.0005942447106939198
185667,0.0005204790486799283
185668,0.0006135192117224172
185669,0.004770160200465725
185670,0.0007367415450848268
185671,0.0004774249404746197
185672,0.004169900333006041
185673,0.0005615964014752197
185674,0.015258268541678645
185675,0.0006378604074886783
185676,0.9971404193434639
185677,0.0033435632340387614
185678,0.0005148387337523999
185679,0.0009925078673190316
185680,0.0009410058210278574
185681,0.003856828322618574
185682,0.0005959746754642143
185683,0.0018249122966592
185684,0.0006636362678216644
185685,0.04736333052800577
185686,0.0013003438817790567
185687,0.0013801767822960477
185688,0.002732227029775837
185689,0.0006142168188969352
185690,0.0008141913474213538
185691,0.0005687692031584159
185692,0.008247325118593028
185693,0.0011924172030385923
185694,0.0007224684718078326
185695,0.0004862536396389007
185696,0.0008883257879746696
185697,0.0016177057097913373
185698,0.0007005024349218301
185699,0.0009563020426508046
185700,0.0014572924319075395
185701,0.02780432907910213
185702,0.0016078046281356234
185703,0.0007781363973798563
185704,0.0011147866168038786
185705,0.002903972890833709
185706,0.004789880648500679
185707,0.0011545449123321052
185708,0.0018067252670189416
185709,0.0021092858017635993
185710,0.0019459646736443422
185711,0.000949580806101747
185712,0.005671107433014706
185713,0.0018368772980860903
185714,0.0009013999915954112
185715,0.0007287134933637153
185716,0.0014263998033732875
185717,0.0013184318273043896
185718,0.0005173306464450927
185719,0.005370023186669223
185720,0.0008955809415050384
185721,0.006183270013569338
185722,0.0003080506984660545
185723,0.0018333257522019203
185724,0.008286633392704999
185725,0.0018203036502022186
185726,0.0012351899646756747
185727,0.01799102935013152
185728,0.012949499098286688
185729,0.0007985466398994005
185730,0.0006030738324956909
185731,0.012100114876697092
185732,0.0022900435444132266
185733,0.9957941645046977
185734,0.0006682370847921526
185735,0.0014105199330050593
185736,0.25327755563380644
185737,0.0005100221918138653
185738,0.0005245154744158061
185739,0.0007095686719765042
185740,0.0010834939092468402
185741,0.007868720252463171
185742,0.0015270027238500502
185743,0.003318043086863284
185744,0.008640230497315857
185745,0.003114031091851025
185746,0.007102394264402656
185747,0.0012704980863028135
185748,0.0007503667234337067
185749,0.0013151609323305917
185750,0.009413713797965248
185751,0.001061118153158218
185752,0.003747446972262521
185753,0.9939411079721652
185754,0.002729370021014229
185755,0.0006427023601374426
185756,0.0010829632575203715
185757,0.004273202583722189
185758,0.0006314972341542079
185759,0.0007413799667855749
185760,0.000626168896872209
185761,0.0010655845398098776
185762,0.9943264241079515
185763,0.0016792691604349138
185764,0.001180008324559913
185765,0.001341056106761552
185766,0.00047590665765116053
185767,0.0018109678673461278
185768,0.0006869349235810194
185769,0.0004931296733696245
185770,0.006057976323573088
185771,0.0016851452607045164
185772,0.0007753514904183054
185773,0.0005659616727064349
185774,0.0005247586372210378
185775,0.0015361695064365802
185776,0.000668256558745961
185777,0.003380471065187236
185778,0.0009197169059521337
185779,0.00046567492272218643
185780,0.10071756248773611
185781,0.0012735319109661231
185782,0.005862810798431239
185783,0.008348976423473608
185784,0.000677963515743865
185785,0.0009755821969653874
185786,0.000749801218200562
185787,0.9991000768834385
185788,0.0008919103656354081
185789,0.0008680268083939618
185790,0.0006642321028818547
185791,0.0012728770424213537
185792,0.12692601788094401
185793,0.0012858109646508777
185794,0.0006746733559205246
185795,0.0004965734377456239
185796,0.0008461685437520649
185797,0.0012522775784091127
185798,0.0005426891520846343
185799,0.0007270124742046833
185800,0.0028542878699624446
185801,0.0014048567773324203
185802,0.0005421307399270205
185803,0.00254397933718267
185804,0.0005628473096350871
185805,0.0006734447125269746
185806,0.0008435290390402855
185807,0.0015171925322658877
185808,0.0034338215725896026
185809,0.0018320630014098263
185810,0.0007855423925790275
185811,0.003234535095234547
185812,0.0008275885476527682
185813,0.0005978759088669798
185814,0.04282041520221396
185815,0.0013224102721968692
185816,0.0006038194783483887
185817,0.0006304762155945384
185818,0.0005852896171088428
185819,0.0014652971048094618
185820,0.0006415109483372446
185821,0.00411676055863847
185822,0.00047229898720645787
185823,0.0008817402604258524
185824,0.0012589387032363557
185825,0.0017298698096654967
185826,0.0006492981005934398
185827,0.0007257037965064006
185828,0.0028328552208798565
185829,0.0004964336446983582
185830,0.0004892370113440227
185831,0.0029627089562535725
185832,0.002014215397562569
185833,0.0007836571646015178
185834,0.0009138628581481865
185835,0.0004267649893208067
185836,0.0038147957284963892
185837,0.0007181095633581947
185838,0.0007866891454228072
185839,0.004432654273676923
185840,0.0006012795656423837
185841,0.0009842297832467158
185842,0.0007144636072361397
185843,0.0014366304061518322
185844,0.997682708390902
185845,0.00039679277189726223
185846,0.002753292795788579
185847,0.007011892923533079
185848,0.005624457359718902
185849,0.0009905198563801558
185850,0.0007587595888185597
185851,0.007244453973513395
185852,0.0004661377460920637
185853,0.0005506287042800755
185854,0.07627238974869818
185855,0.0007690690372349906
185856,0.0005056100442120781
185857,0.0005070878805042515
185858,0.0006064673056791369
185859,0.003624272327782659
185860,0.010055861310639446
185861,0.0007569406075567166
185862,0.0028089531039951626
185863,0.002883554399515765
185864,0.00246717931331418
185865,0.001678648329389192
185866,0.0005711509691412417
185867,0.0005775274992146765
185868,0.002344495387758832
185869,0.9805132180899057
185870,0.0005893964275779462
185871,0.0023394743486518004
185872,0.007449339338731734
185873,0.0012684323852198498
185874,0.0008040955641853983
185875,0.005478939776293122
185876,0.0015165567316922618
185877,0.0005226946593502077
185878,0.010166692970817896
185879,0.0011171901352797302
185880,0.014128425189687275
185881,0.000650591177860538
185882,0.040258946430815644
185883,0.001226921963676705
185884,0.0007861575670070678
185885,0.0015439235513413526
185886,0.0009948739606859998
185887,0.001595087634166065
185888,0.0009906591029480633
185889,0.0022480890824204004
185890,0.0009523706411980071
185891,0.002513098495311418
185892,0.0007004969793912693
185893,0.000893396759580045
185894,0.002517176897293176
185895,0.0005707922044300622
185896,0.001819361259061464
185897,0.011571326922505273
185898,0.0008123415804079093
185899,0.0006221305260091482
185900,0.002089592395037033
185901,0.0007089203388051005
185902,0.0008895522574575266
185903,0.008323202218142072
185904,0.004220995253797661
185905,0.001333781096881526
185906,0.0006378253794832307
185907,0.0007150524110691057
185908,0.0004918853331966367
185909,0.0007345483637811617
185910,0.000596164274052532
185911,0.0006839735643233493
185912,0.0007835613297348771
185913,0.0077300272860192955
185914,0.0006217878743567974
185915,0.0010864279019110585
185916,0.0027465183463816355
185917,0.005773048734223779
185918,0.00554912998397009
185919,0.004613111252744476
185920,0.0013745591303568193
185921,0.0018244172794808938
185922,0.005252614785040218
185923,0.003968182862257395
185924,0.0012604308936320998
185925,0.002365210920203531
185926,0.002314779851723059
185927,0.0006242763368099037
185928,0.0004340660640399128
185929,0.000738415262445038
185930,0.0006474927717121169
185931,0.00044529965285324273
185932,0.007357284099589934
185933,0.0010370354661223121
185934,0.0009595721382689075
185935,0.00268680488344186
185936,0.00759143720900478
185937,0.0016439328404913185
185938,0.0024091894117020097
185939,0.0005294883501253326
185940,0.0005337280634840774
185941,0.0021748126875657343
185942,0.003015537526423377
185943,0.0011968433152793456
185944,0.0006110601832300543
185945,0.0006504353112884877
185946,0.0005883724817067607
185947,0.0007185584422023891
185948,0.0005819978828406029
185949,0.0014767742527298335
185950,0.0005965631572428189
185951,0.0005391203905339657
185952,0.015098923683419824
185953,0.0006718560540581274
185954,0.000801021500734794
185955,0.0013660015920423602
185956,0.0005889789882235689
185957,0.0016286195539860014
185958,0.004785448394776711
185959,0.005700461753024609
185960,0.01698637698218801
185961,0.0006322781230934417
185962,0.0004652062289633766
185963,0.000894924021850908
185964,0.000824527161423754
185965,0.0010786121070660844
185966,0.000668734521686991
185967,0.0011926209915389405
185968,0.000783262363853169
185969,0.0014439159287430844
185970,0.0009496353674933085
185971,0.003922309071858504
185972,0.0004609188906452977
185973,0.0012151212141499437
185974,0.005560202947087337
185975,0.0012667999225651001
185976,0.0022574597831052103
185977,0.0016671697766333132
185978,0.0009462403218918932
185979,0.0010052448017662614
185980,0.0478232238616572
185981,0.002135230110168553
185982,0.0008808936577262686
185983,0.0018039002950747747
185984,0.0008377747406216563
185985,0.003032607542531161
185986,0.0007998031384285607
185987,0.004408683402150662
185988,0.0007522787400686628
185989,0.006883850922283418
185990,0.0013496228424760002
185991,0.001427403224264368
185992,0.001234112029226476
185993,0.0008673452416589183
185994,0.0011912899298701504
185995,0.0024039979836839747
185996,0.0010928345106140942
185997,0.0007581382386820563
185998,0.0006920121385708635
185999,0.0009858621351658504
186000,0.0017595776611359513
186001,0.0007246369291690966
186002,0.0006123937045803585
186003,0.00046455634079289323
186004,0.0007306073268530108
186005,0.0005047240764951624
186006,0.0005572581979226849
186007,0.0026000259262436588
186008,0.0074249531929772485
186009,0.00489956068101574
186010,0.0007890437527624311
186011,0.0014233103148208383
186012,0.0005421197620725516
186013,0.0006530795784548567
186014,0.010418558831823757
186015,0.0005806443348738727
186016,0.0005961514875148275
186017,0.0007855720678714136
186018,0.0015839898765366064
186019,0.0024140387646203864
186020,0.005303053729811394
186021,0.0005892470613655942
186022,0.0007762464013757546
186023,0.0009533709932719687
186024,0.0009882794804245486
186025,0.005879608812515182
186026,0.00040859235137462037
186027,0.0008724972925481646
186028,0.0003414802345126281
186029,0.0006920011112877807
186030,0.00463515025589829
186031,0.0005121621903118403
186032,0.0008356036229023045
186033,0.0012881174787662474
186034,0.0013456299245065764
186035,0.0010785212452657659
186036,0.0019960650234197145
186037,0.004922215268884575
186038,0.0009179777018273101
186039,0.00485085928126785
186040,0.0005083408891186829
186041,0.0005553267091037278
186042,0.000578847405113616
186043,0.0016122401106375979
186044,0.0007850345411382821
186045,0.002596896854283817
186046,0.00172683195515393
186047,0.20077495384381994
186048,0.00060900642572237
186049,0.0009707708212282954
186050,0.0006356760379169792
186051,0.0005962218606575287
186052,0.0006797712637102044
186053,0.00265153089417407
186054,0.0015941131366042846
186055,0.0010378514816506098
186056,0.0006466081670256431
186057,0.005281219827136716
186058,0.0008474430230390538
186059,0.0006116766452081116
186060,0.0004990152977025316
186061,0.009674664402275147
186062,0.0005038631517191915
186063,0.045664240478339835
186064,0.006216909371428908
186065,0.0006714875394200737
186066,0.003424200904780193
186067,0.00060085322929715
186068,0.005210094293207099
186069,0.0005518427443196427
186070,0.001989425853271263
186071,0.0038753526638139516
186072,0.0004816574118098716
186073,0.0005536725822731426
186074,0.0005152236284663172
186075,0.001387819994048828
186076,0.005811951713369137
186077,0.010153222720050915
186078,0.0005353961411669376
186079,0.000874506550182227
186080,0.001799748256987534
186081,0.0005169906981369401
186082,0.0019023818383912597
186083,0.009895881816401218
186084,0.005895247164363519
186085,0.0008589603798871313
186086,0.0004838404486377301
186087,0.00602460817922179
186088,0.0006620754212029404
186089,0.006668621769260445
186090,0.0006834814083872189
186091,0.0007061539590254285
186092,0.0186592810867969
186093,0.0008003773424957975
186094,0.0016234281930549046
186095,0.0017812252642124577
186096,0.0014039962683356558
186097,0.0007903261308235072
186098,0.0006901312554051443
186099,0.0006987084108454355
186100,0.001881615883968389
186101,0.0006078159994393884
186102,0.00639575912159948
186103,0.0010307490136710774
186104,0.0007285361603904513
186105,0.0004874599014018863
186106,0.0041378041677520815
186107,0.001972235944357428
186108,0.0005827543262292775
186109,0.09868527929822138
186110,0.002289440747558274
186111,0.0005778132765121128
186112,0.000649159928780294
186113,0.0054732737225251325
186114,0.0006240269313440977
186115,0.0006676198907830393
186116,0.0008348169206410295
186117,0.0009854964870886155
186118,0.0007611184765648469
186119,0.0006604575400715353
186120,0.0008779399413598411
186121,0.00045513073575694136
186122,0.007602464724332814
186123,0.00810300505507121
186124,0.0011029167136232293
186125,0.0004810793446547208
186126,0.0006162862234327638
186127,0.000580419824487735
186128,0.028605123474769463
186129,0.0005938856554646406
186130,0.00661018625820195
186131,0.0008740392285869732
186132,0.000659352109544713
186133,0.003375488171360504
186134,0.001044248551795145
186135,0.00048787596415077324
186136,0.0018234321875390596
186137,0.1239657440868953
186138,0.0006905647594306402
186139,0.0014661099395033668
186140,0.0023706042530719723
186141,0.0005450209593358047
186142,0.0060209557573949034
186143,0.0006759545147964847
186144,0.0008013039773821639
186145,0.06113464641220247
186146,0.001040844087989825
186147,0.006769178757654421
186148,0.0020639659016360255
186149,0.0020473855780787182
186150,0.003305835938885778
186151,0.0014789218951263613
186152,0.0005393507162352201
186153,0.0005095628767225837
186154,0.000602850545186798
186155,0.0010693070735675449
186156,0.0014531517565513966
186157,0.0010362279365296258
186158,0.18938307036188515
186159,0.0015109733115540934
186160,0.001197988099229654
186161,0.0007967872148135162
186162,0.0007471503604547787
186163,0.0006039849831671904
186164,0.0010174664068434152
186165,0.0006964353885573378
186166,0.0006920608332434998
186167,0.0005219378881734674
186168,0.000578456074119251
186169,0.0006979518060977591
186170,0.0011505014846316104
186171,0.0011846789459962924
186172,0.011339723580992122
186173,0.00615812772408387
186174,0.001228037997809351
186175,0.0014448648554924817
186176,0.0010090498583529555
186177,0.007444739360633987
186178,0.07381538620136831
186179,0.0005612928558277909
186180,0.0026559599688574173
186181,0.0010106872388203746
186182,0.0007870994856721577
186183,0.0006627490536767627
186184,0.0017469886827086883
186185,0.0006317506677285095
186186,0.010172556576136553
186187,0.0005908882628317242
186188,0.0015554326022113314
186189,0.004876755427782824
186190,0.0035795838889966514
186191,0.0008641471538147331
186192,0.014054940912400272
186193,0.1670952920523985
186194,0.0012157743723940108
186195,0.0010003267771829982
186196,0.0021689823722051485
186197,0.000756938589427007
186198,0.0028687410473317984
186199,0.0005588845195097196
186200,0.0009054779116841182
186201,0.002060360269490182
186202,0.000988736775521244
186203,0.0006427459976824615
186204,0.0027160516106475925
186205,0.0018203494397079393
186206,0.0008457505587633269
186207,0.000787547126070271
186208,0.001078455381791901
186209,0.0007840605092395557
186210,0.004918488073008477
186211,0.0005450404812384219
186212,0.0006867232146951514
186213,0.0034455965372273325
186214,0.0017362400472632497
186215,0.000647267899533757
186216,0.0009896061715827247
186217,0.0022431821854733474
186218,0.0005493721441652642
186219,0.0006705626253155157
186220,0.008155088876496765
186221,0.00561766595058669
186222,0.0019241764878949084
186223,0.0005033953388855927
186224,0.0007203127182519531
186225,0.0017614687908403342
186226,0.003648204860825728
186227,0.001444792274109855
186228,0.0017173328468118865
186229,0.0036431720957731317
186230,0.0009004203925992264
186231,0.000461453192604139
186232,0.0008041355713515702
186233,0.0006646813955778298
186234,0.014348766262231832
186235,0.002062544869310835
186236,0.0005787211275264664
186237,0.9854261760820091
186238,0.0036172553873422093
186239,0.003351165443654271
186240,0.0013099352499817624
186241,0.0005627147090988289
186242,0.0017445360507580279
186243,0.0005920266607191752
186244,0.0009111964166196333
186245,0.0007281866162119375
186246,0.025384919048613033
186247,0.0009831129675348495
186248,0.0011847123860413093
186249,0.0032178753477365785
186250,0.0028032796886304587
186251,0.00090820094813906
186252,0.003644825571005246
186253,0.019192907855086674
186254,0.0005396465643050997
186255,0.0004138970329580615
186256,0.0034915270850070217
186257,0.030326261379267545
186258,0.0007328873840185616
186259,0.004534040057406955
186260,0.0005989558406952757
186261,0.008593476381059893
186262,0.0008747305568400302
186263,0.0009724052093947999
186264,0.005264867353015323
186265,0.0006444231882640058
186266,0.001429260881966168
186267,0.0008206629260372347
186268,0.0005542619185728685
186269,0.0006574319145504495
186270,0.0014528031232451774
186271,0.9989248950670816
186272,0.0004568331392342513
186273,0.0017123188412738752
186274,0.0007296545023663783
186275,0.0006067172615063622
186276,0.000768232533813179
186277,0.0005710736172150342
186278,0.008545434868964922
186279,0.9964624122510994
186280,0.0004156409182697786
186281,0.0018715066781013064
186282,0.0008708365784351143
186283,0.0008592694234924416
186284,0.0011526400485205907
186285,0.0004013919623890835
186286,0.0009456117036430513
186287,0.0019734630693209227
186288,0.0017115695169838013
186289,0.0006989495240014692
186290,0.014686718437034379
186291,0.0016727840933325935
186292,0.0008852886481559782
186293,0.0008946276147473382
186294,0.004800398518259561
186295,0.012853563478784122
186296,0.0017543737936966302
186297,0.0005421435922718341
186298,0.0008115653791910436
186299,0.0007009230788213494
186300,0.0007825202741147661
186301,0.0034412544895723375
186302,0.0015724134908770499
186303,0.004099729630528622
186304,0.0007280062409834221
186305,0.0006052877547658449
186306,0.001378275846212439
186307,0.0006889890049399217
186308,0.0007175759492722792
186309,0.0018510611017937659
186310,0.0007625355076651898
186311,0.00030836217217307605
186312,0.024134964365702186
186313,0.0015992121874203727
186314,0.0005715143765728663
186315,0.0006589303048225395
186316,0.002041595450049725
186317,0.0017637836343156281
186318,0.0016189333830076928
186319,0.9962706516210116
186320,0.0006149176887164247
186321,0.0015402538838660278
186322,0.000555833790995424
186323,0.000620205952139525
186324,0.0026703929313526163
186325,0.0014176550140122008
186326,0.0018478240971735375
186327,0.00208048215447573
186328,0.00101390869673914
186329,0.0016077386885635734
186330,0.0006369996731887715
186331,0.0004911237402796547
186332,0.0029110306112438565
186333,0.0007063345715997439
186334,0.0005514367763026412
186335,0.00045913438906473
186336,0.0013769518835976065
186337,0.0011194865600181471
186338,0.0008457054588418588
186339,0.0007608911651282358
186340,0.0007739919284671418
186341,0.0019874750409901634
186342,0.000652466069615215
186343,0.0005239711946807067
186344,0.0006025846341976955
186345,0.0005874161554517739
186346,0.0008863888281222009
186347,0.0010946934514403381
186348,0.9916334119035228
186349,0.01876673207790802
186350,0.0010625011364768845
186351,0.00030795204039823945
186352,0.000805937912541966
186353,0.0005990929716375859
186354,0.0063587207608009864
186355,0.0014772615444793957
186356,0.0016387415465311979
186357,0.0019366223707969125
186358,0.009955709325277416
186359,0.001768467339445148
186360,0.9980103722867573
186361,0.0005083012300507336
186362,0.0010339448902092396
186363,0.000795661881769076
186364,0.003534083939287279
186365,0.008749880295818404
186366,0.0007378231184349182
186367,0.0006534768894385939
186368,0.0009436006155656205
186369,0.0007749442100234323
186370,0.0022772808832274044
186371,0.1036380419508531
186372,0.003432555344412634
186373,0.00930220145916778
186374,0.003160512211459126
186375,0.00424663875148039
186376,0.0025782888038452176
186377,0.0006927108725420909
186378,0.0028813061038896973
186379,0.001477548112223447
186380,0.0006523063485058478
186381,0.0006757814756664685
186382,0.001492874121710717
186383,0.0006980566618239557
186384,0.0005147469936011046
186385,0.0006347034783733251
186386,0.2008854255362154
186387,0.0006630162287992675
186388,0.0062314057086048525
186389,0.0009832788875634591
186390,0.004645605710172576
186391,0.0007390957207365018
186392,0.0006768205041045434
186393,0.003164270154373832
186394,0.001244824600792721
186395,0.002062052356804773
186396,0.0030924088265235463
186397,0.00402336150791689
186398,0.0029326486749345166
186399,0.0014973853669179122
186400,0.0005483272151963275
186401,0.001528970493424498
186402,0.0024084463284943214
186403,0.00048701851883187956
186404,0.0005139536373379952
186405,0.002699251284369043
186406,0.0020824001199584363
186407,0.00045842951810392386
186408,0.0017099567120156087
186409,0.0012916865082357484
186410,0.001826583389733388
186411,0.0013696694147387082
186412,0.0006565839520142071
186413,0.05046073370854842
186414,0.0006327244232178422
186415,0.0005036360624973453
186416,0.0010119269880272204
186417,0.004836006630060538
186418,0.001275721088846767
186419,0.003989918116809475
186420,0.0006237338472568198
186421,0.031294889923511315
186422,0.0004466788756658121
186423,0.00044031935528781755
186424,0.0020897555925766496
186425,0.0007710646954428342
186426,0.0126202477956791
186427,0.022693650764917164
186428,0.000852472523481583
186429,0.002775733346436383
186430,0.0006019712966396158
186431,0.0012256017533649427
186432,0.0004766878317005385
186433,0.003555490249915264
186434,0.0029788457049479433
186435,0.00047303737297027873
186436,0.0011034677831979701
186437,0.004908801014302011
186438,0.014117813342605307
186439,0.0005386997934399029
186440,0.0015730843629418116
186441,0.001379371549018963
186442,0.0010876761142847799
186443,0.001003017314602256
186444,0.0007861896345709172
186445,0.0006320276551322748
186446,0.0007925464897640888
186447,0.0026375779803526596
186448,0.009044061601054065
186449,0.0025682330575875515
186450,0.002452263838993224
186451,0.0004280848074425474
186452,0.001270952032426352
186453,0.0031551239971211297
186454,0.001603064637470908
186455,0.004254049756172698
186456,0.0010330362443640687
186457,0.001011319999932296
186458,0.005836177750151715
186459,0.0012360954267619352
186460,0.0007352048223443142
186461,0.012462425632925132
186462,0.0006385441276473048
186463,0.0005739949677138665
186464,0.0004639945101689507
186465,0.00036145705891677633
186466,0.0024487558318651765
186467,0.0011848643023489231
186468,0.0008358333982841461
186469,0.004392449527670076
186470,0.0005029135391081965
186471,0.0013734201643470227
186472,0.0014365201652413381
186473,0.0005578721169406982
186474,0.0017032340948325867
186475,0.0026754251247041263
186476,0.003376791823837575
186477,0.0013023798316816933
186478,0.0016232671831678358
186479,0.0008140144530602671
186480,0.006643747794829535
186481,0.006644980404994009
186482,0.0012857414317296052
186483,0.0005923767659228216
186484,0.002265877302955074
186485,0.0006834898892561234
186486,0.0012874147442144203
186487,0.000745117202164111
186488,0.0011389414713639289
186489,0.008580083824550817
186490,0.020990692881682704
186491,0.0017018212284583296
186492,0.002795696001430502
186493,0.0011279840205210157
186494,0.0006191133916126309
186495,0.0007998262513940664
186496,0.0012983493061244963
186497,0.0017065221263083228
186498,0.0005701197723704986
186499,0.0007865650538158412
186500,0.006783009352767555
186501,0.003878853179874804
186502,0.000775585122552667
186503,0.0012977400708005307
186504,0.0005793763372603331
186505,0.0014211572907676714
186506,0.0011864642847462404
186507,0.0010304948958743069
186508,0.017139574062169434
186509,0.001409310817307577
186510,0.012780986981401263
186511,0.0009691279226358704
186512,0.0007785330735645074
186513,0.0006513130779753919
186514,0.0005030400854384035
186515,0.000510269898875856
186516,0.012698084327849607
186517,0.0007969250470400411
186518,0.0006736730393447092
186519,0.9430051841349496
186520,0.0006798287680172503
186521,0.0011147745844332087
186522,0.0016502238898928072
186523,0.008819100010919302
186524,0.0005663876607631642
186525,0.0013237790489118149
186526,0.006045215684676924
186527,0.9867444033222064
186528,0.0013822457430276425
186529,0.0013659668920488976
186530,0.000434811860501487
186531,0.0075047345344520225
186532,0.0023106714713899495
186533,0.009278087146718201
186534,0.0006367285052454365
186535,0.0012302311342309194
186536,0.0024263250902207215
186537,0.0016650324289750147
186538,0.0003362752778305898
186539,0.00034757977798269307
186540,0.004953640717278114
186541,0.00404619150110862
186542,0.0023949659985898755
186543,0.001058570995264908
186544,0.0004772419608904807
186545,0.0006699859743992123
186546,0.01001208449322359
186547,0.0009666440039146521
186548,0.0018985716695658838
186549,0.0015514459496389047
186550,0.0006268168940198166
186551,0.0018944614154320209
186552,0.0007699098418969873
186553,0.0009649566986043052
186554,0.004757339305346119
186555,0.0064217128276396656
186556,0.0017231151921282737
186557,0.0010778689522946572
186558,0.0017814961725967807
186559,0.0006142892565131531
186560,0.0004490965980657604
186561,0.000544656017035214
186562,0.0008931831676344715
186563,0.0006353209405300742
186564,0.0006153433745860395
186565,0.0005521699894260759
186566,0.0010942762387204717
186567,0.0005226342288929509
186568,0.0007611802561407579
186569,0.0016076963489376345
186570,0.0007276803081450191
186571,0.0061079985846782085
186572,0.0011363959088044643
186573,0.006481065105084232
186574,0.0013923973039300138
186575,0.0006831693093475887
186576,0.0006797428727096079
186577,0.0006994138140950398
186578,0.0004887775888894347
186579,0.001488324634398283
186580,0.0020227000386381444
186581,0.0006560234327170016
186582,0.0015714110858808792
186583,0.0005900708494219978
186584,0.000990756095416245
186585,0.0012695319638884603
186586,0.002794462756641166
186587,0.0004942444585377444
186588,0.0008935649539556612
186589,0.00079420756819737
186590,0.0004933061353300831
186591,0.0019830344589573425
186592,0.0005906040781476765
186593,0.0014577398342229798
186594,0.0006196588057655266
186595,0.014763950519285892
186596,0.0007151737508320582
186597,0.0007228297536851557
186598,0.006765009863870566
186599,0.0019770176092644
186600,0.05608684278636275
186601,0.0015371733703079247
186602,0.0009525112515618346
186603,0.0006927785363230619
186604,0.000883839784525332
186605,0.000598075817897583
186606,0.0021351218930260076
186607,0.003982882365331644
186608,0.02699737991060639
186609,0.0007322946379287477
186610,0.0006119737560425201
186611,0.0015260462309012143
186612,0.0009222450071816503
186613,0.00802786788906212
186614,0.004480732956954971
186615,0.0007322099219521014
186616,0.0007788852942757971
186617,0.0007599527017343921
186618,0.0008894783142076035
186619,0.0007942377837567951
186620,0.005766624791744361
186621,0.0025308716156423354
186622,0.0005097431790915095
186623,0.0018152542901589703
186624,0.11013027493016489
186625,0.004599249435458302
186626,0.0012394175671118566
186627,0.0006560220064728075
186628,0.0007823973447050401
186629,0.0008713641562380982
186630,0.004753697323661883
186631,0.0010066008097063572
186632,0.0007256494125366261
186633,0.0005210381353796518
186634,0.0008820630413195567
186635,0.0015003850163887358
186636,0.0019343986557434918
186637,0.000579647037756387
186638,0.0008040464900549264
186639,0.0015127311067044686
186640,0.0006987114497603169
186641,0.0005140851265843967
186642,0.007610125553123117
186643,0.0005529718047495567
186644,0.004440174887475988
186645,0.002757779580691362
186646,0.0025927592984779394
186647,0.0009170671200006926
186648,0.0009809019722680887
186649,0.0010481497634482015
186650,0.000607175416128922
186651,0.0004412304896038645
186652,0.0006692833977061262
186653,0.0006939577297298891
186654,0.002446977531974626
186655,0.001319666133319124
186656,0.0013729712691027025
186657,0.009927200084193111
186658,0.0009959413459540176
186659,0.003093176792286251
186660,0.003649544195965651
186661,0.0005223354752029467
186662,0.0006391905717762811
186663,0.0019371838174019333
186664,0.0017350756829215444
186665,0.005445408275523785
186666,0.0006627285415773763
186667,0.0005715808462621906
186668,0.013297704909232433
186669,0.00233922183794558
186670,0.00075708896930478
186671,0.003951209678656301
186672,0.0008042961806881792
186673,0.000828523752964489
186674,0.0008432596867255431
186675,0.0005803921659375381
186676,0.0006705247337042315
186677,0.0013093384089756007
186678,0.0007187172170187775
186679,0.001434495484282352
186680,0.0016456842158267247
186681,0.0018253596883667698
186682,0.0012579059200622513
186683,0.0011720732142661578
186684,0.009356013867942412
186685,0.002778115611831807
186686,0.0009648885648073423
186687,0.0008578504946463686
186688,0.0004493995528155279
186689,0.0008274975242277312
186690,0.0014524482164583645
186691,0.009635445165203597
186692,0.0005670219423530706
186693,0.0005999750114934862
186694,0.0020046543118037406
186695,0.0024337098827045666
186696,0.0008888377479753045
186697,0.9748116364972703
186698,0.0007156614240051808
186699,0.0007232929130546669
186700,0.0014051870942713097
186701,0.0008975884426586076
186702,0.07427297092211803
186703,0.0006042454473874592
186704,0.006643466328763667
186705,0.0008603642984829252
186706,0.002137066837979308
186707,0.0009394671182407564
186708,0.0011463642921977586
186709,0.0007354856366001716
186710,0.0005893393467196997
186711,0.0007508810259484397
186712,0.009117339134118857
186713,0.0006122138415426058
186714,0.013949723198722824
186715,0.0006856653697178807
186716,0.0006569700938968392
186717,0.010531642859303334
186718,0.0010327650814855223
186719,0.0009884745351665353
186720,0.0019434021209640002
186721,0.0016656342458210697
186722,0.0018952385117715401
186723,0.0006153470372227346
186724,0.003129984338732862
186725,0.0004027530355062694
186726,0.00044359265835436146
186727,0.0008807495128103273
186728,0.001034465043998858
186729,0.000726423070980142
186730,0.005109929268153665
186731,0.18703577950690542
186732,0.004240030818493956
186733,0.0037087246633228416
186734,0.008414895557596936
186735,0.001010763329469082
186736,0.000737183732257364
186737,0.0010908752735525043
186738,0.001031749320422013
186739,0.0004956023100540753
186740,0.000764359999071278
186741,0.0006682563525541878
186742,0.000828664622968156
186743,0.004184304459923755
186744,0.0007468742130641174
186745,0.0010528929142312575
186746,0.00087223320095421
186747,0.001260824747765807
186748,0.0016606991110974354
186749,0.0007016067874521097
186750,0.0028783979889026746
186751,0.0007856979771932709
186752,0.0010173874718244595
186753,0.005096451990426261
186754,0.0006214884125091975
186755,0.001196990692721524
186756,0.0008471910093844042
186757,0.0007964189175218813
186758,0.002087646860427481
186759,0.0009174540499301098
186760,0.0013932606884039115
186761,0.003151578832964823
186762,0.0007188683858866573
186763,0.000906345985343805
186764,0.00048806295801173476
186765,0.0009276259322450887
186766,0.0007393467291367444
186767,0.0009803829075129672
186768,0.0007994356269068237
186769,0.0008519218494966876
186770,0.0018929331962193802
186771,0.0062780546901702785
186772,0.0032967579108205167
186773,0.0012117806236621393
186774,0.00041826655535520067
186775,0.012813682612770803
186776,0.0005225833647423642
186777,0.9977762555519685
186778,0.0024376392781956763
186779,0.0014016692009428736
186780,0.0028796939444718853
186781,0.005087950888733751
186782,0.0007086455830407792
186783,0.0006074521608996106
186784,0.0008886053946033498
186785,0.0007705813617056196
186786,0.0010151265409846272
186787,0.002206253550776723
186788,0.0009472655049982295
186789,0.00047053751500700984
186790,0.003975260798999184
186791,0.001392640077066407
186792,0.0007278071060913159
186793,0.0006810114052971922
186794,0.0008834566535745054
186795,0.0028226100554342376
186796,0.0005873018516469815
186797,0.0012374209390452612
186798,0.0011094830988275985
186799,0.0008135297097402596
186800,0.004218268859932079
186801,0.0017283007378738917
186802,0.0008685901173826943
186803,0.0022096960045653747
186804,0.0005871397365573282
186805,0.0006373145938519612
186806,0.0009869957090627257
186807,0.00046200123445223266
186808,0.005602639917418224
186809,0.000735481943553581
186810,0.0005724528067132463
186811,0.0035391518333768683
186812,0.0014098616937280562
186813,0.018831696441793278
186814,0.0023996063504314975
186815,0.0008485040146358625
186816,0.0050265736512787144
186817,0.0004829489875909221
186818,0.0008777306289832474
186819,0.0009073258064863105
186820,0.0025763183291166065
186821,0.0006846155063053262
186822,0.0006891109810090847
186823,0.0006169822629001113
186824,0.9968005922285029
186825,0.006243812956252287
186826,0.000570007468636935
186827,0.0006310106555373334
186828,0.0006600772628556286
186829,0.009560251143340682
186830,0.00140584381567383
186831,0.0021809623203645533
186832,0.013431853854652427
186833,0.0004359088400257146
186834,0.0004904833596608784
186835,0.0006394548592301627
186836,0.0010122139602374031
186837,0.0015557231991723528
186838,0.0004464227287692165
186839,0.0007734346677316583
186840,0.0008466909694506147
186841,0.000814770401888147
186842,0.0014758076612076331
186843,0.004079705905416403
186844,0.0007541945808178911
186845,0.0009384311151672454
186846,0.0010137546224566053
186847,0.001621880343482787
186848,0.002741273615510543
186849,0.0008140733776342164
186850,0.00045489340568357034
186851,0.004667960101669272
186852,0.000802214327506654
186853,0.9969223237257094
186854,0.0006180941635240538
186855,0.00252659222437003
186856,0.0006498573181229471
186857,0.011669367475226986
186858,0.000735690363856911
186859,0.0009246212761095972
186860,0.020689809331169484
186861,0.0006345942268495418
186862,0.001364633073102368
186863,0.004842218626409576
186864,0.0004691162881770267
186865,0.000620727653238433
186866,0.011894945074204504
186867,0.0006219278036991686
186868,0.2004896178307213
186869,0.10049883411353627
186870,0.001330406980117801
186871,0.0005311475439225993
186872,0.0004702807327465071
186873,0.0013995292678918234
186874,0.01947302251607334
186875,0.0005764999611701183
186876,0.0004268862752879744
186877,0.0006039664639076834
186878,0.030038686900999315
186879,0.0006066005964829792
186880,0.0007310507882289691
186881,0.0020023259216317064
186882,0.0020379871631584128
186883,0.0005912261180159481
186884,0.0026061795696142196
186885,0.001000048634627912
186886,0.0009598494476224941
186887,0.004209118733588748
186888,0.0018656439200119318
186889,0.0007440392347166823
186890,0.0005236845608900338
186891,0.0023072550939103416
186892,0.0009694978470752463
186893,0.0026101925537178787
186894,0.0010956699138977655
186895,0.0032939485986161043
186896,0.030550787210245685
186897,0.0028767848196170785
186898,0.0006554266315861325
186899,0.0005602031256927546
186900,0.0006083197530148753
186901,0.0017276951267774874
186902,0.00048437484655159606
186903,0.0007546832187416478
186904,0.0008276184127744202
186905,0.002803731069958982
186906,0.0018882066029236816
186907,0.0006195440736763672
186908,0.0013195850675583641
186909,0.00044270816963711137
186910,0.0006836903978504239
186911,0.0010283175928764005
186912,0.0006275459000561026
186913,0.0023260446418495095
186914,0.0019972944745489697
186915,0.0010887963365445747
186916,0.0004997904013644556
186917,0.0013247984890758105
186918,0.009036219752290856
186919,0.001591507917564293
186920,0.0018919954700071977
186921,0.0009374253300455997
186922,0.9974083527320378
186923,0.0035429166237195458
186924,0.0016078909694413437
186925,0.0007703998154239605
186926,0.004189111752731845
186927,0.0016547301403831746
186928,0.00032353259705924684
186929,0.0006367771615059091
186930,0.0004952521614718789
186931,0.0017049567627094617
186932,0.0005470486992070255
186933,0.0014266206673835798
186934,0.001337625391059429
186935,0.0058639348719285184
186936,0.0010517605061479943
186937,0.00039382927231970807
186938,0.0013234646160246335
186939,0.001491027727720283
186940,0.006848316949306276
186941,0.0009491453933548047
186942,0.0021418312686422407
186943,0.0012934713050359685
186944,0.0007250236594515081
186945,0.00046846777370995036
186946,0.0004544968086141875
186947,0.00104132834633272
186948,0.00047905133628721225
186949,0.000749886170403205
186950,0.000709632612953271
186951,0.061439198472885925
186952,0.00047236554488706806
186953,0.22711804505674932
186954,0.0009962843064253157
186955,0.005268371654979266
186956,0.003882435229359023
186957,0.0014721798496441143
186958,0.0010811299432333303
186959,0.002663599293366477
186960,0.001239547044121851
186961,0.0006696033830189798
186962,0.0026225267009062003
186963,0.0007719345940519456
186964,0.002536031643410674
186965,0.0006081102192981756
186966,0.010994947915986835
186967,0.000668185572520656
186968,0.0007589338075115039
186969,0.006652262187268758
186970,0.0003350788074235186
186971,0.007625650628013479
186972,0.0017324816681307516
186973,0.0006119023443627909
186974,0.008137801246542776
186975,0.0006282188417808543
186976,0.0037239548292253995
186977,0.000644152047318992
186978,0.011556388936841917
186979,0.004428893252503062
186980,0.0005562209825363024
186981,0.0007881279602699007
186982,0.0007649795661664251
186983,0.0014574181378908613
186984,0.010623408233089247
186985,0.0009138515138359928
186986,0.0006263065262071394
186987,0.0006687235595940989
186988,0.0007546922181375847
186989,0.0009213041745571608
186990,0.0012235676010992945
186991,0.0005200706964484439
186992,0.20126489390364868
186993,0.0008701797628164812
186994,0.0007293945243852604
186995,0.0007499090801857096
186996,0.001253914243714954
186997,0.0008017792143332457
186998,0.0006019646519197775
186999,0.0005336250407629289
187000,0.0006238205128114829
187001,0.0012139312773146965
187002,0.00046158977755694964
187003,0.00043534658439251623
187004,0.0028848826702280034
187005,0.0011372441353901322
187006,0.001020452681089175
187007,0.0007991473627533858
187008,0.0008251620025290798
187009,0.0005934964524895698
187010,0.0009655195630665381
187011,0.0004403504586783463
187012,0.0005569418138509436
187013,0.000974212600149699
187014,0.002058811055841204
187015,0.0006902298815144186
187016,0.0010109933148156247
187017,0.00046160252763241386
187018,0.0020961654434637025
187019,0.0014486546017683634
187020,0.0033627446355174806
187021,0.008001475026891948
187022,0.003418766318450212
187023,0.00908517834147516
187024,0.20042237064067522
187025,0.0009255087967712395
187026,0.005995219735479375
187027,0.0036877109700988583
187028,0.0004077836815635944
187029,0.0005659359509427727
187030,0.009680217611734866
187031,0.0008251624490587047
187032,0.0006417125445996911
187033,0.0004503479630058621
187034,0.0010524761229973787
187035,0.0007941375850249611
187036,0.00047382904272135666
187037,0.0006798080014167911
187038,0.0014226497262179864
187039,0.0006299080730663717
187040,0.0044610756615203325
187041,0.0007350556725080273
187042,0.005353807673428502
187043,0.01470039491830671
187044,0.00045693111145199395
187045,0.0013910121428886248
187046,0.0019798371730930927
187047,0.0005674905754827934
187048,0.008454591025814015
187049,0.0004855947117821044
187050,0.0005301596017760823
187051,0.0005005444969477689
187052,0.0006983327073241391
187053,0.0045648777602173354
187054,0.000960834813566611
187055,0.0011956563336017944
187056,0.0010201953144485766
187057,0.002351886824454798
187058,0.0004883394026877043
187059,0.00064282658700177
187060,0.0005952242415403363
187061,0.0008036721752549186
187062,0.0008474987675263939
187063,0.0005877310425723885
187064,0.004425522454394511
187065,0.009691964878983179
187066,0.0004607179479661534
187067,0.017886089800807265
187068,0.0017875387191358077
187069,0.0011078597701816165
187070,0.0007816346491470389
187071,0.000625387431242289
187072,0.0011732001713730463
187073,0.0005229677718349878
187074,0.0012738234131702652
187075,0.0012501646999720888
187076,0.0009982535325128608
187077,0.0008299401873396744
187078,0.0004449959447923145
187079,0.0017180254004268607
187080,0.0046428045485773645
187081,0.00041522654485186305
187082,0.0005670420479466441
187083,0.0006066891358905425
187084,0.0006800456988135135
187085,0.0005610145994689703
187086,0.0008146526528656087
187087,0.0016411172156149845
187088,0.0007710049971677672
187089,0.003898502607292003
187090,0.0007305371538383023
187091,0.008514578822070086
187092,0.0008147189863873346
187093,0.002729749482904353
187094,0.000501618005100044
187095,0.0004996055802296041
187096,0.025967956236784433
187097,0.0017197609498952123
187098,0.0007249385991569992
187099,0.0006837781788632715
187100,0.0010435600046895981
187101,0.0023799387867925945
187102,0.0026193937741286815
187103,0.001201452777606665
187104,0.0008541683774416066
187105,0.001542481435132009
187106,0.0008058759228733888
187107,0.0006685343383944287
187108,0.0006648203542656684
187109,0.001483750277925256
187110,0.0014996623606984135
187111,0.0007468038822095902
187112,0.001450958427438676
187113,0.0006616449629024808
187114,0.0030342681696947597
187115,0.0011333116201383729
187116,0.0015161705563063702
187117,0.0007461010782883997
187118,0.012207274559412434
187119,0.0006348308568317692
187120,0.0013754522016781318
187121,0.0036829310785265823
187122,0.0005072046951989287
187123,0.0049973642797100995
187124,0.0016049553347706183
187125,0.005376509847953061
187126,0.0014618764504961996
187127,0.0017563119465563125
187128,0.0008285185651712443
187129,0.0009223133397219102
187130,0.0005167961399597179
187131,0.0007098342328030568
187132,0.0014108773012065233
187133,0.0005751809510087611
187134,0.0005780566221500482
187135,0.010789773608116464
187136,0.0007885437178585196
187137,0.0018619996110304108
187138,0.0006009273245938617
187139,0.0010095439348467338
187140,0.01225631025191011
187141,0.010744839464406072
187142,0.0005147844774380309
187143,0.00047766997899564693
187144,0.0010230036040487344
187145,0.00860855308393211
187146,0.0005638425017149312
187147,0.0005485602842875581
187148,0.0006954759260042252
187149,0.000658888943925632
187150,0.0010387480069662391
187151,0.000528824084539755
187152,0.0074042301449837675
187153,0.0009362587059176088
187154,0.00821430716593962
187155,0.20052589245753127
187156,0.0009345425909432702
187157,0.0005756361474078092
187158,0.000781907280844705
187159,0.0007436143808391541
187160,0.0025646173140088224
187161,0.0022994057221094166
187162,0.0018319250594188042
187163,0.0005394411300139545
187164,0.0018157311641589279
187165,0.0005719508910863914
187166,0.005683251615007786
187167,0.0006192921627118094
187168,0.003680575545422696
187169,0.996654927631816
187170,0.0009450535671546207
187171,0.001211104236933555
187172,0.0007323616963123083
187173,0.0009426171330605667
187174,0.0011008419248285917
187175,0.0024155594975187487
187176,0.0017784119563764335
187177,0.0010894772815052117
187178,0.0023575783191094055
187179,0.0007376627949280659
187180,0.0023288962518611712
187181,0.0006875815715802673
187182,0.0006218618107619782
187183,0.002568590815053186
187184,0.0055413568723220175
187185,0.00281045420027595
187186,0.0014657569017720307
187187,0.0025555639956752504
187188,0.021255081595513058
187189,0.00045233570339428227
187190,0.04196131244674446
187191,0.00045048603873972773
187192,0.0103853383918618
187193,0.001154339352205936
187194,0.2011209771194359
187195,0.0006350136492699989
187196,0.0006174082126089992
187197,0.00399054373725862
187198,0.0008695803054315557
187199,0.012678416266718156
187200,0.0006333216122620852
187201,0.000764421620993571
187202,0.00348334772701264
187203,0.006242004622842151
187204,0.03611231025102333
187205,0.0005981623532792043
187206,0.0039649811855231665
187207,0.0017037668820881313
187208,0.000466802959946268
187209,0.0009271344185881934
187210,0.0006815620556976229
187211,0.0010033673677059254
187212,0.0021062840848540165
187213,0.00042893943629541726
187214,0.0010484563829619084
187215,0.002045408343647594
187216,0.0004790928182347605
187217,0.0006240859900543442
187218,0.0005015309687100238
187219,0.0006496766937443934
187220,0.0010818383715569704
187221,0.008223195619394288
187222,0.0033517497384322626
187223,0.0009015767753544201
187224,0.0013324969818046247
187225,0.0020323547946762507
187226,0.0006409399974334368
187227,0.002817883829733789
187228,0.008751819118491197
187229,0.0006770307477208942
187230,0.003062414418863509
187231,0.0004297819743518863
187232,0.0006714885637514836
187233,0.0005367491315493031
187234,0.0004104664880735505
187235,0.0005637488589101944
187236,0.0034040098778635045
187237,0.00039632412851238106
187238,0.00048422151558911693
187239,0.0005342606788137155
187240,0.0013807405821476535
187241,0.0014824466511862014
187242,0.0010757398808783746
187243,0.016619340450847047
187244,0.0004907023130518566
187245,0.0010175613762089435
187246,0.004541500102395622
187247,0.0012684154621671877
187248,0.0005591320573501068
187249,0.0030218075698395987
187250,0.016420669381443466
187251,0.00047667831030562486
187252,0.004451625014801779
187253,0.0004763683946371934
187254,0.0008249976693984772
187255,0.0021436187542507043
187256,0.005156924388829526
187257,0.0006977558527162479
187258,0.0004247541591680144
187259,0.00784264735984183
187260,0.0006055857223332447
187261,0.0034647291695402414
187262,0.0007032599463900752
187263,0.001597692573485388
187264,0.0010897217557051145
187265,0.001181064561550029
187266,0.0014033317651484184
187267,0.0016817017187744608
187268,0.0010595240449794742
187269,0.0006969125457438136
187270,0.004696060882529008
187271,0.0006727172947360176
187272,0.0005162811101671848
187273,0.0006054685514244243
187274,0.00043446344609628383
187275,0.0009453948867727917
187276,0.0018490924826352548
187277,0.0009980185027791953
187278,0.0007676153545770821
187279,0.0006110112969435552
187280,0.0010124028264453246
187281,0.006026687269480468
187282,0.0026098472208189805
187283,0.004686299646008527
187284,0.0022283369649547125
187285,0.003526040037185582
187286,0.0005466004436614911
187287,0.00043375776857428955
187288,0.0006562299317810779
187289,0.0008489837330936336
187290,0.0005400449458881095
187291,0.001401588732229285
187292,0.0008720732746350757
187293,0.0011523918231355576
187294,0.0034858615285684566
187295,0.0012165149354766043
187296,0.0015887896933445345
187297,0.0005862873197570203
187298,0.0013829153169103805
187299,0.0006420788149093157
187300,0.0007544043371739373
187301,0.0005602674609122407
187302,0.001067652079345362
187303,0.0005888760900912847
187304,0.0018659702478983193
187305,0.0006900125222188082
187306,0.0007079987695074966
187307,0.04288483864716291
187308,0.002634808441912946
187309,0.023620978240813315
187310,0.0007673055341908914
187311,0.0004078346416600473
187312,0.00050847094921142
187313,0.0016811195757380816
187314,0.0012150005815983066
187315,0.000655585304269699
187316,0.0005774950324355104
187317,0.9864128482986789
187318,0.0024257547315864924
187319,0.0014584966638679794
187320,0.001220123752620546
187321,0.0006966969117370059
187322,0.002753898465771875
187323,0.002468995401254697
187324,0.0009168267929901296
187325,0.004288867210852355
187326,0.0006589386084985429
187327,0.0014472347523009506
187328,0.000540239103697579
187329,0.0224940031946717
187330,0.0007009752129931178
187331,0.0005839886661712539
187332,0.0005424919314273375
187333,0.0005722921688304799
187334,0.00343439406554999
187335,0.0004533096099966574
187336,0.003572294677408022
187337,0.0007681676085358777
187338,0.0030654403717589366
187339,0.0004424085006087022
187340,0.002667090410202913
187341,0.0007845171407462311
187342,0.0005006998199526442
187343,0.001498342700410573
187344,0.0004901796575090091
187345,0.0006476355567959403
187346,0.0009740946379592503
187347,0.0029663581559792986
187348,0.001801696189940296
187349,0.0005936576006727234
187350,0.0015767316357907964
187351,0.0020487889247259704
187352,0.003235127100552088
187353,0.000754671996736101
187354,0.0005202642684925215
187355,0.0042859686233422765
187356,0.0009613252302572107
187357,0.0007626277319919304
187358,0.0006112212258707274
187359,0.006908491342755453
187360,0.0017084392575173355
187361,0.0008606994922805325
187362,0.001530804216979824
187363,0.008415742830914879
187364,0.0009367953608818418
187365,0.0009191796195637872
187366,0.004260539092710991
187367,0.0005564170100764448
187368,0.020677569222560276
187369,0.0009682781928281422
187370,0.0018179571494832407
187371,0.0009425866182734865
187372,0.0026015873080671493
187373,0.0009749743111990459
187374,0.0023454142082409
187375,0.0009897200363470525
187376,0.000667356116553918
187377,0.0006523032440040601
187378,0.030836929520500003
187379,0.0007200617316191361
187380,0.0009251246715724015
187381,0.0009866430829214234
187382,0.0005947658776393365
187383,0.004407969697892768
187384,0.0007302045417638311
187385,0.0006827464915050863
187386,0.0014077516920405504
187387,0.0019808912690808486
187388,0.0007467457087183471
187389,0.0016429293015857928
187390,0.0035074873691020685
187391,0.002076107244664367
187392,0.0016892191068969202
187393,0.01610888793220566
187394,0.001114316533367462
187395,0.0004894992846442027
187396,0.0032460985825912363
187397,0.00046086671606713765
187398,0.013700874893828313
187399,0.00891722698572386
187400,0.0004240770244184916
187401,0.0007551351649067468
187402,0.0004814739266014326
187403,0.0021702224913618534
187404,0.0010974435748676457
187405,0.001045707129671961
187406,0.000501725523680599
187407,0.003620797173091609
187408,0.000527781250500978
187409,0.0021450034358579968
187410,0.0007547612415897034
187411,0.0006870346963917459
187412,0.0005083004605535269
187413,0.0006564672719210512
187414,0.03908650666987104
187415,0.0007963673740803386
187416,0.0009220725573259633
187417,0.0018452118186203246
187418,0.0005203029543645911
187419,0.0030730962847033906
187420,0.0007002774299076432
187421,0.007717336753476635
187422,0.000878723149942194
187423,0.0009506810086816534
187424,0.0006787263314380451
187425,0.0017159784090338154
187426,0.0008331294649059108
187427,0.004549183286369132
187428,0.0026519976238544053
187429,0.0014969381368384218
187430,0.0033387319976814316
187431,0.004337789112500619
187432,0.0011625532718172072
187433,0.00645030497407891
187434,0.03184007556801441
187435,0.0006597148635608496
187436,0.0017812584130876999
187437,0.0014492584285728978
187438,0.0006890783052215816
187439,0.000996724995072629
187440,0.0007141601534793865
187441,0.0009984358424999368
187442,0.0007263739195679603
187443,0.0008233615662036839
187444,0.0035793556062613655
187445,0.09215970351922187
187446,0.00076400097358511
187447,0.00046549721204266836
187448,0.0013494114120640615
187449,0.00064826149681365
187450,0.0015247532625044969
187451,0.0007756884753128647
187452,0.0005571320194595637
187453,0.0009987620902315486
187454,0.0005308722915635599
187455,0.0016700745494327778
187456,0.0005496528240536368
187457,0.0035097455107149108
187458,0.0005530798263589309
187459,0.024771101265312165
187460,0.0005868694123869016
187461,0.0006808533487318527
187462,0.20045866422092834
187463,0.0007540649326929585
187464,0.0012705775597912083
187465,0.006971260396218456
187466,0.0013019195464733812
187467,0.0068285249963931476
187468,0.0004976576644506254
187469,0.0005663482508717607
187470,0.0009493279391044651
187471,0.0007412942128286841
187472,0.0009216312219657014
187473,0.00037662475679781787
187474,0.00218975794382895
187475,0.007369871246767589
187476,0.0009437788330855737
187477,0.0006296518752685516
187478,0.0029448178873163026
187479,0.0005778810101835286
187480,0.0011390401753697517
187481,0.000567076355326327
187482,0.0006888787728028071
187483,0.002474702567237196
187484,0.0029651112062075153
187485,0.004979186066338345
187486,0.0010259761145625533
187487,0.026413702892396973
187488,0.0005767747921602361
187489,0.010030437611094158
187490,0.0024018449821286104
187491,0.0003467427628441338
187492,0.0008418761239700816
187493,0.0005567448044235455
187494,0.0006115610176022592
187495,0.0008650607458538407
187496,0.0007835354290323545
187497,0.0009236498047712176
187498,0.0006058199017623326
187499,0.0024372695926222097
187500,0.0007029179764648532
187501,0.0006595667982817093
187502,0.0008355260648498302
187503,0.0017081144561553897
187504,0.000690259953361083
187505,0.0022942298607121956
187506,0.000679743147157694
187507,0.0007695415375142975
187508,0.0009565257621945683
187509,0.0004313347267107887
187510,0.0017242214926543107
187511,0.0013706251002891176
187512,0.00045823768005947896
187513,0.0063401710904251625
187514,0.0007679391105497538
187515,0.0008297737018033266
187516,0.1024264774478924
187517,0.0008007162478405139
187518,0.0015591637074844596
187519,0.0010170995200383022
187520,0.002167440391175641
187521,0.0033515258934803467
187522,0.0006159450410142381
187523,0.0004451528695116313
187524,0.05466467664400606
187525,0.0033032830011012803
187526,0.0006334295880035812
187527,0.0007945323579204843
187528,0.0014683900173231594
187529,0.0009079930112551582
187530,0.05427760294360416
187531,0.001592024882610014
187532,0.0006363311088922491
187533,0.02946027513534105
187534,0.0010949448624434908
187535,0.0008943246990057265
187536,0.0023996666078470296
187537,0.0005055096133340526
187538,0.0009524754940860216
187539,0.0006394581628479143
187540,0.0008728465653671284
187541,0.00046871792994669566
187542,0.002732013162167214
187543,0.0012604810138850194
187544,0.0033614725718777373
187545,0.001380029270279354
187546,0.0010917498702728385
187547,0.0036029312498845854
187548,0.00047311964540571177
187549,0.0005474536265372867
187550,0.0005663352491666404
187551,0.0007539336658475184
187552,0.0006042251047857803
187553,0.00055981205616683
187554,0.0006265622343007392
187555,0.000687732093705364
187556,0.0177793611485841
187557,0.0016186005754397878
187558,0.0027174085383159805
187559,0.0012775796240552476
187560,0.0005634093621457441
187561,0.003627047605900286
187562,0.0007672117016463218
187563,0.005124551797702531
187564,0.003077083987180623
187565,0.001000521899388512
187566,0.00046032289991077154
187567,0.002016088176288129
187568,0.0007025483391653249
187569,0.0006237694002139109
187570,0.0004891463546483636
187571,0.0005887465652761104
187572,0.0019758266960963216
187573,0.0007041413192546645
187574,0.002017275141910305
187575,0.0058382695257932805
187576,0.0006591591416181018
187577,0.0006619296680678692
187578,0.0007116437243670161
187579,0.0009826417903074903
187580,0.0008091150447029254
187581,0.0014852667330234053
187582,0.0011798134981192213
187583,0.0008715603252921396
187584,0.0009882389072652402
187585,0.0006276298064636155
187586,0.006048069294204254
187587,0.9980109701908504
187588,0.0017688303822330064
187589,0.0005901605021191643
187590,0.002289220138978369
187591,0.00518913083743309
187592,0.0005547977577986011
187593,0.0010175992755122238
187594,0.0011366449360073467
187595,0.0011480073894642457
187596,0.004936106760508944
187597,0.052012103730117144
187598,0.0004843558752904216
187599,0.002692484324092175
187600,0.00037291204100428095
187601,0.000619028832307136
187602,0.04104088681609624
187603,0.0009197317285187313
187604,0.0005748067460839173
187605,0.0021267405476778087
187606,0.0010400280007281416
187607,0.0008587414230418232
187608,0.00463972020095106
187609,0.0005032332173370362
187610,0.0009432014962120237
187611,0.0003675564601185412
187612,0.0009598923992666368
187613,0.0014515946450451333
187614,0.04222654024057734
187615,0.0004826399101958421
187616,0.0007422144134787087
187617,0.010373914202487629
187618,0.0005039420101358652
187619,0.0007111625696163264
187620,0.00048374858798708555
187621,0.01998633946281999
187622,0.001209804084755415
187623,0.012840042717144388
187624,0.0005746703077705043
187625,0.0004209341265595565
187626,0.0005887791157078919
187627,0.00123669579305191
187628,0.0006210754907956844
187629,0.0008543889256461411
187630,0.0025733908093577076
187631,0.0021084556117941687
187632,0.002088176504514921
187633,0.0023352072550411637
187634,0.0006487652418845052
187635,0.0005531708371448401
187636,0.0057902327622405565
187637,0.0005678719322077025
187638,0.00030743389418406384
187639,0.000550758752791121
187640,0.0005272942069111004
187641,0.0012566575137670634
187642,0.002148531016676931
187643,0.0005901011874456239
187644,0.0008430774271959171
187645,0.0005657721176366023
187646,0.0007062474927708657
187647,0.0005541752071994619
187648,0.0050704343113942545
187649,0.0008196099630174334
187650,0.00370618746065666
187651,0.0007666537356189217
187652,0.0020306963433913633
187653,0.0005389725745510564
187654,0.005610382746158759
187655,0.0020887063135754235
187656,0.0005353463515899225
187657,0.0009591502294896844
187658,0.001056319376962706
187659,0.00044195133003841516
187660,0.0028024005365222624
187661,0.0008813654847619741
187662,0.01195820023454031
187663,0.0006167033514612591
187664,0.0049026105040001445
187665,0.0005859387840252872
187666,0.0011043786089687333
187667,0.0004570430768854546
187668,0.0009305546164003736
187669,0.0014000262407592202
187670,0.0017048143904571291
187671,0.9977462485984259
187672,0.0009266408352639763
187673,0.0005509593670357878
187674,0.010584954789567128
187675,0.9990790455523115
187676,0.0005809096867230884
187677,0.01814138656614606
187678,0.0008883627109425175
187679,0.0006722798650534897
187680,0.0011688477551459807
187681,0.0014946454303768793
187682,0.0009511260391031145
187683,0.0005445297255591588
187684,0.006496127451022782
187685,0.0012630478182759503
187686,0.0081992482782211
187687,0.007224029834835969
187688,0.000745354718981204
187689,0.002106592444616762
187690,0.0006662019954006515
187691,0.005481660562444363
187692,0.0016503925499093408
187693,0.0008105151204172145
187694,0.0025130328612847667
187695,0.0015613013752643478
187696,0.0058133350325628285
187697,0.016751481632449404
187698,0.0015866193215917554
187699,0.0009240676108985409
187700,0.0005600952413462406
187701,0.0005225097107993846
187702,0.0006363643198919974
187703,0.000751846025742791
187704,0.007218461807632134
187705,0.0007324492030864432
187706,0.00721677146481358
187707,0.0006098100443406886
187708,0.03614857285641389
187709,0.0017756322136041635
187710,0.0010034134610038866
187711,0.0005720216643957065
187712,0.0005406254608116724
187713,0.0017640889757050584
187714,0.0005992543066834571
187715,0.003597521902499062
187716,0.0007149431775993662
187717,0.009343600619318583
187718,0.0008300562310900617
187719,0.0008454693277871822
187720,0.008002121706652106
187721,0.001019690876306339
187722,0.005938315302999116
187723,0.0005311568254435149
187724,0.015416934135118899
187725,0.001092597143258389
187726,0.002253058288099649
187727,0.0005507662845728284
187728,0.0012008314762207838
187729,0.0036518798734321177
187730,0.0005543982382067759
187731,0.00039969288071633975
187732,0.0006920223090396823
187733,0.0010596633447367118
187734,0.003675048435053698
187735,0.0006357663254136839
187736,0.0025802273018200317
187737,0.0006712592167463975
187738,0.009257317414989337
187739,0.00082077325333269
187740,0.0014383993845419147
187741,0.0006356698789963059
187742,0.0013890898683956445
187743,0.0006577074019814024
187744,0.0023869103448999817
187745,0.02255308541192594
187746,0.0007632152786096605
187747,0.001563451389270679
187748,0.0017095672160708196
187749,0.0009541521656659106
187750,0.0020518373519614027
187751,0.002065176031689977
187752,0.0009179878859075786
187753,0.003137702945347859
187754,0.0007929261218027365
187755,0.0013562250806642383
187756,0.0006881414282866769
187757,0.0020942775190461787
187758,0.0011370480372729548
187759,0.001830830928275446
187760,0.0006580528133357102
187761,0.0008424615742963899
187762,0.0006901021877439651
187763,0.000714460673474987
187764,0.0029723084047485965
187765,0.000945979528952831
187766,0.0006621016627703807
187767,0.0006114393190811161
187768,0.0015270358183034792
187769,0.0006456821982377056
187770,0.00038904963282156304
187771,0.0006123311611665963
187772,0.0022752539849386277
187773,0.0003612597278365842
187774,0.002314285716000567
187775,0.01107187940082261
187776,0.0016603950390088234
187777,0.006073380383035933
187778,0.0006934933161983246
187779,0.001061481600806952
187780,0.016113837355595018
187781,0.03708146203727411
187782,0.0013390654994954038
187783,0.0007928605866455823
187784,0.0017251026726299305
187785,0.0005436631735824439
187786,0.000700270038874061
187787,0.0005466997346116891
187788,0.0006323232904599731
187789,0.0007050984092520636
187790,0.0009511946717049967
187791,0.000672566258238215
187792,0.00342826742234887
187793,0.0013775589827487045
187794,0.001724801600989495
187795,0.018873783167602437
187796,0.019623667802207978
187797,0.0005452158038275184
187798,0.0024286733637463257
187799,0.0007337891024211218
187800,0.0012475153281920391
187801,0.0005831439063276033
187802,0.0006337454764632336
187803,0.002515919161528033
187804,0.0009686127684415297
187805,0.0013191662516518776
187806,0.0013987267267448092
187807,0.0004698433630956414
187808,0.03648503955408399
187809,0.001180868490487569
187810,0.0007490193372075914
187811,0.0029822610553459556
187812,0.0037552707911041733
187813,0.0023037215762509314
187814,0.00358802797363503
187815,0.004258362273185302
187816,0.012777400483867525
187817,0.0011582819615417001
187818,0.000486833846096686
187819,0.0029370111050584656
187820,0.0009124816894171518
187821,0.0005876078119428438
187822,0.0005399477781928688
187823,0.0011578352228571705
187824,0.004603431286204711
187825,0.0014051447126865852
187826,0.005019766072702169
187827,0.002594413288792452
187828,0.0006668189266341284
187829,0.0012658127496941762
187830,0.0006205123351065108
187831,0.0004937826490788465
187832,0.004087411085192432
187833,0.011101693610287258
187834,0.0007718620214207733
187835,0.002341695739695134
187836,0.0005030171727599456
187837,0.0006543387375168936
187838,0.0032031538018409927
187839,0.0009355976353331174
187840,0.0013560386098880905
187841,0.0005941833486503279
187842,0.0006798446563482652
187843,0.0004940558697608586
187844,0.0010050707524578485
187845,0.004810777953617647
187846,0.001083374939019599
187847,0.0025668792906321796
187848,0.000668290755745427
187849,0.005909920612758787
187850,0.0006342449540713609
187851,0.0016202115690519333
187852,0.0006658514314003049
187853,0.0018039436688845048
187854,0.0004823700998823993
187855,0.0011325718178433948
187856,0.0006587766043171459
187857,0.0034283019383721334
187858,0.0006055073971288008
187859,0.0006077692984519341
187860,0.03814744509757253
187861,0.0007497049162043918
187862,0.022920352705916747
187863,0.0009840462700998953
187864,0.0065359970044504435
187865,0.0017092496914156013
187866,0.000440661930133415
187867,0.0006168223266605747
187868,0.0047936597419872004
187869,0.0015129853035338817
187870,0.0019303652137921206
187871,0.001169132309307461
187872,0.0009125238523441967
187873,0.0007614037596016831
187874,0.0007402531511481383
187875,0.0011204149175388718
187876,0.0007360607611248816
187877,0.0013371644210280105
187878,0.13984131621086984
187879,0.0011389605400418663
187880,0.0005634960676545706
187881,0.001720547530922328
187882,0.0005684425273053798
187883,0.0006053541535276077
187884,0.012040935218930241
187885,0.0004884021803774571
187886,0.0008860131616616586
187887,0.0017763577342316851
187888,0.0005674616458946486
187889,0.0014521094029005426
187890,0.003482138184048961
187891,0.0012960185753883467
187892,0.0014891104282357492
187893,0.0004666120483805043
187894,0.010850581467634221
187895,0.0010057849964643182
187896,0.0013387210328552031
187897,0.007481788446257474
187898,0.0005695404521451691
187899,0.0014435145465594183
187900,0.0005837907701890541
187901,0.0035061452496210205
187902,0.0027962932393518843
187903,0.00047219671625313333
187904,0.0007239271236729621
187905,0.0006363567236771547
187906,0.0005643188279029898
187907,0.0006208819418305873
187908,0.0017364314405616164
187909,0.001924063804376646
187910,0.009623959351109011
187911,0.0005869504368178296
187912,0.01861768692388143
187913,0.0019495752737033285
187914,0.0007039993329181959
187915,0.0005436127530732047
187916,0.001759330248980615
187917,0.000763263765386809
187918,0.0007008163944321581
187919,0.002955302806833814
187920,0.0009851411008410696
187921,0.023666546114457145
187922,0.00046952420811965007
187923,0.0015656299936642982
187924,0.0006809420217429972
187925,0.0009989368222075726
187926,0.002038492930523716
187927,0.0043039392943859025
187928,0.0007218204570932415
187929,0.004554954226828097
187930,0.0006000138722812035
187931,0.00138101866075772
187932,0.0017581560600312815
187933,0.0005691434697300714
187934,0.0025634894294483245
187935,0.002648783921472145
187936,0.030777687192782344
187937,0.0016460197435358144
187938,0.0006849996699631555
187939,0.0006249139160320648
187940,0.0012444252804037323
187941,0.00039482409450099075
187942,0.0042563080722639954
187943,0.006027141663964328
187944,0.0007417704185592814
187945,0.006898647167341907
187946,0.002120027003923441
187947,0.000684774453600962
187948,0.0005645314424410459
187949,0.0006385542003148369
187950,0.0006488405388949896
187951,0.0024485835205588892
187952,0.0006481521653827308
187953,0.001263170885292109
187954,0.003316972946645602
187955,0.0038475003259214055
187956,0.0009718580953362471
187957,0.0027552021704585926
187958,0.0007902839143360136
187959,0.0008885167933292504
187960,0.0008294282599972244
187961,0.000738782607470376
187962,0.0022799300295749812
187963,0.008461400672986313
187964,0.000813561548203921
187965,0.0005859246118365771
187966,0.006188526353849972
187967,0.0005694903078230424
187968,0.001854965983582853
187969,0.0008167189937355821
187970,0.0007446738047915137
187971,0.0008848283213934653
187972,0.0005850012959455078
187973,0.0006082887693253431
187974,0.003948058147108104
187975,0.0004523937267003092
187976,0.0004728018680201631
187977,0.010635957038414582
187978,0.004336188533751246
187979,0.0023210316573631868
187980,0.0005101443066379233
187981,0.002107024677676403
187982,0.0033838906409489086
187983,0.0006568616660559772
187984,0.0009697724980624252
187985,0.0007152185183309766
187986,0.0006169414749880333
187987,0.0052811266186463075
187988,0.00047473218566576505
187989,0.0009904126563965079
187990,0.0007788312136065682
187991,0.0005854311426957142
187992,0.0005915951341904408
187993,0.0024358969812332135
187994,0.0006274365994459825
187995,0.32269830431618907
187996,0.0005826634105111966
187997,0.0020755268101486286
187998,0.0007132995606904924
187999,0.0039647542997962035
188000,0.002229553606768238
188001,0.000706004263199955
188002,0.0007058267077356262
188003,0.000598202537033844
188004,0.0013773755080454648
188005,0.0017479314046787197
188006,0.002316224473929784
188007,0.002324884925045975
188008,0.009911119206624526
188009,0.002770327188263333
188010,0.0005769198279167486
188011,0.00045048883824947187
188012,0.0012680387924632018
188013,0.004228492321634471
188014,0.0008030423633896009
188015,0.0015009307967681167
188016,0.0008789212709315085
188017,0.0005726297354853507
188018,0.0014586100930446375
188019,0.0009006765395337441
188020,0.0014334666266670043
188021,0.010334270347294046
188022,0.0007280478995493062
188023,0.00039935082388046074
188024,0.0008231481906138096
188025,0.0010544794534473971
188026,0.001159485385925536
188027,0.003238648704989278
188028,0.0005433104072079327
188029,0.0005685825872267617
188030,0.009119559711302504
188031,0.0013961290496059178
188032,0.001644097444741773
188033,0.004167738766814227
188034,0.0009566127361673138
188035,0.0009028861103008626
188036,0.0012645961833891485
188037,0.008753856390910288
188038,0.0006748214285469338
188039,0.01748509769859543
188040,0.004514047882721533
188041,0.0005908310245679929
188042,0.0007925768178837153
188043,0.001130477548161675
188044,0.0021947427222447835
188045,0.0023660870164613243
188046,0.0007611432158373862
188047,0.0009616573079253405
188048,0.0009951857207980408
188049,0.002665654340997221
188050,0.0007826945085969636
188051,0.0014901173072387113
188052,0.009637108949243784
188053,0.001042772168081167
188054,0.0009295736053710934
188055,0.0007809454028466604
188056,0.0017875178514777114
188057,0.0005666307797378342
188058,0.0006377621299183082
188059,0.0009171732844692151
188060,0.0010532628820007022
188061,0.00473453028867356
188062,0.0018660178711117092
188063,0.0007590894553309799
188064,0.0006638365976940043
188065,0.0006608290165639791
188066,0.0007878145257566568
188067,0.007275244250462741
188068,0.04448930884791657
188069,0.009704935073711396
188070,0.0008261678988796435
188071,0.000820836651104874
188072,0.0004957940500816462
188073,0.00100753149025902
188074,0.0007634332877189973
188075,0.0017622500462610839
188076,0.0005739678163061128
188077,0.000504852341967591
188078,0.00304218770225707
188079,0.0005888111052276034
188080,0.000647059119398021
188081,0.0009553520396031209
188082,0.001020335651543189
188083,0.007161131741895265
188084,0.00039896060690690886
188085,0.0053022026772587445
188086,0.0005893370659698958
188087,0.0009365355814748588
188088,0.0021730095767961777
188089,0.004942408650293838
188090,0.0006719321436222609
188091,0.005011728034343276
188092,0.0004160242880727482
188093,0.0006873990699822588
188094,0.0014274155061619683
188095,0.0004614899181375682
188096,0.003562632184345286
188097,0.0010096956911913484
188098,0.006668615449456799
188099,0.0013957844542028344
188100,0.0007595211517229246
188101,0.0011322920674808725
188102,0.0034212605080342256
188103,0.000984692787953792
188104,0.0005995426162018976
188105,0.0041876283537542755
188106,0.0008594536630791576
188107,0.0020203379969414913
188108,0.002014477650994674
188109,0.008471670197945478
188110,0.0008144753337688886
188111,0.0006961969990382682
188112,0.0010142558782196688
188113,0.0012640305399362049
188114,0.0006505676019060778
188115,0.0021708757336748787
188116,0.0006901901677514345
188117,0.0013140956576569922
188118,0.0008693239682202177
188119,0.006286208612779394
188120,0.0011030165231102832
188121,0.000690275805367904
188122,0.0006984811359488907
188123,0.00048763434054974804
188124,0.0013561235244208447
188125,0.0017104372423833408
188126,0.0005678152701580047
188127,0.002618771595184104
188128,0.0035452928659732317
188129,0.0008384586193759566
188130,0.01133280701989101
188131,0.0005682095346792544
188132,0.0008199382389489501
188133,0.0016345041348125484
188134,0.0015294309732887957
188135,0.002864446257165182
188136,0.0009314591587597277
188137,0.001328150335298215
188138,0.002382480494338207
188139,0.002366241267193914
188140,0.003114348644399741
188141,0.0008859107074520049
188142,0.012766751193668366
188143,0.00923832164247554
188144,0.0012460145580265175
188145,0.006342011707223441
188146,0.0005349420938628965
188147,0.0005420220141526733
188148,0.0008129472414197796
188149,0.002692738360291221
188150,0.007876802263128953
188151,0.0015848798920969258
188152,0.010964529075965596
188153,0.005342525013874509
188154,0.0006374829844236603
188155,0.0031642751111800255
188156,0.000573964536130055
188157,0.002264954638122544
188158,0.00043151251405954954
188159,0.00043932187408057355
188160,0.0004686444365940738
188161,0.0022995282814460634
188162,0.0012970963243579834
188163,0.0005306125640741606
188164,0.0008889821459603048
188165,0.0007520406082299092
188166,0.0011165714132794864
188167,0.003821344197109261
188168,0.004826656280519179
188169,0.0007013966444002267
188170,0.0026168917109520335
188171,0.000792478044221098
188172,0.002846063958686993
188173,0.0007206101997150475
188174,0.0006734683802726262
188175,0.0027898492983843767
188176,0.0007704917340638263
188177,0.0027999362654708778
188178,0.0006341015515810583
188179,0.001191269591261823
188180,0.0029022365941276038
188181,0.00801332052850088
188182,0.0009144669634902345
188183,0.0013004122987332533
188184,0.0014020991774158094
188185,0.0007111159567961464
188186,0.0005507946490567098
188187,0.0003876814242971675
188188,0.010515061629982898
188189,0.0005109362507009584
188190,0.0005883136231081604
188191,0.00225261743942074
188192,0.004702671720231628
188193,0.0006498103396662964
188194,0.0013857472388574977
188195,0.0006799789544213748
188196,0.01277721544281727
188197,0.004594411914859461
188198,0.000791302247800671
188199,0.0011798203411476325
188200,0.0017611011034804275
188201,0.0015250677170726367
188202,0.001584888473407422
188203,0.043715143315492415
188204,0.0006518827249559134
188205,0.0012049700566599316
188206,0.9959257539421642
188207,0.002021785611368285
188208,0.010318260016622623
188209,0.0006835121502454597
188210,0.012107531147265989
188211,0.0007239796366572868
188212,0.0015989182151858582
188213,0.0009656793456269888
188214,0.0011144136124066081
188215,0.0026120499166485244
188216,0.0005667096711544462
188217,0.0008511174056222426
188218,0.0009334700281186366
188219,0.0020829419687784802
188220,0.002045391447859613
188221,0.004983935996143068
188222,0.0005443011494575368
188223,0.0004337957925344907
188224,0.0007514115519892015
188225,0.0006581731521710789
188226,0.0006082431075354088
188227,0.0005125860045226146
188228,0.0005538986943259628
188229,0.0008542153514297375
188230,0.0029589945346428716
188231,0.0006155206440244433
188232,0.0012582574638666689
188233,0.000438449841859957
188234,0.002013880982768425
188235,0.0005796382960097748
188236,0.0007216765638709668
188237,0.003743252681533106
188238,0.0007522931616257486
188239,0.0007408204320289484
188240,0.0016210309202716873
188241,0.0010662764844961907
188242,0.0016218185444572112
188243,0.0006106562921228652
188244,0.0005007448589345372
188245,0.0016001191420410448
188246,0.0009806928638689944
188247,0.01805279394116836
188248,0.006222567508649048
188249,0.004355149124488847
188250,0.0005976210518468709
188251,0.0008990044631697261
188252,0.0004594765750708066
188253,0.000704546698972515
188254,0.0017590685368983534
188255,0.0010537476735962316
188256,0.0005899413462919939
188257,0.0005967187263629953
188258,0.0027856966616504808
188259,0.0014298157207659448
188260,0.0012251846713072817
188261,0.004212542750350905
188262,0.0005951811205341376
188263,0.0006007150400326851
188264,0.001191755126946786
188265,0.006693602757614997
188266,0.0016519452833263105
188267,0.002830714764895148
188268,0.00041229680265389125
188269,0.0031040627612834368
188270,0.0005671786661987493
188271,0.0007669079555094825
188272,0.0005803606329340004
188273,0.0006915371086557199
188274,0.987232923105967
188275,0.9942304858090001
188276,0.0005544490381461087
188277,0.0011926981143213608
188278,0.003981849955429661
188279,0.0007311574649215824
188280,0.002635306817209911
188281,0.0006978997887671624
188282,0.0011993403405702358
188283,0.001109686724088455
188284,0.0004678525129685191
188285,0.002073147358933799
188286,0.0011492250190634364
188287,0.002612253035240779
188288,0.9977163655933484
188289,0.003601144762145321
188290,0.0036013125269627345
188291,0.0008648593584689073
188292,0.001605596222064262
188293,0.004025329622891566
188294,0.0022014566432245666
188295,0.0007058415841557966
188296,0.0006307552456172665
188297,0.027300823320563043
188298,0.00044968537862173077
188299,0.0005949184747605027
188300,0.001353368312551425
188301,0.0006736021900253214
188302,0.0019520240255843724
188303,0.0005916467506676178
188304,0.0009331342980612295
188305,0.000535315719138859
188306,0.0005993589711527639
188307,0.0004570561572036367
188308,0.0008403312532982447
188309,0.0032322488339020143
188310,0.008179991935968918
188311,0.004654486035747325
188312,0.0003887465510950494
188313,0.0032026196971810636
188314,0.0005651968606258508
188315,0.008698595457601481
188316,0.0007081222417652765
188317,0.0008346521501190161
188318,0.0005428082135179825
188319,0.0005998874404899946
188320,0.007354494488337412
188321,0.0013113462129211008
188322,0.0017954541310518087
188323,0.007911983357216103
188324,0.0005038376096426443
188325,0.000976741082589883
188326,0.0005836034143892523
188327,0.0014668576519276336
188328,0.0027524972003924344
188329,0.0005107440347296699
188330,0.0015702631073229237
188331,0.0010388052272191884
188332,0.0025969058622759616
188333,0.000797749915097758
188334,0.00790407832554243
188335,0.0013421852296151792
188336,0.004090702711146377
188337,0.0005466081502939702
188338,0.0008403741586019888
188339,0.0023910730281591045
188340,0.0018556610637196192
188341,0.0006160442264772899
188342,0.000567855913733857
188343,0.0007863516807712237
188344,0.0018156576459971941
188345,0.0009333719230273116
188346,0.0005120827376990321
188347,0.009798785404881445
188348,0.0007139568941145913
188349,0.0007077214044115403
188350,0.0004962962361295019
188351,0.0008861279800538783
188352,0.016366550544307884
188353,0.0028142976612120295
188354,0.0005301349605054128
188355,0.0006754563670556564
188356,0.0008152618214710364
188357,0.011082897553111992
188358,0.0008310004850569683
188359,0.0017199819192938804
188360,0.0008626380355314901
188361,0.006274310848914175
188362,0.0005707920111017015
188363,0.0010912790191978262
188364,0.0016250417427102174
188365,0.0006398144094963017
188366,0.0003918688306506369
188367,0.00274027829966998
188368,0.001334913532844067
188369,0.0006807542442895766
188370,0.0005936745884847953
188371,0.0005698639281600187
188372,0.0011436600745167787
188373,0.0014856458424815145
188374,0.000645592503792881
188375,0.000423744022424208
188376,0.0032506768527989843
188377,0.005995625292041713
188378,0.0020740044513778456
188379,0.0010939783123425843
188380,0.0007225012573764247
188381,0.007889600826334558
188382,0.0010442383310181444
188383,0.0005159131790946552
188384,0.0006850970890960636
188385,0.0005290935871262984
188386,0.0007887151353692899
188387,0.0011166390336224997
188388,0.0006685972080823246
188389,0.0007032746676103345
188390,0.0006554389017401855
188391,0.0004827590174866777
188392,0.0009548926772040361
188393,0.00040859235137462037
188394,0.008311062262144554
188395,0.0007520963520092804
188396,0.0014839910283705943
188397,0.002307949599679659
188398,0.001168022114170351
188399,0.003318640913686018
188400,0.0005953549011000853
188401,0.0009122612520953037
188402,0.008354940242537452
188403,0.0015203787768500933
188404,0.005139409712071785
188405,0.0010582571650755025
188406,0.0019308216759960162
188407,0.0009042523231803199
188408,0.00042948672333536993
188409,0.0007580667887097882
188410,0.0023085063325309777
188411,0.003926165451148787
188412,0.0006765506009706268
188413,0.0006605885686482168
188414,0.0005335297686442617
188415,0.0024087382274975214
188416,0.0008598574257230815
188417,0.0011512377103499588
188418,0.004010633725876546
188419,0.001976790126703523
188420,0.012607686670837597
188421,0.0005412441346534951
188422,0.000530880545091773
188423,0.0010276027405927031
188424,0.004888633576852358
188425,0.0007788761174671445
188426,0.00035366207189927877
188427,0.0005728658849889605
188428,0.006930155556353442
188429,0.0033449626528970324
188430,0.0009603766521513752
188431,0.009145452567271851
188432,0.002345161259436058
188433,0.005194453058196066
188434,0.00766759802247368
188435,0.0005402506735231152
188436,0.0007966842533600941
188437,0.00260956505952774
188438,0.0008665283952201819
188439,0.005008171048227649
188440,0.0005693415808820909
188441,0.003491121940325088
188442,0.019487958643899118
188443,0.0011824756061915229
188444,0.003534770189506035
188445,0.0011786871225586402
188446,0.006192100010525718
188447,0.0049517123602973445
188448,0.0005045581652277395
188449,0.0007808867036913318
188450,0.00054778736321187
188451,0.0012639434869818778
188452,0.005781232009477414
188453,0.0007107093273522216
188454,0.001072324375782832
188455,0.014278610797401855
188456,0.0012827471592261564
188457,0.0007273298697453856
188458,0.0014712882210224647
188459,0.0005569437753266561
188460,0.0010199017802860596
188461,0.0007654610309451718
188462,0.0011102943874671185
188463,0.008888189225940755
188464,0.001984874619229643
188465,0.0005780460607398132
188466,0.003442809087267099
188467,0.0005497802948912305
188468,0.0004713360020063721
188469,0.00037944684960238863
188470,0.0019500224633447322
188471,0.0025971876752882666
188472,0.004442141011445911
188473,0.0041491484600993415
188474,0.0014581908325061036
188475,0.009835518567869864
188476,0.0006153073539001382
188477,0.0014366588306918234
188478,0.0008827429710412435
188479,0.0006545332532482109
188480,0.004608785989222371
188481,0.005379696390191684
188482,0.0006849427938306708
188483,0.0007814137895328752
188484,0.0005822137506208802
188485,0.0007010863233122152
188486,0.0007251285408979833
188487,0.000997719933366526
188488,0.0011037241126070903
188489,0.003428820480969981
188490,0.0005029946460625383
188491,0.005057769265147447
188492,0.0007078115555078485
188493,0.00082787371978043
188494,0.0033405222736403424
188495,0.0005923006218111505
188496,0.0009435386151868054
188497,0.0009741282905298798
188498,0.001990829685680843
188499,0.0007912516034425457
188500,0.0013002884912142565
188501,0.0004835856235720007
188502,0.0005985510798177886
188503,0.0009582052313391613
188504,0.000935659935264221
188505,0.003412780951999972
188506,0.0028594268114200683
188507,0.0015062106803511888
188508,0.20106746352468216
188509,0.0013731861354185685
188510,0.010003343246735286
188511,0.001664292660205326
188512,0.022816514530408883
188513,0.000946568669377507
188514,0.000645628828911272
188515,0.000811185696167477
188516,0.0008629748982370134
188517,0.0019699617648498507
188518,0.002170764551312212
188519,0.0010368264423213352
188520,0.0005764150094225475
188521,0.001090384047798237
188522,0.0012327459191983972
188523,0.0005191919729504512
188524,0.0005670203905266463
188525,0.009729979000916579
188526,0.0005436369435863674
188527,0.0009252001105419226
188528,0.0009633680257417503
188529,0.0005940448841578784
188530,0.0009628720220976649
188531,0.0005863840623913691
188532,0.0033977888479279693
188533,0.0005125451613873578
188534,0.006525581985536872
188535,0.0005931972854496894
188536,0.0006254735178720206
188537,0.0004561985244512102
188538,0.0017141055204836007
188539,0.005072561964998943
188540,0.02139509313824138
188541,0.0007247118288057124
188542,0.0022997871447837204
188543,0.0021319074476431536
188544,0.0030028433503737073
188545,0.0006413494575921673
188546,0.0004933552120113338
188547,0.001131777330792893
188548,0.0007155545909768887
188549,0.0005964651924716473
188550,0.0005903025453274828
188551,0.0013891870972235288
188552,0.0007951279921335147
188553,0.004504553025254279
188554,0.0007155229995740382
188555,0.0006580650408586924
188556,0.0015371611297669186
188557,0.0004646949258400693
188558,0.0015269538507861756
188559,0.0007695312982120445
188560,0.0004414007232234888
188561,0.007044389168359469
188562,0.0008497784874294911
188563,0.0037103034530524617
188564,0.20137964461407615
188565,0.0004376656526782741
188566,0.00043143536940049433
188567,0.0009481364276528172
188568,0.0008124457484515201
188569,0.0009288658429644246
188570,0.20152921608673136
188571,0.0006167310386346227
188572,0.000900779597094928
188573,0.9479402425690828
188574,0.0008228839039084845
188575,0.007317638030183343
188576,0.001605832357575117
188577,0.004541786722267563
188578,0.0005662915098671855
188579,0.0004492653625041698
188580,0.0036657939656393034
188581,0.0005709499645812872
188582,0.013071093242531102
188583,0.0004722452756546754
188584,0.0006528352887246652
188585,0.0008019343767160067
188586,0.001325414189273739
188587,0.001400236711796172
188588,0.0016026126591214803
188589,0.0016031060849630238
188590,0.0018547802609922242
188591,0.0006573278480254075
188592,0.0011096622631751394
188593,0.00038361003800408495
188594,0.0005776675304133818
188595,0.0010329323339942262
188596,0.001349623029462926
188597,0.002235158454718787
188598,0.0005229345219871441
188599,0.002654827267743236
188600,0.0027935818715945056
188601,0.0034447008392716454
188602,0.004884904032910581
188603,0.0006023586786968116
188604,0.0017587333286414601
188605,0.0006593807568223008
188606,0.0009188953309111023
188607,0.0007048527405886377
188608,0.0014290199093346264
188609,0.9976022242903511
188610,0.0008578571263716221
188611,0.0005942519769698226
188612,0.0014868756015042118
188613,0.0010526075276075973
188614,0.0004922321046385787
188615,0.0027574262063539178
188616,0.0016475489624368665
188617,0.002978300388089893
188618,0.0025875000779194204
188619,0.0011106977548286314
188620,0.0006208393747616965
188621,0.008361753308281986
188622,0.0025045235765606775
188623,0.0009056949531110064
188624,0.0045084035092492905
188625,0.00037353017376506723
188626,0.0008783679605610952
188627,0.0006841075992440143
188628,0.0016919647564860676
188629,0.0005979688348027113
188630,0.0005176019242924227
188631,0.0022672565633863663
188632,0.0009678292658311388
188633,0.9834975532067162
188634,0.0010984503389162214
188635,0.0005099781538373413
188636,0.001368567670124816
188637,0.0008021274987505994
188638,0.001800594056554669
188639,0.0017884727475199215
188640,0.002462664139879208
188641,0.0005940695357251377
188642,0.000862322137593824
188643,0.00066777242696882
188644,0.0010390504653203197
188645,0.0004905082877451545
188646,0.012723828676125665
188647,0.003117912491950223
188648,0.0007119299085570226
188649,0.0017746439411630574
188650,0.0006406660994205949
188651,0.0009133441785224095
188652,0.002869250798793682
188653,0.2631404920704963
188654,0.000834857674738735
188655,0.01282642334106504
188656,0.002239925078839697
188657,0.00046034761712363643
188658,0.0009027916775744573
188659,0.0011003694774405926
188660,0.0017133761132597154
188661,0.0007017104340375745
188662,0.0008383329086395417
188663,0.002509393551215636
188664,0.00041056530717488156
188665,0.0005455787507235945
188666,0.01603261341215756
188667,0.0007057141378052831
188668,0.000745092564191792
188669,0.001093132278766137
188670,0.03089834331578212
188671,0.0031966253066914793
188672,0.0023182773254877415
188673,0.0005422747387788237
188674,0.004687900043142162
188675,0.0010103582644133478
188676,0.015297400410760041
188677,0.0010650682882689271
188678,0.0014227395445408956
188679,0.0006240130794442553
188680,0.0010034463402986945
188681,0.03172613399517017
188682,0.00145009660424685
188683,0.0014345210159523386
188684,0.0026780269912017934
188685,0.01783068882249416
188686,0.09623038570293854
188687,0.0006683187133867233
188688,0.0005578253966732852
188689,0.9990883415855867
188690,0.001154552244018922
188691,0.0035499319599704145
188692,0.0009469859419288297
188693,0.0010771134046884696
188694,0.0006128767641047853
188695,0.000758430314690909
188696,0.0005218013602050762
188697,0.0006698159517238422
188698,0.0009684253224414528
188699,0.0004965246809209084
188700,0.0009701023499174657
188701,0.0006996585044930153
188702,0.0005961959594445406
188703,0.0011941798470347337
188704,0.0006679914024759668
188705,0.0172977180523435
188706,0.0006209087480878625
188707,0.0027056547076302877
188708,0.0013448828317415783
188709,0.0007425453667922115
188710,0.0006451808610414506
188711,0.0004964045437746045
188712,0.002853840533380606
188713,0.003340997720333908
188714,0.0012672784734195995
188715,0.0015696732922979451
188716,0.0007265408601317682
188717,0.0007119343696742615
188718,0.0006121105467231925
188719,0.001284646232175105
188720,0.000650515380585213
188721,0.0057147860554750945
188722,0.0006592188799418934
188723,0.0005809285506767614
188724,0.027632381071047596
188725,0.0007706109054091399
188726,0.0009709962283719421
188727,0.0023099141088492956
188728,0.0005961751111457297
188729,0.0007974245938833378
188730,0.0026160804894691247
188731,0.0004958968382369587
188732,0.00427920428764302
188733,0.012604187095624704
188734,0.0008088213566327786
188735,0.0020594606527599675
188736,0.0005479665101521912
188737,0.006755350401334555
188738,0.002097318768231813
188739,0.0006598736309634936
188740,0.0005545526055918762
188741,0.0013752834044610997
188742,0.000682679617036278
188743,0.0008361557200446781
188744,0.0005264278325464247
188745,0.0006485247419477552
188746,0.0007385428803808663
188747,0.003707050197109347
188748,0.000817687908724894
188749,0.010453637095478047
188750,0.0007859617340055997
188751,0.0006335885221530757
188752,0.0005987959657575444
188753,0.023148205565691304
188754,0.0006261056664509658
188755,0.009728326502873709
188756,0.0012289394539358768
188757,0.0008506551129736385
188758,0.0007162733204294288
188759,0.009000273106189463
188760,0.00096393088218286
188761,0.0005183602605396682
188762,0.0007513943498470468
188763,0.0006001840667534458
188764,0.0006741004942414133
188765,0.00597451394615147
188766,0.0008692247571171675
188767,0.0023191739449444936
188768,0.0011422757429512783
188769,0.000613937051808219
188770,0.0010756182514114992
188771,0.00047782811755855384
188772,0.9946074047592133
188773,0.001473282950011872
188774,0.002718101110153731
188775,0.000681606042933736
188776,0.0009823090242224157
188777,0.005203374211126294
188778,0.002053742972334202
188779,0.0005917894566918186
188780,0.0008433699249805342
188781,0.0012448889928211595
188782,0.0006498885274448077
188783,0.0045015646931056506
188784,0.0012187405251721157
188785,0.0007875790108096323
188786,0.0011154696132408995
188787,0.9942346784421309
188788,0.0007590163818383471
188789,0.0004557594660990609
188790,0.0011517908036353967
188791,0.0006138779130270396
188792,0.003802873783180511
188793,0.001384744619941956
188794,0.001525908910211299
188795,0.001143439929460539
188796,0.0007032663173193927
188797,0.000559860069835926
188798,0.0036030178230543708
188799,0.004511155519105721
188800,0.0006465095548741212
188801,0.0038955837031257197
188802,0.0008687425495237906
188803,0.0006067013818989801
188804,0.0022914862668756367
188805,0.0014372126847258314
188806,0.0006917518669680654
188807,0.007139334086463882
188808,0.001257812508593269
188809,0.005890294428353434
188810,0.0006519620829855668
188811,0.0007397106436863135
188812,0.004876668670337472
188813,0.0007520487033107026
188814,0.009169844185281774
188815,0.0026191002939712363
188816,0.001037263174968491
188817,0.002213119484186568
188818,0.004025838517622584
188819,0.02240003590277206
188820,0.0009101948825597686
188821,0.0007355027143569262
188822,0.0006435389760595821
188823,0.00058506084985295
188824,0.0006826561776036948
188825,0.012156042844570787
188826,0.0010715323775276
188827,0.002665877656092283
188828,0.0007833911655990871
188829,0.0005585727971180708
188830,0.0008609137746961898
188831,0.00040175295109689234
188832,0.0005342766475937823
188833,0.000625040960130706
188834,0.0035573395868234887
188835,0.01188170335695914
188836,0.0012870626151674678
188837,0.0007242432902706475
188838,0.0013099879393568623
188839,0.0009088323614745899
188840,0.0008230642561294383
188841,0.0018318794604276383
188842,0.002773180023231018
188843,0.0010265364864592177
188844,0.0007522814449435303
188845,0.02124232638158014
188846,0.0006407221347055716
188847,0.0007591330460998713
188848,0.004234233643216794
188849,0.0007567456663180542
188850,0.000789298462927971
188851,0.0005137669173229714
188852,0.0011065163545074478
188853,0.0007650687535048818
188854,0.0004956556097287913
188855,0.0025453553519017643
188856,0.007549565405868304
188857,0.02750872052817336
188858,0.00038490555544886426
188859,0.0007682917352810625
188860,0.29663267078334044
188861,0.9914242623335701
188862,0.0006125042800861295
188863,0.0020300497348389834
188864,0.0013192479271733936
188865,0.0011427070603148351
188866,0.00373732351376308
188867,0.000797001513276584
188868,0.0011476242234288291
188869,0.00074358798853091
188870,0.0011473519987340894
188871,0.0007599402500729959
188872,0.0005020541118466342
188873,0.0007348053602341585
188874,0.0005510707124807143
188875,0.002585585005408904
188876,0.0006917514793099316
188877,0.000540202745805445
188878,0.0006026104474641323
188879,0.0005937760401425391
188880,0.0030250019218477668
188881,0.000545136019660326
188882,0.0006023423978027167
188883,0.0006532771202807837
188884,0.0007549115014821376
188885,0.002367502258988557
188886,0.000683947373024698
188887,0.0012985633693783265
188888,0.0007162032975797524
188889,0.0006615702915587758
188890,0.0011539059459233928
188891,0.0036313962292486767
188892,0.005093772704693395
188893,0.007292494685691399
188894,0.0006812329317861871
188895,0.001986395730861396
188896,0.0026888240940869416
188897,0.0012750322112358853
188898,0.00545006756275619
188899,0.0034125657632006552
188900,0.0005214352656944977
188901,0.000631830051333609
188902,0.033431293679750826
188903,0.0006209189351357808
188904,0.02878759544386139
188905,0.00279724800018555
188906,0.001357046501212775
188907,0.0005186212832498916
188908,0.0030426519770493446
188909,0.001271642617134168
188910,0.0006671295660892465
188911,0.0016825233551947176
188912,0.00047889689046549044
188913,0.0023931962505935774
188914,0.0007405355504031183
188915,0.0010006693170436982
188916,0.001120115538741204
188917,0.0009388869001919043
188918,0.002524237882362262
188919,0.0014984317367155325
188920,0.001709394069303515
188921,0.0006710767485139141
188922,0.0009965275615582397
188923,0.00637128870888283
188924,0.010350979362133151
188925,0.0006348851054078651
188926,0.0022511691779121216
188927,0.000511441595445683
188928,0.0007254102841852078
188929,0.0006294815721098303
188930,0.009185862009424724
188931,0.0047823859368760335
188932,0.0013648169079886541
188933,0.07418808604056323
188934,0.0005516575244926035
188935,0.008263615946207427
188936,0.001298557268342983
188937,0.0008253384772025567
188938,0.001541026288957434
188939,0.0017356919948983542
188940,0.0011671462001649068
188941,0.001041688590951514
188942,0.000753854690007895
188943,0.003339026077525521
188944,0.0010574743988923264
188945,0.0006057212616663796
188946,0.009587353429403415
188947,0.0015689446113818567
188948,0.009255835667826819
188949,0.0030340704009837968
188950,0.000679961892122625
188951,0.0013686557554743585
188952,0.0005475509438774473
188953,0.9816200733623244
188954,0.0053246622279803126
188955,0.006070279689686759
188956,0.0007194398226903416
188957,0.000769098095810867
188958,0.003919065606088578
188959,0.0005630744159884789
188960,0.0005660122755916304
188961,0.0006011910354774366
188962,0.0013885613210242727
188963,0.0024205433512575845
188964,0.1472186399142092
188965,0.0007231020790291036
188966,0.0007459107103224161
188967,0.0022799544569619074
188968,0.0011774742932273298
188969,0.0006516745058519802
188970,0.0035712109664111985
188971,0.0009792881446878186
188972,0.0009961160633838743
188973,0.0014576410841431401
188974,0.005706864636940195
188975,0.0033652024236285006
188976,0.0007391059079926239
188977,0.002233376122713583
188978,0.004976322275772325
188979,0.0004075059134172487
188980,0.0007145160252584992
188981,0.0032958274082751974
188982,0.0018043637927431999
188983,0.006866036326827296
188984,0.0009815545475840024
188985,0.0010683345439325806
188986,0.0007760102519136352
188987,0.005714749801190571
188988,0.0007699698308686535
188989,0.004860073746994768
188990,0.00046201662025073173
188991,0.000992140367776177
188992,0.0013509491163969968
188993,0.07591073596801737
188994,0.0008824019648224221
188995,0.00047533358575750114
188996,0.0007721718197798685
188997,0.0021963471076957243
188998,0.0006531352294883179
188999,0.20731447968135158
189000,0.00616901681257063
189001,0.000685295097866142
189002,0.0008504162546518219
189003,0.0007022962222251163
189004,0.005590289357815281
189005,0.0004579428326953429
189006,0.0011006739165910031
189007,0.0015395681709424833
189008,0.0008908478920543529
189009,0.000572466178705641
189010,0.000492016704372048
189011,0.0005844453312900855
189012,0.0004928417528102994
189013,0.0016258125864778024
189014,0.0018085940081831887
189015,0.006600051065605454
189016,0.0007608275373736737
189017,0.0007710673228219373
189018,0.0011115291589045796
189019,0.0006344911670122379
189020,0.0004509496593165381
189021,0.0014277846584688778
189022,0.0008645939943883709
189023,0.0008947595897703523
189024,0.008051741565961824
189025,0.027171916834297136
189026,0.00041227516970858055
189027,0.0023151544731847065
189028,0.0011904501306023814
189029,0.0010552438751031768
189030,0.004148956003606252
189031,0.0006958461097487274
189032,0.001238191810329202
189033,0.0005854260091223329
189034,0.0009030623887120134
189035,0.0006130475878263191
189036,0.0021066476946848597
189037,0.0011819164464936674
189038,0.000448285857396939
189039,0.0011776070480596181
189040,0.005150629090432393
189041,0.004431054169718552
189042,0.0025607471431451515
189043,0.0006082542260542998
189044,0.0005229861819202173
189045,0.0018445074546914358
189046,0.0008288377742116619
189047,0.0007820558191494937
189048,0.0025219224695754642
189049,0.0015719054241354422
189050,0.000902207991819776
189051,0.0008910371728744604
189052,0.0017793543034275413
189053,0.0012284617920639918
189054,0.0004320924010546256
189055,0.002402175257613812
189056,0.0009322402289744073
189057,0.003908857883318031
189058,0.00046643432738375525
189059,0.0047589891526124105
189060,0.008286714311484245
189061,0.0017604092129849445
189062,0.0010001763766717925
189063,0.0005564084585578756
189064,0.0010190437059141768
189065,0.0020938887812772685
189066,0.00563071016668994
189067,0.0026276257803584894
189068,0.0018557363514357336
189069,0.0035994503067235846
189070,0.0014210257707561332
189071,0.0007377759331233786
189072,0.0004530710203308241
189073,0.001833107258023815
189074,0.0017059793042998807
189075,0.0016544923565013896
189076,0.012254036372885163
189077,0.003974989211312659
189078,0.0053826587280834
189079,0.0015255157332859236
189080,0.0007036672330289213
189081,0.0009176339370172125
189082,0.000640818053671765
189083,0.0008591009756139995
189084,0.00046204457775975356
189085,0.00893339495695709
189086,0.0008995317458008306
189087,0.0009388596537111026
189088,0.000764542810223525
189089,0.0010376067406714104
189090,0.0006261463122356169
189091,0.0007950539045781109
189092,0.0006933579203605362
189093,0.0005239546124773852
189094,0.0008539587121057359
189095,0.0007106217913398947
189096,0.0014448509176158814
189097,0.000735547675272657
189098,0.0005668314415031597
189099,0.0006536531518573827
189100,0.0010764104592280027
189101,0.0030644036816481774
189102,0.0005743699054224487
189103,0.00046474286687860403
189104,0.0005125721985517387
189105,0.0009940011067582236
189106,0.0020525225795379673
189107,0.0012851655451881947
189108,0.0012879800231888482
189109,0.0005202116905279122
189110,0.032836016988356365
189111,0.001629159843113323
189112,0.0017316282330862244
189113,0.010432952104893613
189114,0.9919298524285866
189115,0.015692214803370037
189116,0.005324997445980393
189117,0.0005401781546080387
189118,0.0005056262183059549
189119,0.011834705069543008
189120,0.0023888387177919256
189121,0.0005376603845097228
189122,0.005068990795296255
189123,0.0009563384675828149
189124,0.0004775867797697185
189125,0.0005886692848752458
189126,0.0007685330784964439
189127,0.0012702821220556136
189128,0.004794657667834487
189129,0.0008509519042130079
189130,0.0006575200967086877
189131,0.0009532347651056428
189132,0.0011184349777994484
189133,0.00198165578327151
189134,0.0009395915447450535
189135,0.0009729471928225177
189136,0.0004300381596033018
189137,0.0055868886850015086
189138,0.0005072051888066079
189139,0.007859756218622314
189140,0.0006518044577392962
189141,0.0009585014798540681
189142,0.001604403610231667
189143,0.010553170879691452
189144,0.000525454031378461
189145,0.0008320309174576178
189146,0.0017742120069894817
189147,0.0009020643885909907
189148,0.0010949039236438627
189149,0.0007327582993351397
189150,0.0007364089381124573
189151,0.000850143508077131
189152,0.0016307685175152979
189153,0.011468910580796486
189154,0.0018822170215826383
189155,0.0021017927245418288
189156,0.02237053854704671
189157,0.001538484770167794
189158,0.0008454941752113041
189159,0.0004578349724776699
189160,0.0250121634947901
189161,0.0007182708922716556
189162,0.0031547475165687655
189163,0.0004511888557762246
189164,0.0071177089062618125
189165,0.0005178225489382386
189166,0.0009091854752431841
189167,0.0005901698587991943
189168,0.0012282894823708848
189169,0.004805929718040081
189170,0.01832514501746557
189171,0.0010327982309676598
189172,0.0012846247412805966
189173,0.005595578325758861
189174,0.0006175002261084225
189175,0.0033551816205702814
189176,0.0025841718137497964
189177,0.0007960950179156673
189178,0.0074435776982220364
189179,0.001226850220648669
189180,0.0006761194961097812
189181,0.0029074816898145774
189182,0.0009422942823280344
189183,0.002033815313254253
189184,0.0028989874098453525
189185,0.0005711462790188435
189186,0.0027259024115033805
189187,0.00045161560335633727
189188,0.002687556997102666
189189,0.004310792665708019
189190,0.0007774949771019544
189191,0.0008130744986653513
189192,0.0007916807012715134
189193,0.0013856457454894393
189194,0.001968282721314883
189195,0.01270627816157803
189196,0.006000604980722813
189197,0.0010733977649118847
189198,0.00195092800312391
189199,0.002270665482703779
189200,0.0006752024226002803
189201,0.0005812430542006497
189202,0.0007652134759680724
189203,0.001139601523970787
189204,0.003242396216178129
189205,0.0006479280753538303
189206,0.0013114952314768904
189207,0.001077557026561842
189208,0.000441747090302697
189209,0.0025368730012846705
189210,0.0008077940930130915
189211,0.0011497117636656996
189212,0.0007309798816414387
189213,0.0019089596122267892
189214,0.0012241432830251294
189215,0.01429522090193215
189216,0.0006522140533468209
189217,0.000682453139632475
189218,0.0006783787722932931
189219,0.0007326614025220697
189220,0.0035165456422294947
189221,0.008532909464408909
189222,0.005849135015522311
189223,0.0008414927467718003
189224,0.0005739249722411664
189225,0.006302883857326849
189226,0.0011021909485877414
189227,0.001187052751315761
189228,0.004727344827990388
189229,0.0006669422939516768
189230,0.0017776446407722702
189231,0.0005575922013475582
189232,0.0006018133925818822
189233,0.0008850259660290169
189234,0.003863085671889565
189235,0.0007664507544571045
189236,0.001148808873363405
189237,0.001118658733333657
189238,0.0047432626625208115
189239,0.008353246100669788
189240,0.0012296349554824504
189241,0.0006472545538753723
189242,0.0016799508436467852
189243,0.0006138317399988834
189244,0.0007224317943800789
189245,0.0008136531625987863
189246,0.0012488978626215873
189247,0.0006022625253195686
189248,0.00045741827747905256
189249,0.0021132930847558473
189250,0.9959568256669947
189251,0.0007495810969081379
189252,0.003266211240268487
189253,0.0004850448121185042
189254,0.0026575460885979252
189255,0.0008550967496288774
189256,0.0008558301228475955
189257,0.0005968855064696969
189258,0.001395958157367263
189259,0.0005530649247040356
189260,0.9967392900043464
189261,0.01708478028450226
189262,0.00055141012058522
189263,0.000768775783528087
189264,0.004373054331998093
189265,0.0005561508730320471
189266,0.0014061070302060085
189267,0.00057639574528772
189268,0.002046468098658156
189269,0.0006693676637559232
189270,0.001855634089298586
189271,0.002322264172488379
189272,0.0008827131139211555
189273,0.001211378344122827
189274,0.0005282712059371051
189275,0.0005959650835081063
189276,0.0006509744202705261
189277,0.0017146154296258107
189278,0.0005740075493358091
189279,0.0005262437999141884
189280,0.0008574649791463647
189281,0.0006214340686354355
189282,0.009084253725864664
189283,0.0006711702607964931
189284,0.0006166080217954281
189285,0.0005796000246648334
189286,0.002003742641112815
189287,0.0008309537346604158
189288,0.008796252418422048
189289,0.0004639117595407629
189290,0.009311040291036434
189291,0.0005363653536736034
189292,0.0008986145905002692
189293,0.0006583620228275061
189294,0.0004927756277527246
189295,0.0006760621389611381
189296,0.004465828444307784
189297,0.0009577394952497281
189298,0.00371036719907195
189299,0.001362501277190563
189300,0.9854403074332558
189301,0.0007597169688347133
189302,0.0009106560147521795
189303,0.0008169704265655147
189304,0.0008021754042254721
189305,0.0008163701600555893
189306,0.0005506330514861778
189307,0.0005760325621867692
189308,0.0007879596373561184
189309,0.0011862797002961689
189310,0.0009557667798738628
189311,0.0021176090598912993
189312,0.004978269215795858
189313,0.0008335549875212681
189314,0.002507991250182799
189315,0.0006528173381893279
189316,0.0007352559443406679
189317,0.0031406560630816375
189318,0.000633001536218597
189319,0.0005531384129137676
189320,0.00045933765573591596
189321,0.00042536588980172696
189322,0.002375577535435886
189323,0.0006294329148814967
189324,0.0011186991888584154
189325,0.0004618500106883783
189326,0.002829889517733823
189327,0.0107924558980275
189328,0.0010165434511171787
189329,0.001290282021480525
189330,0.07751744304385455
189331,0.0007065939019598832
189332,0.000491006599464334
189333,0.0006004388001915864
189334,0.00039414320879486466
189335,0.002380342688561841
189336,0.001338598146402368
189337,0.0008906830287813982
189338,0.0005829590535734864
189339,0.006320816685858048
189340,0.002677416890182441
189341,0.0005766471354231379
189342,0.001560680647539353
189343,0.012057905071894325
189344,0.0005262514986921072
189345,0.0014973439957936675
189346,0.003262930689397108
189347,0.0004957734238065161
189348,0.0007467319090102479
189349,0.9972169980149995
189350,0.0006149415771917601
189351,0.0019198390014642961
189352,0.001604040329476576
189353,0.0008422767674015266
189354,0.01219533725679662
189355,0.0012712517512698499
189356,0.004497055234803724
189357,0.0006194273919507637
189358,0.0004584735915204519
189359,0.001689951686099081
189360,0.0010651548746487501
189361,0.0007167379261948889
189362,0.0009211857409700034
189363,0.0005824739288595595
189364,0.001838183306481361
189365,0.0016881900933959442
189366,0.00038719201303402076
189367,0.0008392332046276137
189368,0.0010400210520489922
189369,0.000858299069775789
189370,0.0011049363885902354
189371,0.0008811622188538038
189372,0.004485835915901145
189373,0.0011515903523324808
189374,0.003797847156110703
189375,0.0008268333749899682
189376,0.008256767481929505
189377,0.0008089419421042569
189378,0.0033288645874563843
189379,0.00065614788573923
189380,0.0023092023360612897
189381,0.0007079972706532885
189382,0.0012486426728984393
189383,0.0032907355501900206
189384,0.0008883887763166907
189385,0.011353757508406467
189386,0.0024904309503802277
189387,0.0026957336776271316
189388,0.0005186759816624333
189389,0.0020647991509659454
189390,0.0019043105154289465
189391,0.0011054719160392915
189392,0.001221537506670494
189393,0.0002940036533431945
189394,0.01748493100080908
189395,0.000751185879616449
189396,0.0005317523713722848
189397,0.0007837406199179373
189398,0.0006852685085455937
189399,0.0008594936607729775
189400,0.0064574343700802925
189401,0.004823845716981513
189402,0.009701810087397488
189403,0.026545675143172454
189404,0.0009313056254143573
189405,0.00481674253219695
189406,0.000777912044021207
189407,0.0007708414777039296
189408,0.005602759350936037
189409,0.0005813362785426447
189410,0.0008396751168698474
189411,0.0006082949516270507
189412,0.000659880232178472
189413,0.0007771575251693432
189414,0.0007636774727138141
189415,0.10989967772114617
189416,0.0005262123212026676
189417,0.0012972792200985003
189418,0.0004847149819100056
189419,0.00475587433762119
189420,0.0018992441829949985
189421,0.0013810053038606424
189422,0.0005510331490345558
189423,0.001133491972699752
189424,0.0006546906244012343
189425,0.0007019050816090485
189426,0.00122588053189358
189427,0.01016336286359191
189428,0.00041567455347541333
189429,0.0006216979074501176
189430,0.00340188390791216
189431,0.0016044681932924243
189432,0.0009360787490835397
189433,0.0008492334740742582
189434,0.0007521801782159618
189435,0.000629731853286734
189436,0.002046963446704641
189437,0.0012186073851342578
189438,0.0009300621011680716
189439,0.0008397222620867978
189440,0.0007760676404675147
189441,0.000577834078372212
189442,0.000570316259886675
189443,0.0006893551434548086
189444,0.005293774970725281
189445,0.00043296985098701524
189446,0.3876940332083695
189447,0.002403208968688589
189448,0.001039389126719577
189449,0.0004683737186955315
189450,0.0005997740414445435
189451,0.0005805341446792916
189452,0.002830192868333856
189453,0.0006242353904071765
189454,0.0006502665329754196
189455,0.0007713801003462884
189456,0.0008651201461188238
189457,0.0006513798549836714
189458,0.0056923560708805505
189459,0.0006002557751005764
189460,0.0007365069985323066
189461,0.012613202535574826
189462,0.0010782116360396887
189463,0.026317545240963774
189464,0.0008065514753933652
189465,0.0005933957200957576
189466,0.0021074673897612563
189467,0.001407363705315213
189468,0.0004503469717743088
189469,0.0010775883294025183
189470,0.0011201830584176525
189471,0.0010024300677288105
189472,0.0060825100240217075
189473,0.06653820376590933
189474,0.0030202141065651974
189475,0.0010919684153823032
189476,0.0005633393049608278
189477,0.012345696220029229
189478,0.0010030798843454927
189479,0.0012906421029185424
189480,0.008180726579699638
189481,0.0008691424402451709
189482,0.0015619555536934234
189483,0.0010920737105895816
189484,0.001207012378573422
189485,0.0005868378166082173
189486,0.0013029011243547023
189487,0.0006037837569404856
189488,0.0016138650260970314
189489,0.0010474870074818337
189490,0.004823272168236347
189491,0.0005500810929900806
189492,0.0018674768294370204
189493,0.0006551737611897846
189494,0.0005318134488165413
189495,0.0005941346601104895
189496,0.00066131167416662
189497,0.0019723418905997544
189498,0.0011089021954126268
189499,0.003231115818603413
189500,0.006604563337288183
189501,0.0006813107633818898
189502,0.0005978217355753656
189503,0.011523725512578856
189504,0.03410366694678595
189505,0.0005054230754784246
189506,0.0010385923986145132
189507,0.0005676462473091126
189508,0.0005532357728121104
189509,0.006145153093234955
189510,0.0031888981822702847
189511,0.0020953704756948004
189512,0.000485026871400978
189513,0.0009586406495251094
189514,0.0007591036419550703
189515,0.001926529041881469
189516,0.0010978031954461467
189517,0.0006369445622524057
189518,0.040577445816220525
189519,0.002302580528882758
189520,0.0006392713805336717
189521,0.0012386946259521515
189522,0.0023959890238333037
189523,0.0008051115120344603
189524,0.0006433695673501752
189525,0.0004893284029040543
189526,0.0005675057297217281
189527,0.004960795480400956
189528,0.0027260053637665283
189529,0.9977158863484765
189530,0.0013421513245179175
189531,0.000830660154573105
189532,0.0006237334764839599
189533,0.0005669666367693121
189534,0.0022844898903168764
189535,0.0024295276492623313
189536,0.005174349626007968
189537,0.0013842164605636226
189538,0.005065269426104756
189539,0.004002861520681455
189540,0.0005405898493741702
189541,0.002239204490696655
189542,0.0004090772087082215
189543,0.0006894208233340207
189544,0.0012480517287967305
189545,0.0008335542618934421
189546,0.0011031577760889188
189547,0.0007103699571543919
189548,0.0014459345123207217
189549,0.023585564979441483
189550,0.0010378350074995222
189551,0.0038484165787263354
189552,0.00042617508662448015
189553,0.0008915356318367077
189554,0.0022629179562767736
189555,0.9947251341226517
189556,0.0007567300775290476
189557,0.0005262504813809386
189558,0.0005689554470555678
189559,0.0007489252301087069
189560,0.0038507256925265475
189561,0.000562495628906314
189562,0.0007414498107377937
189563,0.0007460041070563184
189564,0.0031345085205844573
189565,0.005466333584435676
189566,0.004667648441255394
189567,0.0013467713244054481
189568,0.0008235702147481366
189569,0.007229229092473748
189570,0.0005193820933298496
189571,0.000985709997073065
189572,0.0004951484655152452
189573,0.0005087334722162263
189574,0.0006841358258454623
189575,0.0005920496313037188
189576,0.003630316598123624
189577,0.0014436021282508205
189578,0.0015296224515069382
189579,0.0006878363962392191
189580,0.0005065908110370884
189581,0.0071422055019259465
189582,0.0012722293939528618
189583,0.0005848268570399996
189584,0.00048569972381441663
189585,0.0006357359406232205
189586,0.01648920934116273
189587,0.00059939296784866
189588,0.0007099263581262665
189589,0.0006074661010674206
189590,0.0010684984043501811
189591,0.0006778118581327581
189592,0.009688072099441121
189593,0.001301083768784977
189594,0.02465872164234331
189595,0.0007645909358164287
189596,0.0012093125813072158
189597,0.0006761393705778387
189598,0.000876236586738547
189599,0.001328646714954204
189600,0.007151303956772761
189601,0.9927662065081934
189602,0.0007127207834024464
189603,0.0024714510563557616
189604,0.00048827468762175117
189605,0.0334394568657137
189606,0.0009151831270800372
189607,0.0009147636771639256
189608,0.022613482146579884
189609,0.0036497445262868213
189610,0.001356223580169144
189611,0.0008980888245145684
189612,0.0011740944734497274
189613,0.001494350125638445
189614,0.0006756535021316181
189615,0.000862982852071965
189616,0.0006548587637516639
189617,0.0004995232484111486
189618,0.001902575874699266
189619,0.004474111039391347
189620,0.0005011707826442352
189621,0.000866844778379319
189622,0.017196580404438687
189623,0.004876180560657703
189624,0.0005969911423749444
189625,0.0011996210294868538
189626,0.006459040411103997
189627,0.00048278871553382864
189628,0.0005824838534211589
189629,0.0018471944893925936
189630,0.001197723127937147
189631,0.0006368859158644516
189632,0.0011386150378155943
189633,0.9797511023671385
189634,0.0017157863857187121
189635,0.01663867093595637
189636,0.009774086917951251
189637,0.005933856082372028
189638,0.9924840210865291
189639,0.001594908285875116
189640,0.008846315453006348
189641,0.0025719962003959967
189642,0.0015443935955793044
189643,0.001338926435140099
189644,0.0006885454030265179
189645,0.020179841672832342
189646,0.001017446394572962
189647,0.0009731525371055116
189648,0.0005175147758950059
189649,0.0018542603250200863
189650,0.0006446079318489308
189651,0.0008664206323216037
189652,0.0051700713914715635
189653,0.002102790802038625
189654,0.0007686171604871343
189655,0.0016495439987920615
189656,0.0008073394527023498
189657,0.0005122987133920583
189658,0.0012488015415170574
189659,0.0014970775181763585
189660,0.0010179736546006577
189661,0.004951454135475986
189662,0.00117596949074953
189663,0.0004311705354832303
189664,0.0008143978106235276
189665,0.0007336818757357217
189666,0.002180389854620515
189667,0.0009251197353995196
189668,0.006286181697249219
189669,0.0026997176412077066
189670,0.0007265163222668254
189671,0.0009920913613615315
189672,0.00710597776208108
189673,0.0007145943791329633
189674,0.004915117187968549
189675,0.00088879158215973
189676,0.0006942875774800384
189677,0.0011741993643013897
189678,0.0012348135288417943
189679,0.014687967912616014
189680,0.000605602887448508
189681,0.01350921236113345
189682,0.0012819545255367641
189683,0.0019625354266701186
189684,0.002263173194002162
189685,0.0016043967261662184
189686,0.0021449645232006695
189687,0.0006437885236003718
189688,0.009971289417364575
189689,0.000503869253781379
189690,0.005982860783862936
189691,0.006319563436184873
189692,0.0007120950997963019
189693,0.0020517765154087686
189694,0.000782792299080575
189695,0.0010080622974718747
189696,0.0007675449423530964
189697,0.001781165129140367
189698,0.0882178717767802
189699,0.0039069127519839675
189700,0.007881767016436447
189701,0.0008264037482635426
189702,0.0013264146273209163
189703,0.0004996284150437689
189704,0.004096845310910351
189705,0.0009073870188941477
189706,0.0036628076964725625
189707,0.0006755109911687272
189708,0.004970749826014369
189709,0.006376479615223541
189710,0.0009935419222228325
189711,0.0005249577375538752
189712,0.0006995797828832351
189713,0.0007270156350013307
189714,0.0014688661057387687
189715,0.007965418954894162
189716,0.0007938244205759916
189717,0.0007966268637925589
189718,0.0008613754315099122
189719,0.0021284971946399565
189720,0.0005929019173801653
189721,0.10162536805096957
189722,0.000827223403455369
189723,0.0009286878841767751
189724,0.010288522875065625
189725,0.0009034554412190835
189726,0.0007297172601720936
189727,0.0008582036935696777
189728,0.0007734766527524826
189729,0.0010497471697908174
189730,0.0029090766141350115
189731,0.0005170208008808393
189732,0.003024868015136583
189733,0.20035381088651125
189734,0.0006102713295509004
189735,0.0007990503142803186
189736,0.0007886372976102843
189737,0.0011529428714959458
189738,0.001919067225815716
189739,0.0006679705221849091
189740,0.0006153336955621511
189741,0.0006711556045274555
189742,0.00048786976237205995
189743,0.0008144300561103836
189744,0.00047824307036871167
189745,0.0004984354871942348
189746,0.0024856942568317365
189747,0.006049761889951291
189748,0.0013714568497826772
189749,0.0006152758310004694
189750,0.9949713064124943
189751,0.002412578150581673
189752,0.00046994317093295004
189753,0.00043314237239465853
189754,0.0008092236660608074
189755,0.0006100875299696014
189756,0.0006639081183792653
189757,0.0007318342244762841
189758,0.0012424509529029295
189759,0.0007284956335156032
189760,0.0006802394947069366
189761,0.000624573083204318
189762,0.0013077716531084906
189763,0.0011105321556156983
189764,0.0005775585132652954
189765,0.0005686413385422545
189766,0.0006029359272596746
189767,0.002338373768530192
189768,0.0014889664436760128
189769,0.0016497507025948972
189770,0.001078380138944143
189771,0.001180945723706074
189772,0.9839664619962876
189773,0.001019638797607928
189774,0.0004965314381193231
189775,0.0013480856583346075
189776,0.000688925324389949
189777,0.004668971015264704
189778,0.000647941470945847
189779,0.0002937129127499301
189780,0.0003989788033803297
189781,0.001036744175137419
189782,0.0040827522170692335
189783,0.0008163657837113522
189784,0.0005279094025777539
189785,0.0010013813452920991
189786,0.0015543751475084959
189787,0.00900381955876101
189788,0.0007277254714470082
189789,0.0005423236582704295
189790,0.0005096306615380328
189791,0.00400637826591952
189792,0.0007035054177681477
189793,0.0015824799563842421
189794,0.0010159297415133868
189795,0.0011964996158376374
189796,0.0010578645828458928
189797,0.00047921831863018127
189798,0.000748217651613364
189799,0.9976939857146305
189800,0.0009013708105988379
189801,0.0008819420714619754
189802,0.0007897671651373509
189803,0.00217972034701389
189804,0.0024240226327907808
189805,0.004661377082394116
189806,0.021725080262072642
189807,0.0009197407205538582
189808,0.001028430190309448
189809,0.0010238160610639756
189810,0.00045519805847411355
189811,0.0019939638734059687
189812,0.0009890564280693
189813,0.0006515008511797395
189814,0.000980809867837088
189815,0.0005532307933812995
189816,0.0028787143757417174
189817,0.005045409581843005
189818,0.0006070616717062432
189819,0.0008725951549208705
189820,0.0005502976657005737
189821,0.0013993436276431705
189822,0.0036515113260636297
189823,0.0009991053530932744
189824,0.0007142476171596811
189825,0.0008042189023663578
189826,0.001250873506743444
189827,0.002523678906217232
189828,0.0005493949727929514
189829,0.0005993285492281724
189830,0.002195065345858532
189831,0.01219434189093541
189832,0.0033056587024521394
189833,0.0009597788773183886
189834,0.0012885929839226173
189835,0.003310072077260526
189836,0.0006631099303752164
189837,0.001980508924732717
189838,0.0007454976311028322
189839,0.002049981897732284
189840,0.0012893457392892048
189841,0.003387208127576479
189842,0.0011445048441575292
189843,0.0005834786100888263
189844,0.010119774611227459
189845,0.0026625368801375822
189846,0.0014721514051281035
189847,0.00046998796209145425
189848,0.0005591132563880608
189849,0.0035156052139882353
189850,0.0007260818701971483
189851,0.001629754750217855
189852,0.001287608191277649
189853,0.0009046280161540332
189854,0.0007066515205857007
189855,0.011567848844674482
189856,0.0008188706350461389
189857,0.0006589559867706119
189858,0.0008135923042076128
189859,0.0012558401485525
189860,0.0007498435141958099
189861,0.0011378669768746011
189862,0.0005139793228894564
189863,0.001262709083676194
189864,0.000590016266098137
189865,0.015704818090454584
189866,0.00048660298504457275
189867,0.0007165731467134973
189868,0.008814923791167986
189869,0.0015771694014296974
189870,0.0009761848570326463
189871,0.001192716311118082
189872,0.00109218260320927
189873,0.0014212067308551454
189874,0.0014528471940414521
189875,0.0015239043989098329
189876,0.00032940911531173034
189877,0.0007647655654927754
189878,0.0006633633328942082
189879,0.9990469935728634
189880,0.0004481848712028324
189881,0.005920693390605783
189882,0.0020322453125004975
189883,0.00047887007847521705
189884,0.000527092711245315
189885,0.0007192936039404152
189886,0.000832342939554775
189887,0.007618573346250171
189888,0.0009142558597049472
189889,0.0014794781961950262
189890,0.0009553041064540225
189891,0.0005698458697078704
189892,0.000908350050826205
189893,0.0008724433679362461
189894,0.0006081202230063826
189895,0.0020088327729528136
189896,0.0023956928598781813
189897,0.0010789064526748862
189898,0.0008282371578427016
189899,0.007500259692478486
189900,0.0004434746052746056
189901,0.0011528737655038084
189902,0.0005312708657387926
189903,0.0007102566244007945
189904,0.0005422290784561293
189905,0.997298372627131
189906,0.0005400640036424605
189907,0.0013399343576827967
189908,0.0013713837981934546
189909,0.0011671556865400024
189910,0.005298545730305302
189911,0.0009207255235430762
189912,0.0009527419942623324
189913,0.0022419317552073758
189914,0.0006945457390877805
189915,0.001884570750838934
189916,0.0007059968573101206
189917,0.002109131963114496
189918,0.009441749373129561
189919,0.00424816691042689
189920,0.0007952192886019585
189921,0.0019989377541465053
189922,0.002503446918335442
189923,0.0028093997218621557
189924,0.009867474707953336
189925,0.000616297732903754
189926,0.004729402136480888
189927,0.001110106962214905
189928,0.0005214124517721479
189929,0.0717671343953521
189930,0.0005167891844504019
189931,0.002829169866032968
189932,0.0010985830011928785
189933,0.0010152405160458275
189934,0.0011064289686661655
189935,0.007499948755973297
189936,0.005076809587345474
189937,0.0007119926291885258
189938,0.0010433288133742914
189939,0.0005423894104094164
189940,0.000468533250896777
189941,0.00048523519536228764
189942,0.0038823811565904874
189943,0.001448776212158543
189944,0.0018969779381233691
189945,0.0005441158801727037
189946,0.0010063767907294702
189947,0.0056514902634828175
189948,0.0005280787269698676
189949,0.002220327772933294
189950,0.0018497332984299857
189951,0.0010111695829003859
189952,0.0006770978047893839
189953,0.0005047785093774935
189954,0.0005550025116732399
189955,0.0007049047998505362
189956,0.0006612721746772778
189957,0.0019275748782126118
189958,0.0087186028886506
189959,0.9962436508118433
189960,0.00041210228245341473
189961,0.45120880674032504
189962,0.000516012858385033
189963,0.0004816512628420738
189964,0.0015361292226802688
189965,0.0006774553292720371
189966,0.0012336414450253943
189967,0.0008530961362293037
189968,0.0004036534980275958
189969,0.0003482284329591892
189970,0.0014423955970350865
189971,0.002965086239387774
189972,0.0009178895847354799
189973,0.005785122150373679
189974,0.028192621710871824
189975,0.0004893913305592998
189976,0.0005024047863366111
189977,0.0008325539281934276
189978,0.001227536661138408
189979,0.003333136936527639
189980,0.0015660280301983114
189981,0.0005784786037482906
189982,0.0035254340226220397
189983,0.0008460920440968775
189984,0.0005105231883318101
189985,0.000777107606046189
189986,0.0007932880543214953
189987,0.0005012916958048962
189988,0.001798984772925673
189989,0.0007195444466744506
189990,0.004463644615202454
189991,0.0007392817469313099
189992,0.0012185875611334675
189993,0.0006800666448920561
189994,0.0046680832534673105
189995,0.0005562991730801868
189996,0.0005165500764748844
189997,0.0010409824571135688
189998,0.0005390964751378981
189999,0.0006728179283121971
190000,0.0009005205172668011
190001,0.001544712719981696
190002,0.007944087225283208
190003,0.0009056853428289766
190004,0.004412978443998208
190005,0.0007560423235135572
190006,0.009548051430364727
190007,0.0006053387449229542
190008,0.0005472208194809451
190009,0.0004504931102449611
190010,0.001034703529749771
190011,0.0024414273975785867
190012,0.0006928451487922325
190013,0.0010746962893782483
190014,0.0037257719577172867
190015,0.0005308382398937271
190016,0.0006698564432510536
190017,0.0005898203813201823
190018,0.0025246219308015065
190019,0.002078510732785835
190020,0.0008218597230942779
190021,0.0046408441356556255
190022,0.0006678878786268186
190023,0.0019294679054486245
190024,0.0026095218879674757
190025,0.00149632224147503
190026,0.0011661824901058738
190027,0.001141218753344881
190028,0.00035995259604794047
190029,0.0008163274439557688
190030,0.0025490082153282714
190031,0.0006287656585717703
190032,0.019302704857107767
190033,0.000573635682448296
190034,0.0007681982461865988
190035,0.0032977153430927457
190036,0.0025321407144674154
190037,0.0006038705115144973
190038,0.002556700588071458
190039,0.0011715252931604363
190040,0.002187958560995202
190041,0.0006777248278177037
190042,0.014848512577815725
190043,0.014313764308203598
190044,0.006953244890133102
190045,0.009232946807859733
190046,0.03338129176622844
190047,0.021441754036775645
190048,0.006560782497722676
190049,0.002156899855149841
190050,0.0020282585172570946
190051,0.0017880593960905521
190052,0.0036888669349706537
190053,0.0016854329237841904
190054,0.007249640537791922
190055,0.0009815799441238188
190056,0.0013126649831975371
190057,0.0005527156701832294
190058,0.2920161139634271
190059,0.0003907996092197307
190060,0.0023997271023362228
190061,0.004192496460564309
190062,0.0008015182985714516
190063,0.1682861407130102
190064,0.006023051427731479
190065,0.0005688718817215865
190066,0.0022950161034784805
190067,0.0021559481397598335
190068,0.0007603484935123754
190069,0.0013385981877549258
190070,0.0018215785456814578
190071,0.0008563135106978535
190072,0.0005717310226235261
190073,0.0013119028259476447
190074,0.0006707812873940318
190075,0.0006812651192227724
190076,0.0011502989276586553
190077,0.0007921779539262948
190078,0.0006072180780875509
190079,0.000551593299080693
190080,0.0012524782419591157
190081,0.0012126920642001617
190082,0.00162130575300768
190083,0.0034475801675685706
190084,0.007418606457632232
190085,0.0004339823330481601
190086,0.0018532640803069966
190087,0.0009013363448536137
190088,0.006057036380567412
190089,0.0007280580697788221
190090,0.004567963295195142
190091,0.0009899138788645918
190092,0.06453401888013183
190093,0.0004047364619354516
190094,0.006125712419401166
190095,0.0014251506891799265
190096,0.000606261395664176
190097,0.003964251704116572
190098,0.0005824468085605945
190099,0.000913111094801143
190100,0.0007182176281714602
190101,0.001019606204585255
190102,0.004183691854055907
190103,0.03141256391456318
190104,0.0008713576051124171
190105,0.0043131298395488425
190106,0.0006112434533070386
190107,0.0013361845813268252
190108,0.0005932435033257641
190109,0.0004563387815344895
190110,0.017674793141360213
190111,0.0009819936641794482
190112,0.0010444704173065155
190113,0.0010652493206049986
190114,0.000782859355098085
190115,0.0013622810318859974
190116,0.0022478691759505614
190117,0.0004813599987002934
190118,0.002283136516252068
190119,0.0007838875043775859
190120,0.00636620968382009
190121,0.0005449840295303791
190122,0.003917658605971924
190123,0.0008191521800967224
190124,0.0006816570609969523
190125,0.0006179158177917444
190126,0.0009583863559575528
190127,0.006159951143120146
190128,0.0006567315462344969
190129,0.0005144967831692778
190130,0.0014760679075851127
190131,0.001041281851789487
190132,0.0007720530499568225
190133,0.0009088776960500325
190134,0.0014078237833564861
190135,0.00286208922125597
190136,0.0014498535804483065
190137,0.0019027190285320482
190138,0.0013382941747182497
190139,0.003107201138354682
190140,0.006152615098104939
190141,0.0008191537816335713
190142,0.002928000562387523
190143,0.00169433821404078
190144,0.0007363890571839117
190145,0.0018625444641315536
190146,0.0051150201024143735
190147,0.0012416999012160451
190148,0.003785950240635246
190149,0.0010914884979872485
190150,0.010588747666825275
190151,0.0013030797919685022
190152,0.0015211627969280756
190153,0.0014748223663987997
190154,0.0027175369275990497
190155,0.0012598389973253901
190156,0.0008043955689140327
190157,0.0009811606591290604
190158,0.0015959091014399278
190159,0.008794102445458205
190160,0.0015932298537893476
190161,0.009642129138299158
190162,0.0007581778720940392
190163,0.0006260232245654026
190164,0.001476685000970865
190165,0.0005835716080860516
190166,0.0014214468864860003
190167,0.005051345656878055
190168,0.004588622573060627
190169,0.0004234719320811106
190170,0.0017527783453095732
190171,0.0005991869490963015
190172,0.00048089967827302815
190173,0.0005617338320554266
190174,0.0008795619562276809
190175,0.010455747213268987
190176,0.0021447074590101645
190177,0.0006521084891733099
190178,0.003791517849536471
190179,0.0009115337414440444
190180,0.0015893176680366562
190181,0.0006463073944801745
190182,0.004403847397123092
190183,0.0007033523495765076
190184,0.0034874692900987905
190185,0.0006748300108277831
190186,0.0008519689026120794
190187,0.0012317644297375027
190188,0.002190781637278697
190189,0.006043906381759764
190190,0.06839830171360815
190191,0.0015307282259730253
190192,0.0006519459170498975
190193,0.0007014931069188417
190194,0.0037000944513217527
190195,0.0013115140748751614
190196,0.0029627419715562205
190197,0.00371275434889014
190198,0.0019979283803074647
190199,0.0009307229904082189
190200,0.010408151966300194
190201,0.0017256435309287253
190202,0.006651181286133236
190203,0.0005552522603838216
190204,0.0029981012896892227
190205,0.0005709269464485683
190206,0.0010268879701809076
190207,0.004857087804282085
190208,0.0005585068596184939
190209,0.0008545536450547048
190210,0.0006378883362559024
190211,0.01805442614416403
190212,0.0005929741778574035
190213,0.006458866147370115
190214,0.0029508229806046588
190215,0.0005877439880757038
190216,0.0004083068327566387
190217,0.0005315470246847049
190218,0.0007538298997875759
190219,0.012855615001534492
190220,0.0005772006728292109
190221,0.0016131392605710513
190222,0.0007398878434442052
190223,0.001139777975323844
190224,0.0005608777020053915
190225,0.0004668278802238188
190226,0.0007946822591766974
190227,0.0039654008046193095
190228,0.0026034796982857683
190229,0.001056592950590215
190230,0.004332822971038399
190231,0.0010530121548554617
190232,0.0005359463688750297
190233,0.0009707308530909997
190234,0.002553395925535941
190235,0.0006289640416827986
190236,0.0004913088434626291
190237,0.000887578781584379
190238,0.0010577986639793797
190239,0.001034474170241802
190240,0.0009657061332821018
190241,0.0008519586096642041
190242,0.0011066741033578641
190243,0.0008357336982474065
190244,0.0005447417205535433
190245,0.0005637377505876086
190246,0.000592692976830304
190247,0.0007099416565808927
190248,0.0008920858998718551
190249,0.002593553122543845
190250,0.0009248465891895823
190251,0.0006929348900788998
190252,0.0007706194358810558
190253,0.0016760045112699288
190254,0.0009626876922758733
190255,0.0008259983231716074
190256,0.0004023139746729045
190257,0.0006175704053821608
190258,0.022060195386396766
190259,0.0014644230203725958
190260,0.004801968540433758
190261,0.0011399751642262672
190262,0.00045716777355439976
190263,0.0010922442276516016
190264,0.0007033649346924304
190265,0.007527932041461344
190266,0.0019488573835812714
190267,0.000914427587852816
190268,0.001100282245449432
190269,0.0011311511703112635
190270,0.0017748422526765633
190271,0.0007852139727021292
190272,0.00200033071878
190273,0.0005868467803705512
190274,0.0025255985035547786
190275,0.0005539347850195814
190276,0.0025987128290836095
190277,0.0007966741270328706
190278,0.0011434957914949514
190279,0.0006814549149372575
190280,0.00044166117727312016
190281,0.0007108844012046739
190282,0.0006255416899980039
190283,0.011079482062655441
190284,0.001066051119033263
190285,0.005263555849462516
190286,0.0004003448082238453
190287,0.0006280255725148062
190288,0.0015205623708665983
190289,0.0006600385843107113
190290,0.00036415619448492017
190291,0.0013714080882846224
190292,0.0018998957251238587
190293,0.001892088465995194
190294,0.010555158320598853
190295,0.9928710924829776
190296,0.005579794041578507
190297,0.0020565346079410413
190298,0.0021783378198674194
190299,0.0020334536257916305
190300,0.008338856169652426
190301,0.021869396158266163
190302,0.0007155413805633179
190303,0.0005507151966878926
190304,0.9978522143416346
190305,0.0008849292033648437
190306,0.008296926294610941
190307,0.001137243005819589
190308,0.003703382990819415
190309,0.0006351957979952815
190310,0.011411937614766738
190311,0.003212056419504712
190312,0.0009008061621189264
190313,0.001477711427930825
190314,0.004893061160037249
190315,0.000636459083141745
190316,0.0005240784669330643
190317,0.0009940743309781602
190318,0.000441776026481373
190319,0.0004597355759591006
190320,0.0004768582640399447
190321,0.0005124172204709064
190322,0.0022572971251133903
190323,0.003656761743529158
190324,0.0014783597729062627
190325,0.0013478190364525496
190326,0.0003931271898945293
190327,0.0007779944270259816
190328,0.0006069073386023902
190329,0.001602319859343611
190330,0.0006882170404743196
190331,0.0009207367084525335
190332,0.0008309269894199067
190333,0.019075916147647663
190334,0.0011659809416118012
190335,0.003044222299745593
190336,0.0008022638859402408
190337,0.0009974625052873902
190338,0.001399639881163546
190339,0.0007072503777639685
190340,0.000917288114638191
190341,0.0027013882334663607
190342,0.0004751088204783041
190343,0.0005728359136840243
190344,0.0009478366792803774
190345,0.0027509548429232355
190346,0.002954551822114988
190347,0.0019893916826662205
190348,0.002033590333117654
190349,0.0021553912620458798
190350,0.006987162147880426
190351,0.000731203746558196
190352,0.0006917089842735439
190353,0.000946699491498642
190354,0.0004994994483868396
190355,0.0010903201341030677
190356,0.0006601198235638933
190357,0.001126186651388456
190358,0.0007676224429036683
190359,0.0006715378211864911
190360,0.0012296903222332443
190361,0.013981114168225216
190362,0.003304535557289691
190363,0.011344277809922011
190364,0.000952822471264192
190365,0.0007785382330386986
190366,0.002923972689664418
190367,0.017774837139600007
190368,0.0010903723249134749
190369,0.0011072844423161135
190370,0.010913433695539475
190371,0.0017565597026658096
190372,0.0008170636539788002
190373,0.000625033218094374
190374,0.0008763739884874845
190375,0.006055497840879422
190376,0.0006018704603071286
190377,0.006238225129492189
190378,0.000573683677177737
190379,0.0007782419868339575
190380,0.0005425337073863323
190381,0.0010040555596920366
190382,0.003203798987259944
190383,0.00483757831858264
190384,0.0007563532517074663
190385,0.0010465033857770568
190386,0.0006431774996078983
190387,0.0007540255099942199
190388,0.0006755286757382127
190389,0.0016507638261548658
190390,0.0006952924613483561
190391,0.0013772875741004692
190392,0.0010452887025756813
190393,0.001066638797096894
190394,0.0009578906197919497
190395,0.0012961114786208296
190396,0.0007223095049333691
190397,0.0013789607724029802
190398,0.000619372354425458
190399,0.0006739616461263749
190400,0.0015580913562879871
190401,0.002589044591377423
190402,0.0010226498144556458
190403,0.0007865155753785549
190404,0.0006959357662269947
190405,0.0013400837768439617
190406,0.006343253866286336
190407,0.003515968181965534
190408,0.0005830337503307596
190409,0.0054594254354825835
190410,0.0019557280440847136
190411,0.0018370613053762712
190412,0.0006998986337966789
190413,0.0014749745749725695
190414,0.0011115945817687962
190415,0.0005342648327969193
190416,0.0007124317188578718
190417,0.0006188161192561811
190418,0.004467859749749737
190419,0.002144771583284439
190420,0.0021749559978626763
190421,0.004523130828944398
190422,0.0008147821106790107
190423,0.000642152027291339
190424,0.001200180774096366
190425,0.0007486094833479579
190426,0.0013080339012675616
190427,0.0005063315856804272
190428,0.000800749964187463
190429,0.0006879355837988953
190430,0.0004236219567934505
190431,0.0008640445877639465
190432,0.0006127513401580815
190433,0.9981386607909729
190434,0.0014274213091508962
190435,0.0006752764040006331
190436,0.0006028012236447285
190437,0.005811476083333236
190438,0.0027360252212481053
190439,0.0004987337091519043
190440,0.001780107131696527
190441,0.000570352209346135
190442,0.003478118305728863
190443,0.000870252015791937
190444,0.0009673705866316969
190445,0.0013192917888600318
190446,0.0015604789319231408
190447,0.0005297657158496775
190448,0.0004857776779031861
190449,0.0008467363876258646
190450,0.0058943632497267156
190451,0.0011019585623433564
190452,0.006909163815901749
190453,0.0004244841874233282
190454,0.0007893693343791427
190455,0.0005846370264980186
190456,0.006041420719896142
190457,0.0009538973259472731
190458,0.00042040279200273353
190459,0.000803170516588325
190460,0.00045988789557328526
190461,0.0006934738109762224
190462,0.0010255502056465843
190463,0.000506988244120697
190464,0.0006892362521640616
190465,0.0016052942402544177
190466,0.004796271108125756
190467,0.0007397799565742431
190468,0.0007524163523137413
190469,0.0011160606370914246
190470,0.0006068810306516384
190471,0.0011154791333254127
190472,0.0034939263468346587
190473,0.0006116645068441544
190474,0.0005291837618412636
190475,0.001030247274999493
190476,0.000666273776688557
190477,0.002693557138252675
190478,0.0013810706532061878
190479,0.0033903720129644485
190480,0.00041752964329076585
190481,0.0006630783961844324
190482,0.0007089085155937922
190483,0.0005561118054824943
190484,0.0009769470387281964
190485,0.0013853209827021985
190486,0.0031598448013045086
190487,0.01007039777280227
190488,0.0007719614679277516
190489,0.0007764934813125331
190490,0.002198328689621729
190491,0.0008502437286143309
190492,0.0035559845265279535
190493,0.0008278034654920943
190494,0.997314632291003
190495,0.00243588916517351
190496,0.0008340058487537192
190497,0.0005228413019338433
190498,0.0017112742287256322
190499,0.001937954545025762
190500,0.0007633004084614706
190501,0.0007860917819767564
190502,0.0006617985354366202
190503,0.0013572563918962778
190504,0.9594783303246933
190505,0.006182021642053186
190506,0.0006258124314859599
190507,0.0006486131214975606
190508,0.0006621346913754534
190509,0.0009638099870312671
190510,0.0007334480034003305
190511,0.0006784769395096779
190512,0.0004693196644455752
190513,0.0027207277107371194
190514,0.012956436318925124
190515,0.0014505823043543587
190516,0.0021817468878252977
190517,0.00073060953348362
190518,0.0004544304736066858
190519,0.0007322140536544187
190520,0.000646121623080449
190521,0.000945250582860582
190522,0.009293252763670535
190523,0.002411544077748261
190524,0.0006040608354864221
190525,0.0021292045078748194
190526,0.0004944640289737599
190527,0.9921990477296279
190528,0.0008007074354674073
190529,0.0006099522869747019
190530,0.011031837810422732
190531,0.0010833555033378211
190532,0.004309500699568007
190533,0.003196066036945064
190534,0.001826979712747001
190535,0.0008026686015087624
190536,0.00335905667787816
190537,0.005296327701341454
190538,0.0009943918671285119
190539,0.001068618044725983
190540,0.0007005085002205245
190541,0.0005953383703062366
190542,0.001924477884177143
190543,0.003506874422072123
190544,0.010661406081738566
190545,0.9875436706484193
190546,0.0031047518424764855
190547,0.004049424665262272
190548,0.0016845364115273625
190549,0.0005474506254724274
190550,0.011863479931913525
190551,0.01564882902496523
190552,0.003954946626885113
190553,0.008334621614696048
190554,0.0007551663207670786
190555,0.002312933931316331
190556,0.0006991176166139881
190557,0.0005374458197591413
190558,0.0020941360566794583
190559,0.0008655740397387067
190560,0.0004675125403868396
190561,0.009692986782496136
190562,0.0013993855692000807
190563,0.005955174452531249
190564,0.0028452213263432087
190565,0.0007937916216261865
190566,0.009626629313859129
190567,0.0016009062249116766
190568,0.0042376002930413345
190569,0.0008012972720009002
190570,0.00045716301037328476
190571,0.0006005630546123111
190572,0.0010561053208312534
190573,0.0005345056830477049
190574,0.0006124366933632961
190575,0.0015354699107535557
190576,0.0010315283109723328
190577,0.005285306475172346
190578,0.0005081417858377044
190579,0.0009435694352235629
190580,0.0009074731612599112
190581,0.0007584220327714211
190582,0.0004890043674357274
190583,0.0006981062163082986
190584,0.012761134096718248
190585,0.0005448666083911473
190586,0.0009080844322899983
190587,0.001931432392964996
190588,0.0005084558649955245
190589,0.002300766296026566
190590,0.0008135880781940796
190591,0.0010190498861270482
190592,0.0007166557721846905
190593,0.0034192221593438354
190594,0.0006083972901702264
190595,0.0008173718039691608
190596,0.0007025234429402606
190597,0.0004967627308506115
190598,0.0018776021835630419
190599,0.0009197955082473309
190600,0.009906477317718078
190601,0.005032025697431003
190602,0.002125947272180318
190603,0.000497918828784027
190604,0.0007403356433464598
190605,0.001619618129152865
190606,0.0022134171704408898
190607,0.01025322506620382
190608,0.005503448017514058
190609,0.004002731429906957
190610,0.0006334722039105699
190611,0.0007159167486339518
190612,0.00043661065116101273
190613,0.0009171712096900371
190614,0.007756026717820684
190615,0.0008962924074368144
190616,0.0028145321396932945
190617,0.0007514559529563728
190618,0.0009086323312290175
190619,0.0014857967455473215
190620,0.000975818186215267
190621,0.0004542791675618264
190622,0.002584961337331197
190623,0.0005584694801082477
190624,0.003676336192404984
190625,0.0022656498932716656
190626,0.006636754957005022
190627,0.0006769677377018272
190628,0.0010615675082139087
190629,0.0011660121958220096
190630,0.0004650415481667309
190631,0.0023258002150507427
190632,0.0004413638820561913
190633,0.0004451695820270698
190634,0.0006917614942931809
190635,0.0009910441373142608
190636,0.00161866717267586
190637,0.0012081665454481008
190638,0.0036310415372771904
190639,0.003487057640473523
190640,0.0010582257667293836
190641,0.0010314598823374967
190642,0.00044989049560575434
190643,0.0024563385717711545
190644,0.0007636182821630544
190645,0.0017543202521511153
190646,0.0009307126476759311
190647,0.00628144227933646
190648,0.0025178146324909756
190649,0.0004731731766512286
190650,0.00046281659112654697
190651,0.0008144708932642102
190652,0.0008191651632712762
190653,0.0011020171136608163
190654,0.0006520407705723783
190655,0.0005254076291629976
190656,0.0012078061935414614
190657,0.017255949496659706
190658,0.0007280782401011585
190659,0.0009933838616980415
190660,0.00334727933095377
190661,0.0003266398929788798
190662,0.0005969177042093783
190663,0.0006495365355546806
190664,0.0017150648053721016
190665,0.006222409133526676
190666,0.002825215668695898
190667,0.0012088168928529467
190668,0.0011419424573859836
190669,0.0011201598270291118
190670,0.001370031798791492
190671,0.0007980675197024257
190672,0.0015791710218682022
190673,0.0025620336116826915
190674,0.0034938710921384973
190675,0.0008066035188894952
190676,0.010397816929011998
190677,0.0011080387699098607
190678,0.0023300619033781505
190679,0.0033146057479663442
190680,0.0045027952914247545
190681,0.007791368453711128
190682,0.0008030382283699037
190683,0.0008563669943159179
190684,0.0006725030692943955
190685,0.0006792033723173818
190686,0.0014290821916809584
190687,0.008298208460803872
190688,0.03187338138055177
190689,0.00410958167827313
190690,0.005010125603724418
190691,0.0005415710181107043
190692,0.0005670331404584429
190693,0.0015169857489016991
190694,0.0012706810933940064
190695,0.002990753458963283
190696,0.037807332613323016
190697,0.0008047522046991699
190698,0.01711818123868336
190699,0.0013827912424261317
190700,0.0011615870496300572
190701,0.0009367502467585798
190702,0.0021040483621699024
190703,0.023139539389271838
190704,0.0008421587103210998
190705,0.0011040399906326308
190706,0.006150794465221824
190707,0.00291044324229382
190708,0.000810758744373878
190709,0.016977547890246154
190710,0.002091594496499837
190711,0.0007373679133696339
190712,0.005450479496288134
190713,0.0005089489481368594
190714,0.0004344480231830275
190715,0.001322255663533251
190716,0.0006644768188222705
190717,0.0013355154236375589
190718,0.0004898841252272383
190719,0.00084327390504258
190720,0.002349788258830984
190721,0.0027678543326313597
190722,0.0007119738119491266
190723,0.0006005863460546749
190724,0.0010888745250029214
190725,0.0014643689174142782
190726,0.0005687664479963276
190727,0.005302903555672268
190728,0.003272743971395235
190729,0.014480886373796256
190730,0.0019720207723458124
190731,0.0014664557879753288
190732,0.0023814767584466163
190733,0.001198605087515052
190734,0.014761914898174772
190735,0.0017327997234659986
190736,0.0009148584960806216
190737,0.0006216757299275596
190738,0.0009823916976987555
190739,0.0006353905654944625
190740,0.0006678773066365999
190741,0.000718593180870593
190742,0.0014278716070689151
190743,0.000888115208253402
190744,0.002944825405053779
190745,0.0007419327165631461
190746,0.000906152568204469
190747,0.0006225046165739264
190748,0.0009643909046021061
190749,0.9834208798462009
190750,0.0046967826122114135
190751,0.005120810138772793
190752,0.0006238057633305306
190753,0.0006023227407563489
190754,0.004611297401347787
190755,0.0007423966844802561
190756,0.001020650231877852
190757,0.0007809082350479152
190758,0.002134756452856627
190759,0.0003316616788114138
190760,0.002826970596853133
190761,0.0008504968575633748
190762,0.0044863842270382115
190763,0.001437362738209531
190764,0.0004058277807221778
190765,0.0007706362755790942
190766,0.00043654148447625255
190767,0.0031813980897594024
190768,0.007658485868401235
190769,0.008801952956754042
190770,0.00079991162706836
190771,0.002537254993007281
190772,0.01374623359027373
190773,0.9930298258406998
190774,0.0014411665269762701
190775,0.0010242173850946604
190776,0.0006550022111941362
190777,0.0011948392135157039
190778,0.0018893434210612982
190779,0.0006832335687281159
190780,0.00045112800283066286
190781,0.000809938427740322
190782,0.002918293626032019
190783,0.0013962540809060353
190784,0.0009705715561173462
190785,0.00828067666315361
190786,0.0009339826036974437
190787,0.0010436502278211154
190788,0.003776900689432052
190789,0.0007069821389813162
190790,0.0037124711300445122
190791,0.0005339737401374956
190792,0.0008664004442527626
190793,0.09242027146409876
190794,0.0018184908762755225
190795,0.001541071786016863
190796,0.0015891297692517607
190797,0.0011391969366690846
190798,0.003759473878977189
190799,0.0031434245537146225
190800,0.009558007014126414
190801,0.0009006704241220002
190802,0.0005976210412843653
190803,0.9764343347331397
190804,0.001542062166936152
190805,0.002632576002414959
190806,0.016957701235838528
190807,0.006477437502280829
190808,0.0007613043424080455
190809,0.005374829876139683
190810,0.0010974626773989488
190811,0.0005861652093346896
190812,0.0024537301635230153
190813,0.0008650144987465218
190814,0.0011577502315504484
190815,0.0016056384562023076
190816,0.0006354363456325113
190817,0.0008989504813771388
190818,0.0006571816362879825
190819,0.0006073951859108922
190820,0.0006691357851083975
190821,0.0021299964316282343
190822,0.005330012226826234
190823,0.005787149112255724
190824,0.0011068012983222256
190825,0.0006572053641340594
190826,0.0007525405237228755
190827,0.0003914607316913181
190828,0.0010917898413032004
190829,0.0016432252213380242
190830,0.004259844994520223
190831,0.0007392636877548437
190832,0.00181151382854097
190833,0.0005934637016257354
190834,0.00043647369271316563
190835,0.0006404396584211728
190836,0.06388803648734322
190837,0.0037349816194628617
190838,0.00047804348558380536
190839,0.0006770031386111439
190840,0.009078852906981794
190841,0.0016924623316244094
190842,0.0004921401560905515
190843,0.0007521981082117231
190844,0.0008176807287218321
190845,0.0017070534074051591
190846,0.0004577260490474434
190847,0.0006744589178061718
190848,0.002589185031776375
190849,0.0008845212079996041
190850,0.0014920943210265324
190851,0.0008114378506005138
190852,0.0005267802725335476
190853,0.0007112395228795096
190854,0.0008947124242764686
190855,0.0005402643481448292
190856,0.0005191438276527895
190857,0.0005575783251808568
190858,0.0005591846300637687
190859,0.0021626272325391957
190860,0.010546374944039533
190861,0.0010579290875473357
190862,0.0005960875819023891
190863,0.0017044723447264794
190864,0.001998400289600143
190865,0.0008470508111749989
190866,0.0022226803242551183
190867,0.0009486748269447438
190868,0.0005497544209774803
190869,0.006109412314891453
190870,0.0010722264288983165
190871,0.0007570864792394614
190872,0.0017556367256519648
190873,0.0010694847785143137
190874,0.0007412009719588871
190875,0.0014161772020679438
190876,0.0011719066238148476
190877,0.0007015219138959802
190878,0.0010328474892201769
190879,0.0019364279299214312
190880,0.0008155848246755044
190881,0.0010661664484697836
190882,0.0005109009087578993
190883,0.0009412904001947953
190884,0.005053198311252151
190885,0.0005134384798700916
190886,0.0031234324306554325
190887,0.0024582601589038166
190888,0.002057712744578395
190889,0.002845951620649304
190890,0.0011054700755394001
190891,0.0014585624543456798
190892,0.000548098831522363
190893,0.0005353676914068681
190894,0.0008354725904477601
190895,0.0008409997610658578
190896,0.00071391178326823
190897,0.005906148255455686
190898,0.0007938971706433469
190899,0.0007025517799741411
190900,0.0005535008740414358
190901,0.0020573936528535688
190902,0.0008797045613819423
190903,0.0007442227234335502
190904,0.0006382466268004476
190905,0.001188065731775783
190906,0.0028229625182116538
190907,0.0015833730869152288
190908,0.0021256996941075184
190909,0.0008107354540840644
190910,0.001341578082840254
190911,0.0013075300329762638
190912,0.000890049902793628
190913,0.0005628862487643445
190914,0.002267505097033104
190915,0.0007920889076914275
190916,0.0007556362839896904
190917,0.0004670314421978826
190918,0.0006314181892954952
190919,0.0005346850188809669
190920,0.0004404128158310402
190921,0.001257926067786973
190922,0.0007294050220071426
190923,0.0012447214887522987
190924,0.0006256012322972541
190925,0.0008817489399436872
190926,0.014599522816222926
190927,0.0018143837692949011
190928,0.0007220332703680894
190929,0.0009868294952683943
190930,0.004756754183292368
190931,0.0012819077974745184
190932,0.0011320705451271886
190933,0.00046497587130410505
190934,0.005981675439099229
190935,0.001349094366898528
190936,0.001126283878216239
190937,0.002151589620017819
190938,0.004585120003857129
190939,0.0014281411192671525
190940,0.0012982899712716998
190941,0.0008891331846574788
190942,0.006123667358675075
190943,0.000687828031649726
190944,0.0008711365873573272
190945,0.0013988385209521173
190946,0.0017722338728010578
190947,0.0004177476095010949
190948,0.0014315107473033156
190949,0.0033824634539099834
190950,0.000606080465656389
190951,0.0005783673824087929
190952,0.0006911542230912186
190953,0.0006481507125769247
190954,0.0009307205540703971
190955,0.0006286830582308273
190956,0.0030376252872540313
190957,0.0005875797349323855
190958,0.006832098884343094
190959,0.0019382405073737757
190960,0.0009345090429722924
190961,0.002750997710684848
190962,0.009275733497840926
190963,0.0009611616848092141
190964,0.0004814720636551335
190965,0.000816700657774666
190966,0.008456142186693875
190967,0.00067779256441876
190968,0.0007103814785796167
190969,0.9953796488397788
190970,0.0007127204767915197
190971,0.0010907743555066346
190972,0.0008498238041742924
190973,0.004391979821072299
190974,0.0009364244808599128
190975,0.11488461221512411
190976,0.0006737970500794536
190977,0.0016561337830972474
190978,0.9900164011560052
190979,0.0005377390526987591
190980,0.0007404641998520912
190981,0.0006154989108189732
190982,0.0007575365164009865
190983,0.0007972711669122225
190984,0.0008774378240102808
190985,0.0005839916493307538
190986,0.0005733345900546895
190987,0.002023845261752501
190988,0.0006676127445335256
190989,0.002000438980773929
190990,0.001199505710324767
190991,0.0017122355498717728
190992,0.001116780355937114
190993,0.0025453132312339595
190994,0.000620988365842039
190995,0.0007412162307404881
190996,0.0013324467276470903
190997,0.0014705785714082958
190998,0.0005520029375856318
190999,0.0007017942933927259
191000,0.0005227262109840181
191001,0.0006907495273281444
191002,0.005929705803020447
191003,0.024485704741632974
191004,0.0007525713300488822
191005,0.0005579311528627244
191006,0.007120688516199484
191007,0.033151369811166675
191008,0.07121487420669237
191009,0.0007410292671022202
191010,0.007828952944235334
191011,0.0007460543185479111
191012,0.0006983238661455981
191013,0.0006035454214976326
191014,0.0012631387846618702
191015,0.0004435327550964451
191016,0.0006032691562538064
191017,0.0007741503317112309
191018,0.0015849581332610767
191019,0.0023492344150051
191020,0.06535152485858173
191021,0.0017809995568677196
191022,0.0005573011088374851
191023,0.006467092049004836
191024,0.013874178896483486
191025,0.0006147423263910542
191026,0.0007054018628001124
191027,0.000708625901344055
191028,0.013788978115357215
191029,0.034579727416449484
191030,0.003707932357487844
191031,0.0006540239678216937
191032,0.0006525158251249385
191033,0.0009028823326960164
191034,0.0022806860377471852
191035,0.0008038712860027834
191036,0.999002573039957
191037,0.001934836224274716
191038,0.0005276687136158218
191039,0.000843419722070671
191040,0.0004510553255351278
191041,0.0017568696935199644
191042,0.002658775141175484
191043,0.003586689571995657
191044,0.004544134616924246
191045,0.0004224811761990932
191046,0.0007793652107853015
191047,0.0005294670569608427
191048,0.0012508735113256188
191049,0.0010348295099775013
191050,0.038083701606893325
191051,0.006759374790517374
191052,0.00480335600312583
191053,0.0005890621113319724
191054,0.0007849996572820057
191055,0.0006217741828028938
191056,0.0007037227163183426
191057,0.006030739592639714
191058,0.0020808655586217156
191059,0.005733510013569899
191060,0.019883653302297966
191061,0.0012406988618123799
191062,0.004949702802086268
191063,0.0007332611706516619
191064,0.000986586871382169
191065,0.0004416302292148682
191066,0.0006035799490377343
191067,0.0006924554345855775
191068,0.0009132953102691464
191069,0.0005744561165072562
191070,0.0006015966936265798
191071,0.0018849898160738807
191072,0.06434599845698397
191073,0.0009098108224048569
191074,0.0008350698184006473
191075,0.0007679610297578036
191076,0.0009347238755048127
191077,0.0006581429925498461
191078,0.00140326573198611
191079,0.0004394337600222558
191080,0.0004479636955030472
191081,0.017726585373273235
191082,0.0008187045748003048
191083,0.0023797252122525923
191084,0.0006593720837687119
191085,0.0005069234487622223
191086,0.0009224473451763392
191087,0.0011400953082682656
191088,0.008790480313534245
191089,0.0009625605791476288
191090,0.001712668727087008
191091,0.13066408108360103
191092,0.0006190149435930655
191093,0.0011917991937658956
191094,0.0004558464108053409
191095,0.9968130049972771
191096,0.0009762213346362024
191097,0.0009990537345739698
191098,0.0014848867438690067
191099,0.0008285723845140496
191100,0.00324936835403341
191101,0.0013982531153538765
191102,0.0005445593004600414
191103,0.0006476972225222574
191104,0.00050937427242399
191105,0.0011052167765104172
191106,0.10308587389006335
191107,0.0015055055413656837
191108,0.004442691249187322
191109,0.9950623517354251
191110,0.0019611725018597414
191111,0.0007620400191149328
191112,0.0022043994023369295
191113,0.0011772868738518254
191114,0.0019014350918416549
191115,0.000585019152132614
191116,0.0005723970468230098
191117,0.00044616942969481684
191118,0.008137628608555068
191119,0.0008807232319009216
191120,0.0006198419680810972
191121,0.002897211762684896
191122,0.0007741088526821961
191123,0.004465360811044317
191124,0.001958790666456379
191125,0.1455273876993896
191126,0.0016232460192700674
191127,0.0012714509625153527
191128,0.0017740164476894352
191129,0.0008806010580219847
191130,0.0006854700573413173
191131,0.0038673515381432155
191132,0.08047213527315614
191133,0.0022858155341130555
191134,0.0005629673373624256
191135,0.0006109634934238364
191136,0.003378628717284883
191137,0.004162128813870713
191138,0.0008654272480740166
191139,0.0033982998703753005
191140,0.003478161357829439
191141,0.010328581023080501
191142,0.0012904383597180922
191143,0.001636285356262535
191144,0.0007508760509672007
191145,0.0039712260639090296
191146,0.0006706070247218641
191147,0.0006447288377943381
191148,0.0015279308630152142
191149,0.0026441310993077045
191150,0.0007474998552103925
191151,0.0010346447354526818
191152,0.0027888449996142425
191153,0.0029519940965237104
191154,0.023763302772036338
191155,0.0008931226764573833
191156,0.008071359828931243
191157,0.0007532701932337633
191158,0.0014458806656760395
191159,0.0004720945943825261
191160,0.0005888205033974007
191161,0.000727246723776203
191162,0.0018204063561772376
191163,0.002320251973682812
191164,0.0026180935204556466
191165,0.001215344585366223
191166,0.028230175362327206
191167,0.0015878087833957315
191168,0.0005229758960619471
191169,0.0007045678265086583
191170,0.000684989838286032
191171,0.0004850771584889681
191172,0.0019938306990396233
191173,0.0005457669505156465
191174,0.003914385513227201
191175,0.0005045979834659073
191176,0.0010295268566462216
191177,0.0014232868398523517
191178,0.0005406885044558656
191179,0.0021974001987572636
191180,0.007822888167338574
191181,0.0021780833755536085
191182,0.0006079350932492148
191183,0.0023210150847076576
191184,0.001379528685816715
191185,0.000574430876664686
191186,0.0017167474250105118
191187,0.0006856775649171955
191188,0.0009439588461584451
191189,0.0006772747880423927
191190,0.00259290883939055
191191,0.0008763290500741598
191192,0.0011657597687462766
191193,0.0009811365293121643
191194,0.0006773637863435702
191195,0.0016059011520596054
191196,0.0012510653578616453
191197,0.0008510394980682432
191198,0.0005424047091737187
191199,0.007324693113746726
191200,0.0005652055416316321
191201,0.0007087892064779786
191202,0.0027819084062463487
191203,0.003349395995892364
191204,0.010140008962040084
191205,0.0011728667263949657
191206,0.0014317667299826673
191207,0.0022201400280690417
191208,0.0009331667160652374
191209,0.0029479587167571862
191210,0.0006848749631762283
191211,0.000635030034720173
191212,0.00044723728612987615
191213,0.001612346220048046
191214,0.001047060561299615
191215,0.0006301979912275869
191216,0.0010974881367734012
191217,0.0006438738589572377
191218,0.002623043565422054
191219,0.0008566449279012564
191220,0.000692252675959946
191221,0.0006799096996231542
191222,0.0007348692396082394
191223,0.0006873345735399167
191224,0.001297174339127068
191225,0.0016565749111176883
191226,0.0008293437329134593
191227,0.0006887771039317788
191228,0.001376179338321032
191229,0.0008332189820854963
191230,0.0006188077090361466
191231,0.006826714431487602
191232,0.0050344726521617126
191233,0.001751933504059088
191234,0.027361464523430173
191235,0.03240675577414279
191236,0.010520397162154286
191237,0.001103244293436026
191238,0.012900122718367085
191239,0.0018725526623819349
191240,0.0005543570067881487
191241,0.0009936972540110739
191242,0.0006404880636415333
191243,0.00815423065477439
191244,0.002414391310317834
191245,0.0008495002394589399
191246,0.993839840495142
191247,0.0009008863603299327
191248,0.0008369380469953213
191249,0.0056666364142083855
191250,0.0008239814456346181
191251,0.0012844526452072034
191252,0.07486573247423672
191253,0.000909740347357677
191254,0.20091000254992192
191255,0.0013537399051310609
191256,0.0034983132387222298
191257,0.0029294411100609097
191258,0.0006430179586071247
191259,0.0004623990960210846
191260,0.006857293534905837
191261,0.003697762200718371
191262,0.002090384174002549
191263,0.008205822376858922
191264,0.0005586664640955689
191265,0.0008468916940477047
191266,0.0010105287123908463
191267,0.000575397958877994
191268,0.007332802235548016
191269,0.000720697398393982
191270,0.0006413460692814469
191271,0.0023534849808194615
191272,0.0008206843788376002
191273,0.0004494352238930513
191274,0.00047079636122536277
191275,0.0008843929803912352
191276,0.20063683406601626
191277,0.000748243145335819
191278,0.004765243191831666
191279,0.0006636553292331644
191280,0.00339231339378429
191281,0.0007416797298917474
191282,0.1638798838134393
191283,0.9364736610277415
191284,0.001408133849984528
191285,0.0006117049794387656
191286,0.00045650151911122167
191287,0.0012418145793770831
191288,0.001163388491134252
191289,0.0013429262255682506
191290,0.003293264858685864
191291,0.001201840494433476
191292,0.0007759346202855753
191293,0.0006497552712464274
191294,0.0011923613427575423
191295,0.0018666754354422048
191296,0.000438449312431867
191297,0.0023110917254698686
191298,0.006273918713239981
191299,0.000607313043278533
191300,0.0019001284776653028
191301,0.0008677670204363586
191302,0.00402718526371485
191303,0.0007141614531851498
191304,0.010087073343245307
191305,0.00072676866332503
191306,0.0021099595140424234
191307,0.0007063513280096379
191308,0.0004400306725212006
191309,0.0011687266729735694
191310,0.001695437275553543
191311,0.0025969950538984104
191312,0.0006937956262237482
191313,0.0026590294100361416
191314,0.0005029315563092618
191315,0.0020371515798881766
191316,0.000438039025877057
191317,0.02072051608843273
191318,0.0025472519303437243
191319,0.0006532323901274026
191320,0.0006475993584442113
191321,0.009619021429113132
191322,0.0010669100108593708
191323,0.0044122224122011815
191324,0.0011611866886185307
191325,0.0005487014154307322
191326,0.01821554949178415
191327,0.0006205737101666086
191328,0.00038769981103967675
191329,0.00046174097348946133
191330,0.0008788512593950012
191331,0.0005010540436783931
191332,0.004978391124775258
191333,0.019691911270152355
191334,0.0009301884629747236
191335,0.0023939729300504115
191336,0.0006597932176352309
191337,0.0007664461718376888
191338,0.0013073116129309703
191339,0.0006263797240108208
191340,0.0019060614190319933
191341,0.001070208840823922
191342,0.0010284036145339413
191343,0.0015820421985123028
191344,0.0003476547054641232
191345,0.0008289185833923159
191346,0.0006973629141801385
191347,0.0007641567121022672
191348,0.0007235837540356933
191349,0.002958140125881946
191350,0.0005188327591804244
191351,0.001514529083210511
191352,0.0028628656043792958
191353,0.0007105290324379426
191354,0.0006504097936542447
191355,0.0016776207256234623
191356,0.0010751575822275095
191357,0.0007627434055591763
191358,0.000604465887316956
191359,0.0007785190949681809
191360,0.002303596676088774
191361,0.0012090073847238272
191362,0.006138158873331296
191363,0.0005972840310507582
191364,0.0010678738783104905
191365,0.0006299402123867467
191366,0.9943710004647028
191367,0.000627333682679007
191368,0.0005312555049405179
191369,0.0011600715770275893
191370,0.0013203893757092204
191371,0.0029349552845873428
191372,0.0005040474377420892
191373,0.0015345073231683303
191374,0.0011060328401496405
191375,0.003676175998785447
191376,0.011610027438613174
191377,0.005606870466474963
191378,0.0029273854858814508
191379,0.0006993460963448819
191380,0.0006755654786510446
191381,0.0022024443190772893
191382,0.004762870068455998
191383,0.0007502196225330252
191384,0.001592382274812476
191385,0.005962859738351622
191386,0.0011572634410230648
191387,0.005211122011739553
191388,0.002417112203720566
191389,0.0008975495590436746
191390,0.0047056899366257595
191391,0.9964560324562147
191392,0.0005413286143013181
191393,0.0005399523102150827
191394,0.0003788213307890421
191395,0.0006218843764247211
191396,0.0007243141777483395
191397,0.008250629084886303
191398,0.006994422345185028
191399,0.0005868159184084143
191400,0.01355219070670969
191401,0.000353201400104691
191402,0.001107828008526523
191403,0.0009268897270315867
191404,0.03820363884867854
191405,0.019542121322908747
191406,0.0007244232989171957
191407,0.0005203019130068906
191408,0.0009888731972930197
191409,0.0010890286004752196
191410,0.0007859696766225491
191411,0.0031013115550519365
191412,0.0006747631131898349
191413,0.0010926795807011725
191414,0.0010655026306867297
191415,0.002343531052890123
191416,0.00794701824773966
191417,0.0022325001156646576
191418,0.013480080369103784
191419,0.0008124391357755785
191420,0.0007575124426650751
191421,0.004659580399125646
191422,0.030181051740423907
191423,0.0005398109471840852
191424,0.000440071955970528
191425,0.0006633080510456683
191426,0.001449864484662358
191427,0.0004363408921139183
191428,0.0007250972607579153
191429,0.0008095793713966286
191430,0.0011706415379195406
191431,0.0006264009038411663
191432,0.0009869679993060136
191433,0.0008015960004795784
191434,0.00046030470475250053
191435,0.0010361507062023444
191436,0.001327729351817216
191437,0.0008158431048939589
191438,0.006799440335904869
191439,0.0008714191847138854
191440,0.0023965147616067375
191441,0.006796616886716698
191442,0.0012113660929806847
191443,0.04325018672719322
191444,0.0005629869925444599
191445,0.003256546971713678
191446,0.001000209085157757
191447,0.0008036033095610924
191448,0.00046498677561694515
191449,0.0005683197337387855
191450,0.006789052898946539
191451,0.0007502896376430973
191452,0.0011270403367104015
191453,0.0011661246970328847
191454,0.000641628518761398
191455,0.0007178458401912913
191456,0.013499663019362871
191457,0.0027516144305396195
191458,0.0005566316142731689
191459,0.0005130021167791662
191460,0.0008562572993318425
191461,0.0056672064194739835
191462,0.0005967952789041379
191463,0.0004303016109130516
191464,0.0007242746979877429
191465,0.0019739433931924132
191466,0.000824390197893522
191467,0.0006559081267376701
191468,0.0009300974429673268
191469,0.00314131536330846
191470,0.017110623417486155
191471,0.0016483912826276352
191472,0.0012848683067355738
191473,0.002655383900003066
191474,0.00165055711861044
191475,0.0008136797674446414
191476,0.9947417266137999
191477,0.058368012944012046
191478,0.004287120612831854
191479,0.0007422496588399549
191480,0.0014243844804598962
191481,0.0017700507334069428
191482,0.00045931682079187807
191483,0.0007152787388782162
191484,0.0042528185816491405
191485,0.9974510188601886
191486,0.0007750939863868749
191487,0.0005260138792388304
191488,0.004784028604444795
191489,0.0011473385830704222
191490,0.0008725902808919199
191491,0.0003939332740518622
191492,0.0012053983892281225
191493,0.001294695616285135
191494,0.0006427712991243497
191495,0.0014540094318707475
191496,0.0005482851793126252
191497,0.0013518580243409187
191498,0.0013049006913115075
191499,0.0010522518621159725
191500,0.0008939289813947
191501,0.0051239996843655935
191502,0.017530608728595156
191503,0.0006873251484942731
191504,0.0006150142858484708
191505,0.005702195614329493
191506,0.0005005791301497036
191507,0.0006489468697822285
191508,0.001627238130540377
191509,0.0060136553238422895
191510,0.0005843836438422818
191511,0.0006360039776368535
191512,0.01929379865170138
191513,0.0006004442102363046
191514,0.0008680389021240463
191515,0.00038799696036948363
191516,0.06693792985613488
191517,0.0006538664470779172
191518,0.00856591191661488
191519,0.005788788485254902
191520,0.0014181313306817264
191521,0.0005099822665444941
191522,0.003186978706003159
191523,0.002999880409028926
191524,0.0014748675304143964
191525,0.0032386081579779827
191526,0.0015806227733343838
191527,0.0011485926567105943
191528,0.0008649398708295988
191529,0.048146674200027266
191530,0.001609636472042688
191531,0.0007351323101551254
191532,0.000925531126103995
191533,0.9807254792268352
191534,0.0014974159662984143
191535,0.0005603747550493884
191536,0.0021059419925998106
191537,0.0005064155366429203
191538,0.0011010504458608748
191539,0.0007802102454611565
191540,0.0008432332813786902
191541,0.0030801802166474856
191542,0.0004151790346279719
191543,0.0008292530670658406
191544,0.0013397636154195455
191545,0.0006732451522981207
191546,0.002862417124473015
191547,0.001871805609032359
191548,0.00967895723249842
191549,0.00133281334994197
191550,0.0005090211111685454
191551,0.002447840770144223
191552,0.001708567051177995
191553,0.0006064649629357937
191554,0.0013926722718842059
191555,0.0007648513961810589
191556,0.0006153759632539099
191557,0.0009471831230489115
191558,0.0022772571136300992
191559,0.0005611207747891858
191560,0.0020365743186599025
191561,0.0014125199955555118
191562,0.000916907240305189
191563,0.0013802584040374238
191564,0.12415455127372269
191565,0.000546618436570966
191566,0.0015858307195574586
191567,0.0007505674120222058
191568,0.030512865370893177
191569,0.0015495401538457019
191570,0.000823988605195272
191571,0.0007301682557895703
191572,0.0010839041848693999
191573,0.0018279400213183656
191574,0.0005320302406813881
191575,0.0006999191099542444
191576,0.000556901240172449
191577,0.0063428660429916146
191578,0.001506749059353613
191579,0.001078735097752009
191580,0.0005935199197369278
191581,0.0006638913026775197
191582,0.041242577710103985
191583,0.0004999200112323514
191584,0.001134278614039667
191585,0.001000777380928984
191586,0.0007781666248780556
191587,0.0008630390905465587
191588,0.003993201855004815
191589,0.0004687925123199399
191590,0.0006899061850387995
191591,0.0005077527695019474
191592,0.0007506968655551832
191593,0.0029029659554400647
191594,0.0004916868946154621
191595,0.0021002907584225018
191596,0.0009168681683755127
191597,0.0004932056651834904
191598,0.0004539220434268401
191599,0.0016638902954354533
191600,0.001383054732474259
191601,0.002145540900057778
191602,0.0008629748982370134
191603,0.20933721238648317
191604,0.0005567417755805379
191605,0.0007052561429927546
191606,0.003101605907156766
191607,0.0017236537476726323
191608,0.0007848602124880631
191609,0.0051252866002312976
191610,0.003735970738627946
191611,0.0007303037054475598
191612,0.0010333942948658331
191613,0.0005755010456979654
191614,0.023641338574025453
191615,0.0007484096236684723
191616,0.010056025920918723
191617,0.0009006355491806362
191618,0.001034616161865094
191619,0.0010569633241382956
191620,0.00099666362267116
191621,0.005646105097312068
191622,0.0016408369310209835
191623,0.9916348324165815
191624,0.0016895186198240828
191625,0.0035916704131967853
191626,0.0008875756403089768
191627,0.001655820594257219
191628,0.0065747558076610065
191629,0.0006254778398918401
191630,0.0013910242074531886
191631,0.00033416661201774236
191632,0.0006271027988149
191633,0.0027997185775396785
191634,0.0006933541490759777
191635,0.003989217442235611
191636,0.0006668971073383931
191637,0.0008508394198875264
191638,0.0037815968170417883
191639,0.0004897225124896224
191640,0.004555717603814086
191641,0.0008866932646693993
191642,0.014010273359016346
191643,0.0009406768367970645
191644,0.0007684195169086405
191645,0.001888865324973074
191646,0.0008644430810109291
191647,0.0016682855706128099
191648,0.000900416527648298
191649,0.0017123424128113957
191650,0.0004812444026736213
191651,0.00043409127734065343
191652,0.0004200142569395144
191653,0.011963036397245164
191654,0.0010604001868572584
191655,0.0020567231233062596
191656,0.0003489278542389612
191657,0.20048857823815242
191658,0.000498802695005273
191659,0.000786396744096589
191660,0.002233377661245875
191661,0.0006957680436344053
191662,0.0008250273253739091
191663,0.0006715079829902738
191664,0.014123019728821485
191665,0.0007919137229646285
191666,0.003226339251922167
191667,0.002714768292486721
191668,0.0006259364737717797
191669,0.0037105157161794328
191670,0.0004901062570184835
191671,0.0004922677208938052
191672,0.0008255987047261443
191673,0.0012675786852304105
191674,0.002720719263216579
191675,0.9949406081044297
191676,0.0007285281326888243
191677,0.0012796150861708318
191678,0.0008251198612671843
191679,0.000675000664677936
191680,0.9929528459610174
191681,0.003424852477280191
191682,0.001044200247580055
191683,0.004646658392034628
191684,0.0031950252874881394
191685,0.0009305538327682792
191686,0.0007770755114780077
191687,0.0007767460513686797
191688,0.0007871372498857044
191689,0.00703169147128304
191690,0.0006250648357407616
191691,0.0006613503632196649
191692,0.0011612474086495558
191693,0.0009842627929159712
191694,0.002713688230536991
191695,0.0006361522421827608
191696,0.002287785874465196
191697,0.0005580261273568609
191698,0.0007176577977871475
191699,0.012590004371615438
191700,0.0067879137991369975
191701,0.0006191388224745182
191702,0.0042635291876627094
191703,0.0007539220302895797
191704,0.0006607755836835058
191705,0.004418592100755273
191706,0.0027935893469154378
191707,0.0005862487309359582
191708,0.00445360126068284
191709,0.0010689493414865025
191710,0.000540800319812353
191711,0.015851306905659165
191712,0.0008880358071763955
191713,0.002542173255936326
191714,0.0018936634592664314
191715,0.023596646925934342
191716,0.0007242071409068316
191717,0.001562088170917073
191718,0.0006340051701250696
191719,0.0008193297257338744
191720,0.0005979840036072901
191721,0.0010019954920840665
191722,0.0011590678069347143
191723,0.0030771930712518666
191724,0.0009305731984427586
191725,0.0007182037846673193
191726,0.004625862830429888
191727,0.0005531465374919831
191728,0.0021382334274462882
191729,0.004433450647982581
191730,0.0009125447751235788
191731,0.0007984480426021668
191732,0.0007109090066930008
191733,0.005256639372269864
191734,0.0007062195191390626
191735,0.8425661675561724
191736,0.000989957060253694
191737,0.0007024615394650836
191738,0.000685192689120237
191739,0.0006939596122987391
191740,0.0038392456362174848
191741,0.0013314595017290963
191742,0.0005193638147044771
191743,0.0020653622402673293
191744,0.005877236530160583
191745,0.0006653299462001372
191746,0.004537718682521208
191747,0.0006559683691578116
191748,0.0005877798856834177
191749,0.00040310791660457733
191750,0.000636069044257772
191751,0.0018371716359861256
191752,0.002032094731965862
191753,0.0010081190237586223
191754,0.0006145969728030268
191755,0.001033597890341905
191756,0.00215690226630817
191757,0.0010170212156134966
191758,0.0010585741703020928
191759,0.01502502495480345
191760,0.0008975983177451604
191761,0.0005045925524020887
191762,0.0006392044352103758
191763,0.0007849589756559601
191764,0.0008127959455356867
191765,0.0010850013815831825
191766,0.0005052393364247331
191767,0.0012394570353536328
191768,0.0037308134461321706
191769,0.001782901898770205
191770,0.00528182608422624
191771,0.0029671901800000376
191772,0.00045451934766079427
191773,0.0004807318428710439
191774,0.0007113216302529544
191775,0.0005971819665017205
191776,0.0025761039929012384
191777,0.0004550292177857965
191778,0.0015931633411134867
191779,0.0010178841663382471
191780,0.008463454073937332
191781,0.0013971618223231194
191782,0.0017432959688559971
191783,0.003306514492025437
191784,0.0007718780797351696
191785,0.0018384865895972814
191786,0.008511701683145974
191787,0.0006079215047196651
191788,0.0004580030765498007
191789,0.355454340437132
191790,0.0004663858526231496
191791,0.00082164640557616
191792,0.001478789281144523
191793,0.0010120251252353817
191794,0.003072994888032982
191795,0.006900205632192286
191796,0.0026777284331940448
191797,0.005481179527897729
191798,0.0006347054147519996
191799,0.0006320803817965908
191800,0.0008198667164937934
191801,0.00046138271542988806
191802,0.0007176852333839242
191803,0.0004299419308646013
191804,0.00517935553556924
191805,0.0006537773279452714
191806,0.0025581977176100962
191807,0.0011466248371349965
191808,0.002023502514708181
191809,0.005593920797401572
191810,0.003429137818979541
191811,0.003020444448974563
191812,0.00384840058701428
191813,0.001067744167014277
191814,0.0009969133055059646
191815,0.0008742634406328738
191816,0.0057597628853069075
191817,0.0010206574885399536
191818,0.0016102085020958457
191819,0.004589321946582207
191820,0.0006480337485094308
191821,0.0007094258620711638
191822,0.00047574913080540636
191823,0.0007647408039780961
191824,0.008881574660604746
191825,0.0007085620069139333
191826,0.0008620851450587149
191827,0.0008321746931663646
191828,0.0005475050430111059
191829,0.0005892641089850236
191830,0.0005635738271685585
191831,0.0005009211558229348
191832,0.0007736858344257973
191833,0.0017515390347551767
191834,0.0006121050111804783
191835,0.00044002855766090874
191836,0.0009547517688294725
191837,0.004690916564988239
191838,0.002762029072554853
191839,0.003295250084480556
191840,0.002221427194197621
191841,0.9943581940759103
191842,0.02263357834160612
191843,0.0004603863389817282
191844,0.0006251001172194691
191845,0.003671761075166742
191846,0.003021381163827379
191847,0.0015957214520224616
191848,0.0010897907444333468
191849,0.00047540226782242736
191850,0.0007644206084954979
191851,0.009072414420483675
191852,0.0009986636331984263
191853,0.009171055667671789
191854,0.0010716455046539028
191855,0.0006544052924787221
191856,0.00685427352995689
191857,0.0007718998402955247
191858,0.00494607512552156
191859,0.0013037018995929108
191860,0.007223196703227535
191861,0.004306088964813716
191862,0.0014188446992908694
191863,0.05037525845051456
191864,0.0010464468784795213
191865,0.0008387476534134873
191866,0.01567611248263717
191867,0.003070669888223898
191868,0.000803222983583279
191869,0.0008480536007694115
191870,0.00035221472044364886
191871,0.0005795198527238935
191872,0.0006958926456702421
191873,0.001301266652139462
191874,0.004487255784339439
191875,0.0006219720268795709
191876,0.0006898930144425792
191877,0.002882201684043924
191878,0.0012448896473224009
191879,0.0005022081918217229
191880,0.006506043404604428
191881,0.0005587447512330376
191882,0.002919643744609301
191883,0.003108112285725829
191884,0.005122260742061368
191885,0.001647279461299775
191886,0.0018998836146984074
191887,0.0006955891337077007
191888,0.002758047147964958
191889,0.0006844135264001355
191890,0.003296728940050429
191891,0.0030616863923435306
191892,0.002261577346575605
191893,0.005975885601568589
191894,0.0031138331195248265
191895,0.0005286777883310088
191896,0.020616992402887738
191897,0.0034041350692883146
191898,0.0004555594691810269
191899,0.000551320845239145
191900,0.0005765435701121178
191901,0.0004990428396016474
191902,0.0007756766059189304
191903,0.002001139174294364
191904,0.06520903678959641
191905,0.0165252212400071
191906,0.003084947126755191
191907,0.0010716436748093084
191908,0.000622978540840644
191909,0.001965630597814812
191910,0.0010359759666604814
191911,0.0006508992229492855
191912,0.01203645443576937
191913,0.0005892936684033468
191914,0.0004781254120117752
191915,0.006278056107479257
191916,0.0009705377032513526
191917,0.0006700512079853882
191918,0.0007277391241973651
191919,0.0006387272646260636
191920,0.0005932269590066936
191921,0.0005019429757261128
191922,0.00045743228375423486
191923,0.019023014020489136
191924,0.0023735609928167093
191925,0.008532697112330324
191926,0.0013741666173695839
191927,0.0011564992404841062
191928,0.0244679035965383
191929,0.0005420211511908021
191930,0.0005622825648750901
191931,0.0008245661693559189
191932,0.0005594768028175395
191933,0.0013591187196505083
191934,0.0005337459750582202
191935,0.0029684239559639655
191936,0.005373583576528484
191937,0.0013595938708411276
191938,0.0009243499706960815
191939,0.00047659234485227084
191940,0.0006700357325752572
191941,0.0007121479019776599
191942,0.00042608641286895463
191943,0.000637423131187925
191944,0.0009907845788977663
191945,0.00047776430902173197
191946,0.0012478847321422467
191947,0.0026305872604874847
191948,0.05535901029924642
191949,0.0015510804712419272
191950,0.0022135031959480567
191951,0.003421578432405737
191952,0.04793221303250339
191953,0.0014677497071317886
191954,0.0009144847345814537
191955,0.0042172660121178405
191956,0.004122442924237758
191957,0.0009113529978664969
191958,0.000876053175701447
191959,0.0005770442743531723
191960,0.00070621997536293
191961,0.0008798032535535043
191962,0.00046185267108432755
191963,0.003679778966323771
191964,0.0010091542725043827
191965,0.004323190839485815
191966,0.0007543115808198656
191967,0.002132506562775658
191968,0.0035369373515810928
191969,0.0016804319297429957
191970,0.0007889875549468113
191971,0.0019937410337178894
191972,0.0007755831137991574
191973,0.0012080190957863956
191974,0.001995455492214642
191975,0.0006078692009561649
191976,0.0012900409272908228
191977,0.002507023312582639
191978,0.0008096284330632766
191979,0.0006751833375309533
191980,0.00102851813821549
191981,0.001661119269290506
191982,0.0006171903514609028
191983,0.0004714290045737499
191984,0.00044292155601805596
191985,0.0024591412223991123
191986,0.0004447999602731137
191987,0.21842759946557572
191988,0.001307671480176538
191989,0.0012079370200902921
191990,0.0019623406911946674
191991,0.0004896529380460234
191992,0.0020297700125203933
191993,0.0006134808435302485
191994,0.005595632704311897
191995,0.20171875874598796
191996,0.0006047522642436143
191997,0.003118179649194324
191998,0.01312157771782176
191999,0.009426793165026006
192000,0.002060170493485721
192001,0.0027876493065912156
192002,0.009538675660815885
192003,0.0009061019936647902
192004,0.0006526937397488738
192005,0.0007799460563373072
192006,0.0026452639776434464
192007,0.002931071148770334
192008,0.0167039849115707
192009,0.0004963080342748066
192010,0.0018776056123937417
192011,0.0008165856115270086
192012,0.0006710956694403524
192013,0.0020186668077092273
192014,0.0007903752096811639
192015,0.0024941144253373413
192016,0.0020422821048112928
192017,0.001620035756277458
192018,0.0007175310328402457
192019,0.0008080218763791178
192020,0.0008027937702892885
192021,0.0007257962439315472
192022,0.0017894692119097685
192023,0.0008404992915717385
192024,0.0011166507167805013
192025,0.002046614646804609
192026,0.0016000267223335086
192027,0.0017168298158774685
192028,0.00044489227914943995
192029,0.0014093600381699012
192030,0.0005714234021292266
192031,0.0009548213780604107
192032,0.0006107110048910471
192033,0.0011628830338789703
192034,0.0006409298928048486
192035,0.0025229780460965267
192036,0.0009574194216605208
192037,0.0018242357090519374
192038,0.01543736060802467
192039,0.0012550246832709602
192040,0.17744976853986785
192041,0.002541149852068366
192042,0.000562365098988415
192043,0.002196951274412874
192044,0.000521924712537952
192045,0.005361862543531328
192046,0.0008704081232226721
192047,0.0006700996464406026
192048,0.0012938707385125178
192049,0.000682111707920974
192050,0.0006173905876747401
192051,0.0015193161192496689
192052,0.0008212366622209969
192053,0.000559493134057142
192054,0.0029872886414960506
192055,0.0008086588385824429
192056,0.000733291888626378
192057,0.0010645970576410586
192058,0.0015166674905472387
192059,0.0021459142945714667
192060,0.0012666699448825583
192061,0.0008209976126313469
192062,0.0006046112809595593
192063,0.0007396531989402853
192064,0.002717298745364462
192065,0.0007304985185663159
192066,0.000798137008052448
192067,0.0005699336300833852
192068,0.0006144061962668824
192069,0.00046678091719710437
192070,0.0006553590827193636
192071,0.001081719936046565
192072,0.0007137589145748487
192073,0.0006836942648884267
192074,0.00042557645047736694
192075,0.003932173526559316
192076,0.008332755029193645
192077,0.006555442878714836
192078,0.0010498833068757797
192079,0.012281379895673752
192080,0.0005174682834252595
192081,0.0007753128524729232
192082,0.003440023564701994
192083,0.0019413590894139057
192084,0.0011177934403238884
192085,0.000777687370054463
192086,0.0020459515050597846
192087,0.000537385531823322
192088,0.0006829607989438458
192089,0.001385745201236756
192090,0.0006586403747069262
192091,0.011016186246720069
192092,0.0008299223546846407
192093,0.0005155332291553828
192094,0.002702473997065482
192095,0.0007466260730426018
192096,0.0014689236270973315
192097,0.0055518247676893204
192098,0.0009084244145469388
192099,0.0005283862358330205
192100,0.0027368330054151277
192101,0.0007165700236532552
192102,0.0009407455295673422
192103,0.0015426744732063274
192104,0.0031799906196114842
192105,0.0005809785936545897
192106,0.0005559368272340214
192107,0.000773236291408941
192108,0.00044612156295202636
192109,0.06531194288305768
192110,0.0038107527154304065
192111,0.0010932102957634574
192112,0.0016302043252207524
192113,0.000844361338332214
192114,0.001924057116577181
192115,0.00429115286206126
192116,0.0014727665689260672
192117,0.002676818191249374
192118,0.002778701705677684
192119,0.016838191810424452
192120,0.0014715944067552398
192121,0.000576671450291902
192122,0.0007940779872821957
192123,0.011934160248667225
192124,0.0005459938114622596
192125,0.002178874277976919
192126,0.0010755202347824911
192127,0.0007133821257897134
192128,0.0009020863662835253
192129,0.0005705629062642655
192130,0.0019227377505511972
192131,0.015428172249590151
192132,0.0012855414949800507
192133,0.0006028408472170591
192134,0.0008921716910544038
192135,0.0009065188813733225
192136,0.0007533636899126443
192137,0.0005128967122022309
192138,0.001642945830031268
192139,0.0016322014045757655
192140,0.0036272683820580166
192141,0.00646815110714131
192142,0.0009103370058639966
192143,0.004374326283645759
192144,0.0008380210758340053
192145,0.0006388538827541239
192146,0.0015082134824354724
192147,0.0032464397791494943
192148,0.009523884955841971
192149,0.0009735342853240559
192150,0.0014926611285450376
192151,0.0025783316266113337
192152,0.0010010168187298304
192153,0.0023422248167068206
192154,0.0008992230045290798
192155,0.0021388048219439385
192156,0.0005358130393809064
192157,0.010454796960492653
192158,0.0005704379391078965
192159,0.0005583182494816136
192160,0.0006980507299365424
192161,0.0007228108189917519
192162,0.0005568599636881659
192163,0.0004388679749811053
192164,0.0011632643742387335
192165,0.0020160488000210415
192166,0.002608007189934536
192167,0.0012820882470918524
192168,0.0003759449878961565
192169,0.0009371293849862991
192170,0.0018616669009542109
192171,0.000670117624698484
192172,0.0015016941487720698
192173,0.0005513091623461404
192174,0.00046764681410254005
192175,0.001448231769421817
192176,0.0006893669129302392
192177,0.0008004003515281596
192178,0.0011369569290562778
192179,0.003952618278887696
192180,0.0006288718935180654
192181,0.0005661045336142925
192182,0.0005080990894852694
192183,0.0004893706598144024
192184,0.000990716761766964
192185,0.0005336096974975053
192186,0.0038655540827487486
192187,0.0012140505187705015
192188,0.014170331735554707
192189,0.0006864740270193174
192190,0.00047612852717893216
192191,0.0006394512137214969
192192,0.055889858288917266
192193,0.0005576546216722776
192194,0.0008650986250696381
192195,0.0046639089803986195
192196,0.002015617280154292
192197,0.0006487098979130894
192198,0.0005609927445262114
192199,0.006311620742586835
192200,0.002512148649789001
192201,0.004394265371923773
192202,0.0008790623091206369
192203,0.0009214741572577545
192204,0.0005802374867011065
192205,0.008879590752036844
192206,0.002138240868024532
192207,0.0003764488211817955
192208,0.0006871917549099312
192209,0.0006192128167861002
192210,0.0007648470532518421
192211,0.007042520940713897
192212,0.001039340928964826
192213,0.0006184667479481647
192214,0.0006975493652379561
192215,0.0018412608387379428
192216,0.0005060255675910263
192217,0.0010809255914795773
192218,0.003213081867921109
192219,0.005130888401159851
192220,0.0007607536743700627
192221,0.0016338125444236022
192222,0.0006849982251653547
192223,0.0005423592821017739
192224,0.011072187152210877
192225,0.0006127598417316748
192226,0.04290888113049887
192227,0.011755258283171758
192228,0.0006640907288796265
192229,0.007983867737586803
192230,0.001286409782117743
192231,0.0005162836907585733
192232,0.006518048281779671
192233,0.0016734312659549418
192234,0.0004635668038673275
192235,0.0013428392197537208
192236,0.0011039777004828808
192237,0.00270497875462175
192238,0.0008147289103771683
192239,0.002239727382778173
192240,0.0006151611882339242
192241,0.0007892630360182158
192242,0.00146523322558146
192243,0.0010086970568446106
192244,0.0003639345499250753
192245,0.0008976527381492252
192246,0.0008752185564520865
192247,0.001869905587845634
192248,0.000496578623001963
192249,0.0005821906610511809
192250,0.0014503687983768655
192251,0.0005057095439765305
192252,0.0010091529012570136
192253,0.0007624863324538238
192254,0.006988899297373796
192255,0.002437959131182441
192256,0.0006819865391035426
192257,0.0009203958723441566
192258,0.0011821861545483659
192259,0.000829434157033084
192260,0.0030565708032486436
192261,0.000513325598529909
192262,0.0020792289435592063
192263,0.00048604993272596695
192264,0.002022414423806179
192265,0.0004420902818955626
192266,0.001266574038028847
192267,0.0005055448569395254
192268,0.007983292506392976
192269,0.0006374965483507695
192270,0.0010894695620005043
192271,0.0006338737849470382
192272,0.004751260511210279
192273,0.0011424029776878003
192274,0.005082765706217115
192275,0.0008174246996239776
192276,0.0014867448786614103
192277,0.0047762366379473665
192278,0.00090709420378647
192279,0.0004455840071960039
192280,0.001292775230491219
192281,0.010880323119054344
192282,0.0006283986384660069
192283,0.01894784883060316
192284,0.0007226414262734694
192285,0.0038997979974105318
192286,0.0007340691986385157
192287,0.0019955943135112073
192288,0.000600411995265109
192289,0.0019417175093246158
192290,0.000629354685698427
192291,0.0007245642040873905
192292,0.003206731766804717
192293,0.0009194868745139651
192294,0.0022761763520721895
192295,0.0006400138318438178
192296,0.000876219453968892
192297,0.00048711984654555116
192298,0.0004916250823317257
192299,0.0005780008799222795
192300,0.0004440905248970466
192301,0.9982459179898459
192302,0.0017821785158185178
192303,0.0020793808308069766
192304,0.0005523983585403522
192305,0.0038027357281882578
192306,0.0009937031165607518
192307,0.0007966018979666619
192308,0.0005546832300521455
192309,0.007436702170775189
192310,0.0018134052143441407
192311,0.01224812136277708
192312,0.0016657515036311982
192313,0.0014866241167421769
192314,0.000859906605002342
192315,0.001019912695726152
192316,0.0026038380072042552
192317,0.0007863352702038682
192318,0.0011818824917146893
192319,0.0006982490372351753
192320,0.010169927664515698
192321,0.0007932368811731918
192322,0.0013158244625836252
192323,0.0004836869627989986
192324,0.0027185127893227592
192325,0.025092887714154504
192326,0.013534672431874631
192327,0.0008549427877391357
192328,0.0016480201000657788
192329,0.000936370440187056
192330,0.0034734331836561343
192331,0.0017883109944748035
192332,0.0006779914582124592
192333,0.20090988566167187
192334,0.0007798112634019123
192335,0.0007956396364886272
192336,0.0007135226324806168
192337,0.004952276816623262
192338,0.0010797636979192147
192339,0.0023032900442595296
192340,0.0006251253991111586
192341,0.017095693851936745
192342,0.0035184781449639144
192343,0.0029700337855264316
192344,0.0007341813259247829
192345,0.0008246323993058441
192346,0.0007014195344787397
192347,0.0006277720201847566
192348,0.0019583852226802145
192349,0.021061499726945952
192350,0.00038714763134362615
192351,0.003299819999491039
192352,0.002113028797064034
192353,0.012768489054209856
192354,0.0007855879457680597
192355,0.0004622407470886402
192356,0.0005854047508515575
192357,0.0005664282908671229
192358,0.011840580045905517
192359,0.0007163873096342288
192360,0.0006603949960348285
192361,0.0019155339348629322
192362,0.002811911324646068
192363,0.0015223572925521533
192364,0.0005809744439223199
192365,0.001041106215969864
192366,0.002164037389505735
192367,0.0008072866751971161
192368,0.011702841984539006
192369,0.0038763285313927953
192370,0.012440973705967761
192371,0.003861328913159809
192372,0.0006678106043409199
192373,0.0008750975203714645
192374,0.0006210460497200336
192375,0.0008362809533278756
192376,0.0004994580863622077
192377,0.0008069925592320658
192378,0.0007829376226172501
192379,0.002642383656158069
192380,0.004383213011495078
192381,0.0007102845403921032
192382,0.00916379401390911
192383,0.0008915002970145842
192384,0.007278797180444913
192385,0.0009216741665341839
192386,0.001976028928851654
192387,0.00232704387547661
192388,0.0011853502767160719
192389,0.001862930948696333
192390,0.002037925212724302
192391,0.001099568640834425
192392,0.0007709720854491568
192393,0.001619883233499712
192394,0.0028436233198866206
192395,0.010061683378903258
192396,0.30796697459252753
192397,0.0009151140883366743
192398,0.0009089163787314059
192399,0.000937951846163619
192400,0.0004942262147883788
192401,0.005699307156997931
192402,0.0007515902632636024
192403,0.001533136788353377
192404,0.0011101641593003458
192405,0.0007052019430958571
192406,0.0006021924394824629
192407,0.000786499633852423
192408,0.0011416984955695565
192409,0.0012478354397460444
192410,0.0004145760615947813
192411,0.0006030014662406584
192412,0.0005956802915424269
192413,0.0010787430110562523
192414,0.0015149426249354715
192415,0.01759125957772872
192416,0.0007224724910935184
192417,0.0005844953687595372
192418,0.0015117551155791882
192419,0.0012622580506851631
192420,0.0009652541005200874
192421,0.002858946173593671
192422,0.0008624604745582974
192423,0.0018857667009650368
192424,0.008830732331359276
192425,0.0007693238425550398
192426,0.0005608453038032189
192427,0.0007158761123916815
192428,0.0007103866587554673
192429,0.0006646504181183338
192430,0.0015922693479856493
192431,0.0006629964046037334
192432,0.003039621976889035
192433,0.9952260659074826
192434,0.0007203812068517956
192435,0.0020284108613930875
192436,0.0010960483711508996
192437,0.0006797344570547816
192438,0.005511263404583256
192439,0.0013574293706224382
192440,0.0006194345095896185
192441,0.0005168620461375881
192442,0.008745714885083352
192443,0.0008224448358619869
192444,0.0022126048778040937
192445,0.0007004729271409303
192446,0.000743684377959678
192447,0.0009743553549433715
192448,0.0011387777322807767
192449,0.004492411794589863
192450,0.0004736803943834517
192451,0.001660408040868826
192452,0.011018359538716995
192453,0.009321671893728352
192454,0.0005966634235177453
192455,0.0006337385833355585
192456,0.002142550661895079
192457,0.0012212943912202744
192458,0.0026671404937758797
192459,0.0006325848545067022
192460,0.0007268837066676096
192461,0.0007114545233992892
192462,0.004738182287977631
192463,0.0026971969630932508
192464,0.0007266269441694093
192465,0.0007745404920375273
192466,0.001026462518686129
192467,0.003233002366159297
192468,0.0006431706043235307
192469,0.0008808116010190516
192470,0.0013438126205528532
192471,0.0005364250645185737
192472,0.0011740653093110925
192473,0.0028623079025238054
192474,0.001669457752555145
192475,0.004846327988922016
192476,0.0005378974902669348
192477,0.0006768100922458997
192478,0.0031340958585499355
192479,0.00408680987719241
192480,0.0009332085121226822
192481,0.0005934695940876179
192482,0.0007894700729319368
192483,0.004166778811042442
192484,0.0005117097217565601
192485,0.0006727575537036179
192486,0.005355821134691819
192487,0.0005135518267250864
192488,0.000741957378457483
192489,0.0009838465520690415
192490,0.000789221267202129
192491,0.0014583387006713178
192492,0.0007728029104501417
192493,0.0013123548065887196
192494,0.005694253170336467
192495,0.001708374262527883
192496,0.003484935827411405
192497,0.007499489936490237
192498,0.0010146305442967954
192499,0.0005684396697228254
192500,0.00048212466008227075
192501,0.0007748857759727055
192502,0.0012823704592273802
192503,0.0005028073997163527
192504,0.0016213119251937886
192505,0.0006273779728840924
192506,0.001065206281833564
192507,0.013063684980429563
192508,0.0013574348121588543
192509,0.0005105363275690746
192510,0.02421472531910803
192511,0.0013958389652025862
192512,0.001788583560871906
192513,0.000583277554232848
192514,0.0010474627213338805
192515,0.000749824492403392
192516,0.006649077626814115
192517,0.0006471115642081306
192518,0.0006028859793782609
192519,0.2006473067797377
192520,0.0009690597232864253
192521,0.0006736880621527842
192522,0.001452630086485207
192523,0.0007391461188024039
192524,0.0030578594056489116
192525,0.0026964275862961344
192526,0.002686980478747566
192527,0.0006979426450182589
192528,0.0006169620980073187
192529,0.0006992413668043196
192530,0.0022771314596792686
192531,0.0007877304684506003
192532,0.00105844188881521
192533,0.000669317074298747
192534,0.004329267171885623
192535,0.0007830279696839097
192536,0.0008354300313059706
192537,0.018458311385075248
192538,0.0007358292752546758
192539,0.0016737241594516079
192540,0.0063955203470470725
192541,0.0006042227563822105
192542,0.0005212264279996575
192543,0.0029324637910570703
192544,0.003041394528844847
192545,0.00828926256438639
192546,0.0006730912465920601
192547,0.000544810891262902
192548,0.001140449631834745
192549,0.0009515179483050595
192550,0.0007554719298633653
192551,0.0008358756371092597
192552,0.000992515098882916
192553,0.0047879112650610536
192554,0.0008798179820703307
192555,0.001416418247641024
192556,0.9925715958848702
192557,0.00320921614441918
192558,0.00043802153975789336
192559,0.0009223083750001535
192560,0.0005554564727003529
192561,0.007475686525205191
192562,0.0013073116129309703
192563,0.0012828122077383907
192564,0.200507748787353
192565,0.0009330687362333523
192566,0.004011585426992991
192567,0.0006248754337448288
192568,0.0012454121251921084
192569,0.0031478416200447406
192570,0.0004874459402473323
192571,0.0007774492318256415
192572,0.0006764607948456466
192573,0.06617473589024638
192574,0.0006769886041296565
192575,0.000702149502235952
192576,0.003054955482708549
192577,0.000436007922121758
192578,0.0005277514524315546
192579,0.018144493483455607
192580,0.0005977854505194532
192581,0.0017238878619276843
192582,0.00039786228371114547
192583,0.000997169755073291
192584,0.0005166126814911505
192585,0.001984446677894375
192586,0.0009426658168388624
192587,0.005001574396884667
192588,0.0012644303840054901
192589,0.0032932267045387878
192590,0.001204859831653664
192591,0.001330692976241987
192592,0.0017499398803786357
192593,0.0005999286920546744
192594,0.001945117987759133
192595,0.0008122018283417388
192596,0.011233572211563854
192597,0.0005996823117772541
192598,0.0004964941396763743
192599,0.0005773421263282293
192600,0.00047585087466202596
192601,0.0021742502704019955
192602,0.004161203427425738
192603,0.0006372681323102479
192604,0.002690419573352376
192605,0.0008324081898939844
192606,0.0010319178544081473
192607,0.0004969586880116802
192608,0.0007203758120607256
192609,0.0010914030038406512
192610,0.00046494196370328364
192611,0.0006076264916026774
192612,0.0004807443307145666
192613,0.0006498945936478357
192614,0.0018113895739244332
192615,0.991449893542995
192616,0.0031404006526466227
192617,0.0010840962102689233
192618,0.0007167517170781007
192619,0.0031222428428268507
192620,0.0010358278245089368
192621,0.006171699333026475
192622,0.0007469527377274191
192623,0.0006698525607662098
192624,0.0004683893461709673
192625,0.0004715934915117627
192626,0.0009646203918406016
192627,0.0009305825635466372
192628,0.006146426457050439
192629,0.0023648422055726186
192630,0.0012248564412108147
192631,0.001970156549838022
192632,0.0008444324595399373
192633,0.0010370610718380734
192634,0.000675224508024059
192635,0.0008265817194382471
192636,0.0008180275609103187
192637,0.0022318545139288215
192638,0.0022318294432368217
192639,0.0020006886012514866
192640,0.000882461519686153
192641,0.0010793024454023724
192642,0.00176289816091322
192643,0.0009065741308138477
192644,0.0013283515730492465
192645,0.015875560076647054
192646,0.0006034848333041567
192647,0.0011776800633215454
192648,0.007833427964957543
192649,0.0009326380611174162
192650,0.0003991851477022098
192651,0.0020218923759343977
192652,0.002700187917478246
192653,0.0008508683947696513
192654,0.00429389099219642
192655,0.9742689407489799
192656,0.0029403769516328695
192657,0.0007096848154545794
192658,0.0023875783704093287
192659,0.0007078507454206877
192660,0.0006231007868645817
192661,0.0064372847144642115
192662,0.0007115731645331029
192663,0.0008962766602680688
192664,0.0006854592075544047
192665,0.9976307371550762
192666,0.000538309142971225
192667,0.0021723211515063258
192668,0.0012669250995730645
192669,0.0007817816124488357
192670,0.2077377898355597
192671,0.0081818754156827
192672,0.0005710011488583624
192673,0.004194069034533853
192674,0.00082316827715848
192675,0.0005761253023272204
192676,0.0005097060114856037
192677,0.008488663298088311
192678,0.0009161669689838978
192679,0.0006165390745462281
192680,0.016709174681204395
192681,0.0008919665040407703
192682,0.0012457752932186045
192683,0.00142742455210134
192684,0.0005460135479760383
192685,0.0009904934958951017
192686,0.001093051332083577
192687,0.001103004588977034
192688,0.0004866677106359209
192689,0.0049173326474676714
192690,0.0007251943994080164
192691,0.006432805318146159
192692,0.0011087361512567768
192693,0.0004644153863142765
192694,0.0009209098452558642
192695,0.0015907526664240615
192696,0.0008696366948081945
192697,0.0720090335879703
192698,0.0008262728491425044
192699,0.0008529055936681655
192700,0.000869571898018147
192701,0.0006468323908717731
192702,0.0006708135519033655
192703,0.0005367156506447275
192704,0.0007985217722550791
192705,0.0033945322145033227
192706,0.0009795214391586098
192707,0.0004882268987509263
192708,0.0009798111194138526
192709,0.0017684735709447958
192710,0.006581300292488256
192711,0.001202674595464396
192712,0.0018974231395342818
192713,0.0013741042417699592
192714,0.0050717131835925355
192715,0.001024189579674221
192716,0.004933652500443918
192717,0.0038926351439196307
192718,0.0005043074595412896
192719,0.0026094716857091903
192720,0.0016343913243773874
192721,0.0038964699728165166
192722,0.002221435482951337
192723,0.0007709152772679792
192724,0.0011488549064911087
192725,0.0019097537635740637
192726,0.005299271976134353
192727,0.000864703134983004
192728,0.004148490299645365
192729,0.9607863505907639
192730,0.0010539119900102591
192731,0.0006947644255025048
192732,0.0005967770140112834
192733,0.0005197834902775965
192734,0.004408862148410936
192735,0.000698639604713978
192736,0.00043697344969552946
192737,0.010078074509671601
192738,0.0005933924451256397
192739,0.0006461134424839384
192740,0.0005307596573887764
192741,0.002329490820719285
192742,0.0015800428312793815
192743,0.0010955099256946407
192744,0.000624178093412587
192745,0.0007686316982715108
192746,0.0005156833288462047
192747,0.00432297937152777
192748,0.0015950436679556903
192749,0.002010291990166096
192750,0.0010476448075082616
192751,0.017911981599425753
192752,0.0034935803622459984
192753,0.007143736029896927
192754,0.001130428180587679
192755,0.0019618497521805226
192756,0.00053578189157147
192757,0.0006203716323655727
192758,0.0017887987966062084
192759,0.11494976658842158
192760,0.0005541780477882949
192761,0.00047563759554028695
192762,0.004126225542923173
192763,0.000468875377347818
192764,0.0005902770559011952
192765,0.003941398199958391
192766,0.001701471590095787
192767,0.0007288697891823048
192768,0.0007194408747439594
192769,0.0012873044567839925
192770,0.0005073075040900608
192771,0.007760887620447507
192772,0.0009653377320278838
192773,0.011791942025547614
192774,0.0020330217892225574
192775,0.0009688809955719911
192776,0.0007731688715875709
192777,0.0027079912476751194
192778,0.0008811622188538038
192779,0.0004971936317342406
192780,0.0011896368787156634
192781,0.002901962069997402
192782,0.0035436977902348053
192783,0.0006911451954316475
192784,0.0012917084680469015
192785,0.0008114051887098627
192786,0.0004471081202904458
192787,0.0011233747826551134
192788,0.001033273782310801
192789,0.0006537653094035787
192790,0.009380994286076388
192791,0.0012149981761728165
192792,0.0012725219549569624
192793,0.0009012316528745065
192794,0.0011907492302830778
192795,0.000671651285472707
192796,0.0010682874317785944
192797,0.003461865665570001
192798,0.0021153967918994395
192799,0.005347525043666524
192800,0.002532498688705813
192801,0.002097402618465964
192802,0.0007325390544678375
192803,0.0005750639762106923
192804,0.0022107907303200486
192805,0.0006026828698738935
192806,0.0006330227275925484
192807,0.001874801736396127
192808,0.0007920709511319223
192809,0.0004928231333558156
192810,0.0006569020891317795
192811,0.0004834272366883077
192812,0.0006454342282710847
192813,0.0006127422177060037
192814,0.0007892189273614042
192815,0.0007002507794686614
192816,0.0005653050929932506
192817,0.0017825636484194783
192818,0.0006309336871444642
192819,0.0010631461399148862
192820,0.000602179364489933
192821,0.0017110125893650002
192822,0.008626899723053458
192823,0.005790727529925108
192824,0.00451331255319923
192825,0.002517871056408895
192826,0.0008330784504273435
192827,0.009708066357414575
192828,0.0009401198076724969
192829,0.000916440037116205
192830,0.005576984307794887
192831,0.0005361053947378169
192832,0.0006636272645154685
192833,0.0006347706943827721
192834,0.0005968585843516399
192835,0.0006401494885776002
192836,0.01237449232248225
192837,0.02021444804254257
192838,0.00039049842544449954
192839,0.0008794998563787894
192840,0.005440772510085953
192841,0.008939841348927903
192842,0.0006156987219540746
192843,0.0006883175616169692
192844,0.9989177412211843
192845,0.0013368762715218474
192846,0.001148177577329196
192847,0.000956100511211831
192848,0.0031125397296260814
192849,0.0006410429664098445
192850,0.0008953773418737194
192851,0.008702826423465655
192852,0.003751848640850565
192853,0.0015737555360262005
192854,0.0005511593715865164
192855,0.0010792633144811373
192856,0.0007189509167367743
192857,0.003380864588069992
192858,0.0005586833600376058
192859,0.0008939286033186737
192860,0.010201696975684257
192861,0.006045799389441952
192862,0.002788686241230489
192863,0.001320435334435208
192864,0.0003360081927951598
192865,0.0015581512761319422
192866,0.019683440586710493
192867,0.000855174729202779
192868,0.0005639368908978126
192869,0.0005699197106968227
192870,0.0004735245433773578
192871,0.00047298370074877656
192872,0.0014512698452693218
192873,0.001172251666079193
192874,0.0005700092571871697
192875,0.017486819908964682
192876,0.0006586888799850485
192877,0.00046479107109973774
192878,0.0006500855508882616
192879,0.0014308424162863254
192880,0.0005965518945239735
192881,0.0005804981403783745
192882,0.00429345401356151
192883,0.004869832616031763
192884,0.0006749396392418349
192885,0.012580561820521592
192886,0.0006367031351268131
192887,0.0007154772412551386
192888,0.0016408921259286808
192889,0.0035562086798678573
192890,0.004592153300329558
192891,0.0021393532829553094
192892,0.002448696660914251
192893,0.0007880392219252356
192894,0.000607599131482281
192895,0.0026188681565649705
192896,0.0057678139511756
192897,0.0005750990865100342
192898,0.0005748729203429405
192899,0.0005068359231545563
192900,0.001165847633419973
192901,0.0011295852140864868
192902,0.003047639730850007
192903,0.0006157270420786708
192904,0.008715814606514806
192905,0.001699101423433498
192906,0.004233673324914046
192907,0.0017280918892714973
192908,0.0019147140600652792
192909,0.0007741249462521406
192910,0.0008054640582901148
192911,0.007972542107964845
192912,0.0006763434847530078
192913,0.00153729103977185
192914,0.0013993534064073426
192915,0.0007808388422186681
192916,0.00046184532272146474
192917,0.00048295206227278153
192918,0.0010820588038280873
192919,0.0529359516164809
192920,0.0057599480496276605
192921,0.001598565917348404
192922,0.000905246522772416
192923,0.018897935212598003
192924,0.0005429552194708535
192925,0.0032049490395424495
192926,0.0020604394074946403
192927,0.0009876485815834748
192928,0.0012130422300470896
192929,0.0004159793708542631
192930,0.0015623987500617792
192931,0.00044629926228787744
192932,0.0005185184037676747
192933,0.002110490307449097
192934,0.004368048986100428
192935,0.009028257171301499
192936,0.00175088164973064
192937,0.0015315060538107074
192938,0.0006518160430366872
192939,0.000543132856949192
192940,0.0007172265134524915
192941,0.0007849823011359606
192942,0.0007373466684199832
192943,0.0035792183595934873
192944,0.0010632404197443391
192945,0.00037766436811160077
192946,0.0007355577697714619
192947,0.0017929184690761671
192948,0.0005600894005267595
192949,0.0009729347308010566
192950,0.0007544710257313039
192951,0.0007585752595373396
192952,0.0023917717339727042
192953,0.009225002827610596
192954,0.004003552868037137
192955,0.000493149506990039
192956,0.0022131523797699238
192957,0.0006334824421824777
192958,0.0006718368942084305
192959,0.002885737949565056
192960,0.0018500398711954183
192961,0.0011410273320484774
192962,0.0009437265097014353
192963,0.000627429399110946
192964,0.0024933341546524426
192965,0.0006570073212594065
192966,0.0015900942373731433
192967,0.0019464723653688485
192968,0.006745085562824363
192969,0.01820704146465545
192970,0.0008877888234821382
192971,0.0007855844148690798
192972,0.0006998917334323674
192973,0.0006122747076547577
192974,0.0017538595828889842
192975,0.0006070930972019823
192976,0.0009038707405479482
192977,0.004867970119594295
192978,0.005411211151029426
192979,0.0005358667262533713
192980,0.0007024554321116822
192981,0.0008449917801084442
192982,0.000567989717978374
192983,0.003062295036469649
192984,0.0027501481504318952
192985,0.0011077708243536998
192986,0.0027868109498564147
192987,0.0006996391329415784
192988,0.00886960777568653
192989,0.006845967448517559
192990,0.0007140368918523305
192991,0.004426535928527654
192992,0.0014107826295065968
192993,0.008815951876177067
192994,0.0007214818840281848
192995,0.0006967589410280612
192996,0.0011716887082776277
192997,0.0007892243218097939
192998,0.002262448905565793
192999,0.00040944027808287754
193000,0.000994361202425586
193001,0.0006751940687429563
193002,0.0018874843102787478
193003,0.0004734714671924159
193004,0.0010013895804213396
193005,0.003616676322654661
193006,0.20050505467417712
193007,0.5110279344084493
193008,0.0007349029124820775
193009,0.0006400478501054679
193010,0.0006448461134663254
193011,0.10693675055403393
193012,0.0006943105169091896
193013,0.0006249254657320033
193014,0.0007781748804700733
193015,0.0006928597458189408
193016,0.0006457819185206083
193017,0.000616722088791284
193018,0.0007309059808861681
193019,0.004403364871538659
193020,0.0004967957113426379
193021,0.0011875432390765724
193022,0.0006646968429387841
193023,0.0008934120777531595
193024,0.003407281973086658
193025,0.0005470621962861085
193026,0.005010343653772843
193027,0.9531586255170252
193028,0.0005836691533798976
193029,0.0015272376034089936
193030,0.0006391612222422927
193031,0.023832298775922696
193032,0.000758905437308686
193033,0.0026702576246639444
193034,0.0024940132187644425
193035,0.003310934994214031
193036,0.0007565580553325985
193037,0.0011171921131335498
193038,0.0005544469102626646
193039,0.0022118240033638173
193040,0.018823276010169088
193041,0.004396529901729248
193042,0.000982330798794267
193043,0.0013781065076586422
193044,0.007962577012389272
193045,0.0006389353430013813
193046,0.006920160068669514
193047,0.00042948672333536993
193048,0.006291882009515955
193049,0.0006136842630727894
193050,0.007421176888161996
193051,0.014462844446104966
193052,0.0005672558669864344
193053,0.016217283111897095
193054,0.0005153982081909389
193055,0.0008117153923344091
193056,0.001092980538024865
193057,0.0006423439654561561
193058,0.0021693945479230644
193059,0.004068029123087115
193060,0.0009239212355528269
193061,0.003522959937331349
193062,0.0011340463544422211
193063,0.0006842965516497463
193064,0.0006958809344812865
193065,0.0007736511882157967
193066,0.0004340543155039836
193067,0.00039891298535019707
193068,0.0046702206022823925
193069,0.0006254820249638221
193070,0.01080503491202257
193071,0.0015630080627295415
193072,0.0029190550719305334
193073,0.0007377509923049875
193074,0.0020489117479106046
193075,0.001810325862977944
193076,0.0006125175894308701
193077,0.0015680487731528727
193078,0.001914969096922429
193079,0.002876769217523413
193080,0.0005857101221671295
193081,0.004166934868440138
193082,0.0006283797491498874
193083,0.0005288666541530722
193084,0.0005151957167280704
193085,0.0005359303875326075
193086,0.0014271192334855804
193087,0.0004820849037147083
193088,0.0005958148195286884
193089,0.0014411310365119664
193090,0.000947420658052753
193091,0.008493835085704077
193092,0.0036890511451345906
193093,0.0009590614435060884
193094,0.0028627787964938052
193095,0.0011121832638112945
193096,0.0006631380777258549
193097,0.0005770213170355935
193098,0.0010457735997011469
193099,0.0005132049271382524
193100,0.00047276294997607144
193101,0.0005891587906341223
193102,0.0036528845684849365
193103,0.0007451388004730639
193104,0.0006251378152482088
193105,0.0006418799469620367
193106,0.0006168281407536497
193107,0.0010513975967359765
193108,0.0024875007071271833
193109,0.0009961836435120415
193110,0.0008267601545779407
193111,0.0014795048264347656
193112,0.0008660432737066752
193113,0.005760587004115826
193114,0.0005399107519447247
193115,0.0009270295662037841
193116,0.10544323974520911
193117,0.0006934237210968328
193118,0.004765586135020651
193119,0.0006806936429367493
193120,0.000469222112618728
193121,0.0003560589112917172
193122,0.0008330496223261437
193123,0.000606590750833121
193124,0.0005400904550366533
193125,0.0009528211910946743
193126,0.0011886993581593603
193127,0.0011269217275692912
193128,0.0031959277412311007
193129,0.0005636389936654954
193130,0.0005312382395107224
193131,0.0017211827898498686
193132,0.0005420778808384213
193133,0.005551185310848455
193134,0.0007679342712386846
193135,0.0022270483847504656
193136,0.0006186847924212587
193137,0.0005338110576795759
193138,0.0014043415048351992
193139,0.0009396239795051482
193140,0.0006379924944312993
193141,0.002470397657114375
193142,0.0009082670569034749
193143,0.0005984206744787117
193144,0.0008354202775823951
193145,0.006229633839015357
193146,0.0006648533586826253
193147,0.0007553254583811118
193148,0.005128621013025082
193149,0.005899837934049842
193150,0.0008307682796062786
193151,0.003678253003741679
193152,0.00043505583302441616
193153,0.0008839356292716673
193154,0.0014548910303342692
193155,0.028437009685020907
193156,0.006538218411796129
193157,0.00047325977852316387
193158,0.01836385478785576
193159,0.0005945380549590903
193160,0.07197701193050048
193161,0.0005748399170073091
193162,0.0008214941663926328
193163,0.0005456927463489854
193164,0.0012152594903852626
193165,0.000496081532534587
193166,0.00246476775381866
193167,0.008512258335154654
193168,0.0015619371948579143
193169,0.002914238727843551
193170,0.0007601494007603417
193171,0.01454797565433332
193172,0.0016925786300279791
193173,0.004893854514993841
193174,0.006884183765845261
193175,0.0007004989121413669
193176,0.000846261006177479
193177,0.004275472834825382
193178,0.0006926064156126841
193179,0.0004355899549756722
193180,0.0012517014865422848
193181,0.001815395729681484
193182,0.000703741955735626
193183,0.0027218208311552096
193184,0.004192106647042782
193185,0.003919177662910786
193186,0.0014162203931113036
193187,0.0005278586000747182
193188,0.0008944271736070972
193189,0.0349035489131036
193190,0.002360411550675701
193191,0.002036516377609321
193192,0.001113783732059127
193193,0.014692565092878244
193194,0.0010037111994249813
193195,0.0008525357363357305
193196,0.0037221806785194995
193197,0.0029238752746373635
193198,0.0006694897412532872
193199,0.0022021517243265565
193200,0.0006629205010627847
193201,0.0016152112146541864
193202,0.0007098972801552658
193203,0.20052578410285846
193204,0.0008703759967684469
193205,0.0005641008166454511
193206,0.0008345680886789563
193207,0.0006828784046107605
193208,0.001390909002345154
193209,0.001214868426234667
193210,0.000724907611586234
193211,0.0014346925690630486
193212,0.009988692410058078
193213,0.0007031145269414019
193214,0.0006397432500741924
193215,0.0013987497100085033
193216,0.0008189582455697066
193217,0.000517602017496767
193218,0.0020563671850419435
193219,0.0006194423011628891
193220,0.00429379280414271
193221,0.0008027737467945984
193222,0.0005684997120281186
193223,0.00796495032291536
193224,0.005130169925043346
193225,0.0006222252315715704
193226,0.00043819032041476056
193227,0.0006377855349227007
193228,0.0005719626903965052
193229,0.9916778673658564
193230,0.005483064988429455
193231,0.0019062818549089688
193232,0.0017782279259022796
193233,0.0012297650665508185
193234,0.006797304954847346
193235,0.0013827635452359332
193236,0.0016481039381851942
193237,0.0011152630047877848
193238,0.0005139336465883694
193239,0.0008722564866940288
193240,0.002166832174805295
193241,0.0010520475895885917
193242,0.0005734592444734599
193243,0.001192675904860188
193244,0.003479975154238451
193245,0.000646878530537172
193246,0.0009109846400527013
193247,0.0016183459719748142
193248,0.0007122487898324691
193249,0.004285963595578621
193250,0.006147517594988744
193251,0.010052200331731155
193252,0.0024459463349871986
193253,0.11783912799153178
193254,0.0006597840272499555
193255,0.0025994671806072694
193256,0.011243485162990141
193257,0.001396007126000467
193258,0.003609951431423537
193259,0.0008632406515130396
193260,0.0014246787115140284
193261,0.0008507098074771001
193262,0.0013448770373348155
193263,0.0028634062753533996
193264,0.0048754841762991205
193265,0.0115106592494473
193266,0.0010825921040536165
193267,0.0004215131221442324
193268,0.0007479930691958443
193269,0.0012110633402214457
193270,0.01060698139427027
193271,0.0005789295394883656
193272,0.0006866049306053588
193273,0.0025421448435024724
193274,0.0006333773511793234
193275,0.01953982226511254
193276,0.0007518921400875328
193277,0.0006166242726098287
193278,0.001640478202813787
193279,0.0006986318329313553
193280,0.0004273441260166925
193281,0.020571282549974285
193282,0.001469915249125043
193283,0.0006357386475314041
193284,0.0010811203189962115
193285,0.000533586742085796
193286,0.0006068098505534763
193287,0.0005959499168788425
193288,0.002994317037772852
193289,0.0008006027541632716
193290,0.002240347796809888
193291,0.0011468922159447185
193292,0.001404191382396841
193293,0.0005658631109916846
193294,0.0042118238946266895
193295,0.11010657962126896
193296,0.004124180250994357
193297,0.0007742834467278231
193298,0.0005193383830876613
193299,0.002158870386831527
193300,0.008138475978510269
193301,0.0005342359441694829
193302,0.0005943838542297637
193303,0.0004008177320403914
193304,0.0006465423402012223
193305,0.0008097798217679191
193306,0.0007702237228197034
193307,0.007146950552199591
193308,0.000557467809139189
193309,0.0014633796948069688
193310,0.0018455937073370648
193311,0.001015598484569193
193312,0.0018246659175157754
193313,0.0006285202985082263
193314,0.006415749700051693
193315,0.0004989018610236946
193316,0.0025032560837996505
193317,0.0004808867243539014
193318,0.03888328562038982
193319,0.0025683066437781578
193320,0.000962445073878036
193321,0.990518170090342
193322,0.0008158437433481573
193323,0.001206776859412429
193324,0.0005347477037626039
193325,0.001616337055643117
193326,0.016283291862027042
193327,0.0020672143260781475
193328,0.000689498447689266
193329,0.0005124536540497952
193330,0.002427897849072981
193331,0.015267251970099031
193332,0.0015021557077089746
193333,0.0012765446705927715
193334,0.0009052623829422966
193335,0.0015122430213093232
193336,0.0005387917397782112
193337,0.0004308084044873489
193338,0.0017499133688339218
193339,0.0011577145360482915
193340,0.0010725333679686819
193341,0.000695772544569365
193342,0.005827140754563826
193343,0.0006106297752887128
193344,0.001458993580188919
193345,0.0006654713478772256
193346,0.021338348670488165
193347,0.005856199636552513
193348,0.00046775136134845883
193349,0.0006244429336378052
193350,0.011192773038010787
193351,0.0007957327291273826
193352,0.0007278723205224271
193353,0.0006906030037076758
193354,0.0008019987057647968
193355,0.0009196748255901233
193356,0.009795489936700694
193357,0.0007237309629432755
193358,0.0006660002852293213
193359,0.0005608456525192404
193360,0.0005571192333234999
193361,0.0012572691915106438
193362,0.0008562201140542662
193363,0.001925730758985114
193364,0.0006863712250160312
193365,0.0006480106152226546
193366,0.004830024432647978
193367,0.001380190643520777
193368,0.0007103730421556039
193369,0.000555325586893092
193370,0.0008505091353421862
193371,0.000824539021761847
193372,0.012852188472354618
193373,0.0005689939852647684
193374,0.0007944868204851515
193375,0.0005057618345205321
193376,0.0010040055690227463
193377,0.0008962130362603082
193378,0.0005858115008914034
193379,0.001595005475825763
193380,0.0013334697288021804
193381,0.0012434605699100415
193382,0.004391363986552515
193383,0.0005221539081518232
193384,0.00195837029832194
193385,0.010903821615431202
193386,0.0034782949716724975
193387,0.0006554257443754216
193388,0.0009503258883560772
193389,0.9978048134757268
193390,0.00041528428024000804
193391,0.0013187615574119054
193392,0.0006683642300330814
193393,0.006184389302887385
193394,0.0007559734821515069
193395,0.0007412872036793056
193396,0.008385151248032968
193397,0.0017865232955627391
193398,0.010883204866496878
193399,0.010832818398385633
193400,0.001041865136996377
193401,0.0008456558754578965
193402,0.010391976203868763
193403,0.0011751585982395121
193404,0.0008093974046940256
193405,0.0005474899329169511
193406,0.0025493417900612635
193407,0.0016782021980838082
193408,0.001033502933430862
193409,0.0014370855282057427
193410,0.06519971371734547
193411,0.0007257637784134209
193412,0.004418755955362216
193413,0.002506506481725545
193414,0.0013643250511061948
193415,0.0024616209760334913
193416,0.9968784137125737
193417,0.0005255512834984248
193418,0.02314943904274582
193419,0.038697314938916455
193420,0.0011084979597248182
193421,0.00047861113955574146
193422,0.0007293080869046372
193423,0.0008854187986396705
193424,0.20128615947610293
193425,0.0005863414198117418
193426,0.003035284066214129
193427,0.000422529664348893
193428,0.0009111691930078912
193429,0.000690243865758864
193430,0.0006261934898974919
193431,0.0008474730398231266
193432,0.000827566414281485
193433,0.0005271173795282848
193434,0.0005694021048580285
193435,0.003345958051345813
193436,0.0031650990223496423
193437,0.0009170355128828061
193438,0.0036786901045416805
193439,0.017751594758428156
193440,0.00672392590386566
193441,0.0023957993335991393
193442,0.0006776199527576704
193443,0.005567688515940873
193444,0.000828440445175242
193445,0.0015481044947081228
193446,0.0011253189508046997
193447,0.0005849853333702196
193448,0.0008106593923251377
193449,0.0005090485249892058
193450,0.0006857722509209553
193451,0.0005509333437547912
193452,0.00043173146433426145
193453,0.0005825667244170873
193454,0.0009113242023941091
193455,0.0010439466952109322
193456,0.0010975834888210074
193457,0.0007907474970353358
193458,0.0005057495779569106
193459,0.0008104083928366275
193460,0.0009537965964004878
193461,0.0006390526558894607
193462,0.001186318933456984
193463,0.0006281366305796987
193464,0.00058311037266179
193465,0.008307084567269592
193466,0.0006074548590156448
193467,0.00042253609244116886
193468,0.0009581614536244075
193469,0.0008987680258016853
193470,0.0013954956918752956
193471,0.004884736696223113
193472,0.0013524542266523405
193473,0.9923793724322876
193474,0.000643190909065986
193475,0.004342233092484148
193476,0.0005019900229311217
193477,0.0004596871772605679
193478,0.0007207695159272031
193479,0.8923394963512628
193480,0.002801571566481878
193481,0.0012240625013390583
193482,0.002938149216810182
193483,0.0010986672937169251
193484,0.001021616923071921
193485,0.000623901783354489
193486,0.0007245669684786248
193487,0.00799533878529182
193488,0.0007409691509890606
193489,0.0005946754990043864
193490,0.0016507589440693275
193491,0.000862792995288473
193492,0.0009319605400892124
193493,0.0005123630012345123
193494,0.0005737837894475349
193495,0.002939668538222871
193496,0.0006460264428170161
193497,0.0039128329659438976
193498,0.005388790780407828
193499,0.029889009784846887
193500,0.0007731477450612373
193501,0.0004907013848096994
193502,0.0005888942364594886
193503,0.0008530476951859798
193504,0.000688659276883209
193505,0.0101426285163644
193506,0.018599083326376272
193507,0.0008154574546104991
193508,0.0008108860875337899
193509,0.0013943013145284295
193510,0.0012675112855149787
193511,0.003745696752804821
193512,0.0004397274702036436
193513,0.0010840282640170171
193514,0.0005856408661075856
193515,0.0012444646995398668
193516,0.014680643520400525
193517,0.0014853895984037605
193518,0.0005197554752939183
193519,0.0020785592816957967
193520,0.0053674358552005105
193521,0.0015222308839488324
193522,0.1192749625961341
193523,0.002306308801744451
193524,0.0017850257377750645
193525,0.000669443383410741
193526,0.004431191941978502
193527,0.0005242100541914318
193528,0.0018088489025876666
193529,0.15899858060719405
193530,0.002098383750678956
193531,0.0010128908438370569
193532,0.000598417801049964
193533,0.0005312407671618188
193534,0.014375568883293768
193535,0.011005914422223703
193536,0.0024405838401550086
193537,0.0010838019139904256
193538,0.000507115073263752
193539,0.00042170621671627393
193540,0.0006547814542623574
193541,0.005549859611913909
193542,0.001898272526039105
193543,0.000550940245234363
193544,0.000327004583257251
193545,0.0026317215469198003
193546,0.00131294486793237
193547,0.0008359723242647478
193548,0.0008788482926396118
193549,0.000826746014839139
193550,0.0006171706633773014
193551,0.0009571923595628068
193552,0.0006043681038117854
193553,0.009542737082296792
193554,0.005341090356023863
193555,0.0006759156527020645
193556,0.0010068798086622839
193557,0.0012518895905613296
193558,0.002446236020559494
193559,0.0007962588978182499
193560,0.0008265003176112047
193561,0.00040919536771842407
193562,0.0011879076389429482
193563,0.001342461549845285
193564,0.0021308043927651277
193565,0.0012053313111010742
193566,0.0005711004729865461
193567,0.000634421630181593
193568,0.006140501236535429
193569,0.0014226955464036258
193570,0.0007252374380410523
193571,0.001854591741017653
193572,0.006711503932314506
193573,0.00034934524366554665
193574,0.00043157613999213467
193575,0.0005140630117205807
193576,0.0007423984893274379
193577,0.0007021109033875219
193578,0.000660783689317489
193579,0.0006357988781957122
193580,0.0007029619253945816
193581,0.0014923053187564463
193582,0.002358028434328866
193583,0.0011137384057106005
193584,0.0009309034025692176
193585,0.0058148108580760765
193586,0.04110339625248747
193587,0.01385422671343686
193588,0.0007520128173619055
193589,0.0005524152785985365
193590,0.0006520301466031297
193591,0.0009094716237904409
193592,0.0007230410880495633
193593,0.0027172014557662427
193594,0.0013438357263398167
193595,0.007210434967183686
193596,0.001321027217336967
193597,0.000631057491889325
193598,0.0014911894665461155
193599,0.0005707174210930597
193600,0.0007307883083493155
193601,0.0009557037377030955
193602,0.000626987341524168
193603,0.0005102764560380494
193604,0.0004084548963513715
193605,0.02234775562946369
193606,0.005887819203690884
193607,0.008220049054430086
193608,0.9939689121244328
193609,0.0015835706597596368
193610,0.0010434877448337438
193611,0.9862882219466893
193612,0.003346177670518223
193613,0.002256587034892156
193614,0.0004968241865838566
193615,0.0012145801867623344
193616,0.001731023619830054
193617,0.006288000815543454
193618,0.0016447808456741065
193619,0.012654656582093242
193620,0.0004830715375829203
193621,0.0006588429934147426
193622,0.0009723036651156079
193623,0.0007068602180460575
193624,0.0006587654674498777
193625,0.012077124599881457
193626,0.0011514199531074479
193627,0.0030221594352387343
193628,0.0006414998741400181
193629,0.00055798505452774
193630,0.000605004619951439
193631,0.0024859498724147423
193632,0.000615640457645989
193633,0.0005900633576955388
193634,0.0008742058950500436
193635,0.0005621119931935885
193636,0.003487818034991314
193637,0.0010671931288220974
193638,0.0005209606726060366
193639,0.0011466729225666564
193640,0.9972496089344454
193641,0.001005769008165837
193642,0.0007818060199271434
193643,0.0004650337597715362
193644,0.0007664108311131995
193645,0.0055452856258808286
193646,0.0011201129502452132
193647,0.0017049957545705063
193648,0.013384060222175306
193649,0.0005416324211868623
193650,0.004478120810530807
193651,0.002607150650465276
193652,0.00037205324323653715
193653,0.0006522757332444592
193654,0.001000183650307257
193655,0.001189772295040707
193656,0.0005716398080334515
193657,0.0065464747317345315
193658,0.0011966929003553546
193659,0.00702311825804281
193660,0.0006114791692731508
193661,0.0011307555265017053
193662,0.0012831997184486626
193663,0.004391240846433431
193664,0.0008330693272333228
193665,0.0005786472831614548
193666,0.0006309178394186051
193667,0.0030964257013647483
193668,0.006598564997921183
193669,0.0006753791497812116
193670,0.0032801878493665436
193671,0.0005919065071848613
193672,0.0005230559997056336
193673,0.0046179667067487475
193674,0.0010045877605870679
193675,0.0011505782395117977
193676,0.0010033226811686838
193677,0.000432352763964981
193678,0.001181146104106115
193679,0.0006814160678630191
193680,0.0016230688557872992
193681,0.0007445626442620225
193682,0.000698132017348732
193683,0.00053729341998255
193684,0.004970462438411922
193685,0.002180543407681265
193686,0.0034292718519712403
193687,0.0032933533738095265
193688,0.0006230039604314769
193689,0.0007782615402039841
193690,0.0005386962109100936
193691,0.0004736846598050471
193692,0.0012415817207490905
193693,0.0005659612775825929
193694,0.002061289559238254
193695,0.9884709260388742
193696,0.0010059403261346485
193697,0.0007825939773625782
193698,0.0007802610739870936
193699,0.0009102530458340397
193700,0.002158861456602757
193701,0.000624933723416083
193702,0.001647883112623153
193703,0.0012115321311728054
193704,0.0013761338303722754
193705,0.012606032594550606
193706,0.0023425575674787015
193707,0.0006468759296255681
193708,0.005127074472406621
193709,0.0009464652350324637
193710,0.0021921396827728028
193711,0.07220019031890319
193712,0.0005274388995032237
193713,0.0007956023226463874
193714,0.0009561399985917741
193715,0.001080266864012698
193716,0.0031168837869952875
193717,0.001363886559680621
193718,0.0015125707707170154
193719,0.0004920571073111818
193720,0.0003980307868572443
193721,0.0005418302205212267
193722,0.0007363276324074612
193723,0.006668660440580058
193724,0.001014003590648203
193725,0.002746072030658143
193726,0.007459233020061077
193727,0.0011715991233021464
193728,0.008070149818598132
193729,0.0019340692517731866
193730,0.003899105513255956
193731,0.000882690162347455
193732,0.0006000111452768495
193733,0.0020364948450318932
193734,0.0008808101395553032
193735,0.0028161007486048224
193736,0.00048416287328395817
193737,0.0005112023182609944
193738,0.0009203788550894511
193739,0.0005697374899708216
193740,0.00048190045287972705
193741,0.003239529832373764
193742,0.004323678334368241
193743,0.0014567263789952946
193744,0.00053845050643883
193745,0.001382149021857074
193746,0.0007118737326834734
193747,0.001104838470840721
193748,0.0031053689394110826
193749,0.9970845970198445
193750,0.0008192381509115295
193751,0.001009002999499449
193752,0.0006297865351093017
193753,0.0008205007262676761
193754,0.0016477778398984138
193755,0.0005157304886595261
193756,0.000647270294611969
193757,0.0010444532320471355
193758,0.028787287931345655
193759,0.0016385419833203942
193760,0.0005530749523066193
193761,0.0005365557867184064
193762,0.0007420379872402219
193763,0.0008191574490964914
193764,0.004760321898023205
193765,0.005218345315156583
193766,0.0007552962993380996
193767,0.0005099656520208996
193768,0.0007543852073024701
193769,0.000658361384348776
193770,0.0010474115982351741
193771,0.0023718341949792564
193772,0.008277414090370378
193773,0.00043775035271479345
193774,0.0019390072879556734
193775,0.0008889837420903626
193776,0.005972148976340063
193777,0.015293625561156305
193778,0.0007766571914953645
193779,0.0008081158021167978
193780,0.0005923895191425835
193781,0.00030018129163038825
193782,0.002181443466581579
193783,0.0014263605707614498
193784,0.0027223696909668632
193785,0.0007611549321309619
193786,0.0006690957819512091
193787,0.001970862685171857
193788,0.0006695141209860058
193789,0.0026218111679652155
193790,0.0008276652291828792
193791,0.00106363349019394
193792,0.20099947645466976
193793,0.000631059363849563
193794,0.0005894961322425763
193795,0.0007997930662642806
193796,0.0028929554566138344
193797,0.9970765327047155
193798,0.011525875534151896
193799,0.0013937541722687267
193800,0.0008430026653833218
193801,0.002114347906260658
193802,0.0009658724989587736
193803,0.0008484071420396364
193804,0.0008727125619436345
193805,0.0003372034620432986
193806,0.0005386392521741073
193807,0.0029107578792260556
193808,0.000865189718203056
193809,0.0025283475628972985
193810,0.0006101233488776106
193811,0.0008948976640945573
193812,0.001194032653412798
193813,0.0005955818463204401
193814,0.0008481781348867376
193815,0.000608247971747354
193816,0.0004995928719342751
193817,0.00045837063686761826
193818,0.000967202555903793
193819,0.001959402110183622
193820,0.001214700379922596
193821,0.0003360241814593087
193822,0.001265625029457945
193823,0.001027254020336321
193824,0.00880114659383372
193825,0.0005227815086905937
193826,0.002615574916327027
193827,0.0021057413011839254
193828,0.0008860969276870158
193829,0.00046863047987443906
193830,0.0015076000665969263
193831,0.0005320132885978689
193832,0.062225126620135136
193833,0.0005430792040200668
193834,0.002880856708587673
193835,0.0034215145175284086
193836,0.0009566618908157481
193837,0.002493398485298759
193838,0.0006231339254643387
193839,0.0006339979954806427
193840,0.002801825108083509
193841,0.0005146270812154388
193842,0.0012745583313035947
193843,0.004480614477278786
193844,0.0009889336767339389
193845,0.004162333002189084
193846,0.0006976966564008298
193847,0.0003617550080639675
193848,0.0005640260587468946
193849,0.0012228501904173496
193850,0.0023466297734156226
193851,0.00048108871835147033
193852,0.0019744545091342
193853,0.006482385038196813
193854,0.030160142360104468
193855,0.0005028823306337831
193856,0.0005928521939233079
193857,0.0007085417098515786
193858,0.010669512071487551
193859,0.004210014996838712
193860,0.00059162339642336
193861,0.0018327103764095712
193862,0.004621995979327614
193863,0.0017934628944953138
193864,0.0005870243017859061
193865,0.0009338512312728441
193866,0.00047336732054705573
193867,0.000878220032227675
193868,0.09590435403262121
193869,0.0014765248289760847
193870,0.0009727791506515349
193871,0.000584331792248618
193872,0.0032522744282707603
193873,0.0012598007002783715
193874,0.0011305849892465627
193875,0.0005681921871955831
193876,0.002624417156952332
193877,0.0016013253695118979
193878,0.0005556572096896495
193879,0.0007802019124193255
193880,0.00040678476885685187
193881,0.0027211650837745053
193882,0.0010221587202365653
193883,0.0007389795628107311
193884,0.003788081964097813
193885,0.00042579943160960356
193886,0.0013778437287046892
193887,0.0006275751585223194
193888,0.0006642117249475626
193889,0.01114238161042326
193890,0.000876419436430266
193891,0.0005838489345627804
193892,0.0016587788915856157
193893,0.0027517887523446937
193894,0.0013485887533795028
193895,0.0019087022422842475
193896,0.0005145009738841174
193897,0.0008304327505529385
193898,0.00047517135286839806
193899,0.000881530134423472
193900,0.0010868276260131951
193901,0.0007635982241297292
193902,0.0005948499556631083
193903,0.0006643814225215879
193904,0.000847060589547842
193905,0.000893457379029546
193906,0.0013055017031484608
193907,0.006265855664241706
193908,0.0005128487750171496
193909,0.0008360728631441916
193910,0.000777580947743367
193911,0.0012820539621850508
193912,0.0004173300994582622
193913,0.00074860046702237
193914,0.002900699928138268
193915,0.0005976657272769722
193916,0.0003447411688225862
193917,0.0006911788153752365
193918,0.001610690237968775
193919,0.0006454525506731329
193920,0.001163008103563935
193921,0.009876113131686572
193922,0.002876157060602141
193923,0.0013284509445718093
193924,0.0005327108934315457
193925,0.0010360154559442012
193926,0.0013473960911147722
193927,0.0007304560079378359
193928,0.002415072243729135
193929,0.0007397394729144682
193930,0.0020088081881100223
193931,0.0006338075558520517
193932,0.007790722880192697
193933,0.0012381601784580332
193934,0.0007702464848992193
193935,0.000637555255455037
193936,0.6266437471772703
193937,0.0012026706620390402
193938,0.0008209338228735742
193939,0.0015927544824722263
193940,0.0010708769788662523
193941,0.001678648762408907
193942,0.0016304654154534113
193943,0.0006170083742591342
193944,0.10170289826628101
193945,0.0016130134990279359
193946,0.0014707626655739285
193947,0.0010455167933739922
193948,0.002733597844148017
193949,0.0037041693695149223
193950,0.0014609717653602736
193951,0.0008684999042876448
193952,0.0007482304709012088
193953,0.0004659851555063931
193954,0.0008214642582303415
193955,0.0011143577919681055
193956,0.0035526049425905443
193957,0.0005630859537523747
193958,0.0026310133901405386
193959,0.0012516228928153204
193960,0.0015518443466432264
193961,0.0011916555666361228
193962,0.0006277109308628846
193963,0.0006285638107960724
193964,0.02297097825623061
193965,0.0006529647182839421
193966,0.0005785658245015911
193967,0.0007394849918398287
193968,0.002159241707190867
193969,0.028599762446335497
193970,0.0007640724127757727
193971,0.0006908363408126121
193972,0.0006165312030838911
193973,0.0008514746854781324
193974,0.0006364584709236069
193975,0.0005515923926777858
193976,0.9848160252337671
193977,0.005901204691047486
193978,0.0009738552242759171
193979,0.000706481743303488
193980,0.0036449963360369554
193981,0.005554468762319688
193982,0.0009024795255048817
193983,0.005216801285551413
193984,0.0005148291521469116
193985,0.9850539925957272
193986,0.006684819058982595
193987,0.0013508897905303453
193988,0.0011710312722532537
193989,0.0010062024368687633
193990,0.0009389162543755556
193991,0.0005545928362080283
193992,0.0016704361000773945
193993,0.0015176473994197234
193994,0.0035786294217225265
193995,0.0006534008408740215
193996,0.0027328964694871014
193997,0.0008605764569009485
193998,0.0007830232965517676
193999,0.0013951974390116148
194000,0.00042299318792766717
194001,0.0008463173286904857
194002,0.0009360619721015818
194003,0.001952854744682987
194004,0.0027420827472264056
194005,0.002681863839386011
194006,0.0009001249072176004
194007,0.005110420471199922
194008,0.00045634136790186357
194009,0.0008084529066634033
194010,0.004231555439518439
194011,0.0010644350274613646
194012,0.0011256803967926421
194013,0.001054955556237285
194014,0.0020105770804842256
194015,0.00045847609311790686
194016,0.0008830834265177661
194017,0.010286638425177089
194018,0.0006206867947307202
194019,0.0008096161707321866
194020,0.0007455120537152938
194021,0.0006937238443350122
194022,0.0006031594197111246
194023,0.0005868483465697994
194024,0.0023537077969263106
194025,0.0005753293579012072
194026,0.0007271123930607422
194027,0.0008735577988719197
194028,0.00063932458954541
194029,0.0014370146429870277
194030,0.004605738512354343
194031,0.02581022098999585
194032,0.0025430985975231956
194033,0.0044172612236611074
194034,0.001892310544301426
194035,0.0009100345564709061
194036,0.0009712455858989343
194037,0.0017871505418585593
194038,0.0004900526950134697
194039,0.0006992906171876697
194040,0.0014574054806756648
194041,0.0008442366224358112
194042,0.0005947548607020766
194043,0.0010666072291237315
194044,0.00041062391341800274
194045,0.0006132408418319517
194046,0.0015187314410310237
194047,0.003252367018835502
194048,0.000557767828466422
194049,0.0013362578443381341
194050,0.026568718584605196
194051,0.0006063945597690664
194052,0.0015540691664148905
194053,0.0006063954569547307
194054,0.0007699832894905317
194055,0.008113473364682268
194056,0.0008905913197362943
194057,0.0006500219053058785
194058,0.0010241930874945243
194059,0.008129833209555314
194060,0.0005414037014594405
194061,0.036493342843228645
194062,0.0054021202303281305
194063,0.0007633246586345424
194064,0.002608023305902843
194065,0.0008086961171685413
194066,0.0005970556390117252
194067,0.0012872623137450748
194068,0.0005821363325503457
194069,0.0008131667097105394
194070,0.0005917853329254549
194071,0.0005646666796919795
194072,0.001032453824929069
194073,0.0006962880695043849
194074,0.0007510536362891207
194075,0.0006884213133744941
194076,0.0032297525326688116
194077,0.0015364062357575716
194078,0.0004895977331705069
194079,0.007907540613481565
194080,0.007903659529251435
194081,0.000984439003827889
194082,0.010470349430034331
194083,0.0008128363008675605
194084,0.0011313018004475764
194085,0.0006883911914217686
194086,0.0005643024242414599
194087,0.0007424951871681626
194088,0.0011467377859055673
194089,0.000729325741123579
194090,0.00074221838538358
194091,0.003800938815212988
194092,0.0008682335826320195
194093,0.0014061179408772994
194094,0.010866941153257651
194095,0.0013854691349948485
194096,0.0006063796443670597
194097,0.0006994616812367584
194098,0.0006106212045484338
194099,0.003212366222137676
194100,0.0008539396005374734
194101,0.0029624023851364634
194102,0.0006890322513080456
194103,0.0021356346669112007
194104,0.0024977960790824507
194105,0.0014200750051587647
194106,0.0006687287603699681
194107,0.0006514337849499054
194108,0.009621114806145819
194109,0.0015693972119260639
194110,0.0006503367791985199
194111,0.00113461050689306
194112,0.0015663722948982264
194113,0.0007266212071711116
194114,0.0026353961852802637
194115,0.0008277031706936098
194116,0.9743869497340945
194117,0.0005627285319293844
194118,0.0007902896439566468
194119,0.001139862116548842
194120,0.0005497780872240339
194121,0.0012730266086579019
194122,0.0005514392126707996
194123,0.0038657339242552558
194124,0.0008550526981889715
194125,0.0019388791239373405
194126,0.0009714813558435549
194127,0.000981657376519592
194128,0.000592126858239011
194129,0.0005633738665918534
194130,0.0009556630501566961
194131,0.0015620210820876017
194132,0.001064074778332786
194133,0.001419944490722893
194134,0.003169653131870161
194135,0.000514281019459194
194136,0.0007610136277572473
194137,0.0005581125533055618
194138,0.0013672290649760174
194139,0.0005550595632982265
194140,0.003594119865926713
194141,0.02495948861477414
194142,0.0604349688263675
194143,0.0034563985148975793
194144,0.000692443277299371
194145,0.0004959067218115441
194146,0.0008754179963748514
194147,0.0005936610210287047
194148,0.0019300572539051306
194149,0.0004975925876711945
194150,0.00305106078773693
194151,0.0005178647767735885
194152,0.000497508063127356
194153,0.004674408723759132
194154,0.9957644517628561
194155,0.0008045018800666352
194156,0.002978062770400275
194157,0.0006336737568231254
194158,0.039566784032750796
194159,0.016072532198789072
194160,0.0005104858407266343
194161,0.0006624695903126945
194162,0.0006747195728572601
194163,0.0011325613109196566
194164,0.003266818268559836
194165,0.0005095220430298952
194166,0.0006902412964299866
194167,0.007685038816954093
194168,0.012908901054765854
194169,0.0030281905694099975
194170,0.00047567182522336316
194171,0.0006544967356630248
194172,0.004545340143787238
194173,0.007704539111643486
194174,0.0007529544124403332
194175,0.0039739647934643844
194176,0.0006763744868936069
194177,0.0006007230418961216
194178,0.0008633100253306253
194179,0.00038564525971961723
194180,0.0010724441933930005
194181,0.0005049581972976446
194182,0.0014727280459890936
194183,0.0008226919940673759
194184,0.0015665327893658386
194185,0.0010863417380015477
194186,0.0014568804599840639
194187,0.9966363673419107
194188,0.0009827373919285612
194189,0.0013736286986597785
194190,0.0010367568385206438
194191,0.0017698693046128058
194192,0.00316790695338047
194193,0.0006552210761133698
194194,0.0004337876798233439
194195,0.000976890825314136
194196,0.0010337249727878977
194197,0.004159354186305733
194198,0.0010824138629665883
194199,0.0005127907517824908
194200,0.0006531152924922777
194201,0.0005165420643307803
194202,0.0046350700177928295
194203,0.0005855866392500528
194204,0.0006161689977185591
194205,0.0012143754659239853
194206,0.0009174178665424073
194207,0.003257152136271546
194208,0.0014458763988465725
194209,0.0005657401760857475
194210,0.0010647126769573784
194211,0.0007182027287099778
194212,0.005010695941039212
194213,0.0026091917367976865
194214,0.0009856993357024303
194215,0.0004250621552011112
194216,0.0008610064910325354
194217,0.004384707654653406
194218,0.0006861497144984932
194219,0.0008492011617263822
194220,0.0006619394670378825
194221,0.00047376771650501856
194222,0.0023736038625022855
194223,0.02693369677662094
194224,0.003902764090911604
194225,0.0008051575283662328
194226,0.00111778198161286
194227,0.00622277273919509
194228,0.005275097505029437
194229,0.00569305021445795
194230,0.0028520042139426496
194231,0.0019536635088568295
194232,0.011575530098577166
194233,0.0007416218027198787
194234,0.0013375327290641313
194235,0.0005031538167507241
194236,0.0007119534083108772
194237,0.006232547980847761
194238,0.0014976094402765023
194239,0.0015860704130783174
194240,0.000564937208827421
194241,0.0006124643187692554
194242,0.0004754536511209634
194243,0.002288109399757343
194244,0.004754490378291828
194245,0.0006152932135156212
194246,0.0005311569075400076
194247,0.0010279531485207192
194248,0.0009230608080477169
194249,0.011873515884273277
194250,0.0019842665780661775
194251,0.0032494433908685015
194252,0.0012638165906787902
194253,0.000999090207062266
194254,0.0010611150047126696
194255,0.007803434681778276
194256,0.0005757649819828354
194257,0.0009296660685644924
194258,0.0011202551719322377
194259,0.0006356639384841908
194260,0.0027352060602981072
194261,0.0009896061715827247
194262,0.0005038801896718381
194263,0.00240999312111232
194264,0.003479469383701883
194265,0.0005919501962728913
194266,0.004088026366126413
194267,0.0019417705737175177
194268,0.0023243394440432266
194269,0.0010093222439973271
194270,0.0007219485554614515
194271,0.0005019439874904965
194272,0.015547621902861651
194273,0.0014189010671972718
194274,0.0054116880809446065
194275,0.003812591206119487
194276,0.0035106667841830258
194277,0.0005526122540704923
194278,0.0007049248146423851
194279,0.000615888603449553
194280,0.002344181516562856
194281,0.004447977310148537
194282,0.0007140285920086641
194283,0.000658118108906676
194284,0.0007312809692666929
194285,0.0006338737849470382
194286,0.0031064826973092596
194287,0.0016912022601056394
194288,0.0025393624493947097
194289,0.0015729486429290332
194290,0.0005655964247928628
194291,0.0004074358050817357
194292,0.0010966199541262087
194293,0.0007879233438508448
194294,0.0013121202231702778
194295,0.001875702268146465
194296,0.0005674359960557774
194297,0.0006231047600907983
194298,0.0003635763552263112
194299,0.002964676604121195
194300,0.00210911242960352
194301,0.0007634210826577539
194302,0.00046201402629664125
194303,0.0022421856400413427
194304,0.0008950157259021018
194305,0.012912501829207565
194306,0.0006842441416084544
194307,0.0017778766773205693
194308,0.0011301696470272056
194309,0.006781522881904116
194310,0.0006024988427535631
194311,0.0018364397815836021
194312,0.0007385193883432859
194313,0.002203787524484812
194314,0.0007852036238019584
194315,0.0009427513413488523
194316,0.002339027394955086
194317,0.0006321354193578032
194318,0.0009198777730617545
194319,0.0010850578856697619
194320,0.003726604531918194
194321,0.12033344085218778
194322,0.0004964556499419998
194323,0.002472923198382414
194324,0.001127831203476716
194325,0.0026757347526911073
194326,0.0006001877705887517
194327,0.0005692412681292574
194328,0.0008868483795052355
194329,0.0016663626923751397
194330,0.0006749346386885314
194331,0.00046599992265264497
194332,0.000558560243751838
194333,0.0012773238928868512
194334,0.0023800515800433577
194335,0.006420886163626533
194336,0.06074383685903699
194337,0.005653930231799218
194338,0.0006738528177633431
194339,0.0017497758800953914
194340,0.0009619178223668029
194341,0.0008509747351687861
194342,0.0005070191295652034
194343,0.015820662724654086
194344,0.0011570261464434756
194345,0.003976881861199384
194346,0.0015169723529788297
194347,0.0012571562860082051
194348,0.002670597171668285
194349,0.007789901619770338
194350,0.004072120572075496
194351,0.0014617352090171313
194352,0.0005914772694705841
194353,0.0006643057015758181
194354,0.002412075538293649
194355,0.20614786269359567
194356,0.0009803023288503733
194357,0.0008297069855644228
194358,0.0012098523316022214
194359,0.0010765053585155989
194360,0.00405201803659845
194361,0.0007584510727069651
194362,0.0038170947569580813
194363,0.001756711591414548
194364,0.0006892039489401407
194365,0.000631817879719779
194366,0.00152401202109984
194367,0.0008967411427697892
194368,0.005816506170254769
194369,0.20043838553800536
194370,0.004472980490289061
194371,0.0013941220391043333
194372,0.00439435102339121
194373,0.01223934780614161
194374,0.0008461296234287491
194375,0.0014708788432993497
194376,0.0010935590162816822
194377,0.005360617344089651
194378,0.0015751038733681176
194379,0.0018506909694638721
194380,0.0004504577711822926
194381,0.0006650715025400552
194382,0.0006822916691909158
194383,0.001521055078442724
194384,0.0006137209638172078
194385,0.0007452454327848018
194386,0.000640870616459359
194387,0.0008512613122199995
194388,0.0004715674168619105
194389,0.019346647305364242
194390,0.003814293583498686
194391,0.0009384089054740583
194392,0.0006756746712722927
194393,0.001136029439148757
194394,0.000654821588625451
194395,0.002038071460776645
194396,0.0014791076736265817
194397,0.000589846218181948
194398,0.0005812352138239771
194399,0.0005517221813407076
194400,0.0005725110498995319
194401,0.0006511595985790327
194402,0.0012238651602979153
194403,0.0006126438744441574
194404,0.0005436106976893614
194405,0.0016784559145465807
194406,0.0012613411710822447
194407,0.0005949533989041772
194408,0.001559669837626552
194409,0.0014808567895951798
194410,0.011084740885320866
194411,0.0008070720325388018
194412,0.004175808827036897
194413,0.0006308792856358012
194414,0.0009202593385682224
194415,0.0007861861920536038
194416,0.07402403385287187
194417,0.0007114029851536636
194418,0.0007493394278373982
194419,0.00045187779202959886
194420,0.0006351663261833357
194421,0.0004156175556176004
194422,0.0009614321393753925
194423,0.002703051654619354
194424,0.005780582422988897
194425,0.004768026236670059
194426,0.0005836852513457181
194427,0.0027952307728411683
194428,0.0008107793857598628
194429,0.0005292963572625141
194430,0.00082568807054293
194431,0.0007720786830805244
194432,0.000518478041866006
194433,0.0005565435473637631
194434,0.004645057140583894
194435,0.0005704569554786221
194436,0.0010462150009884956
194437,0.0019035044130974533
194438,0.00045636109522646285
194439,0.0005018133293433554
194440,0.02025597822263911
194441,0.000511661485823827
194442,0.0007132406277306001
194443,0.0017408790919756626
194444,0.0010598167438437877
194445,0.0009431488888212338
194446,0.0007102270818125499
194447,0.0035537063973860067
194448,0.000568498977039092
194449,0.0005639274763741668
194450,0.0008460916103847952
194451,0.0009991460045381615
194452,0.011458402708316141
194453,0.0014214957664142503
194454,0.0009518706713835979
194455,0.014765975478330202
194456,0.00048128246241241763
194457,0.0006328584069497766
194458,0.0010670051462495515
194459,0.005855626180020701
194460,0.0008560462852234472
194461,0.004275741233486258
194462,0.0007845986725155539
194463,0.002453232279759289
194464,0.0027881495170928488
194465,0.017782106884598154
194466,0.0004720065979630784
194467,0.0006088068270246272
194468,0.0032042460397606184
194469,0.0004936233958636796
194470,0.0005743393014842563
194471,0.0013588102178645047
194472,0.0034509511329234646
194473,0.0019177548547029812
194474,0.0006104177970316919
194475,0.0036385886073731395
194476,0.00043271096145506085
194477,0.004988362419980496
194478,0.004684507707996238
194479,0.05080783214120321
194480,0.0014620942796358747
194481,0.0019725272249654577
194482,0.0002953402124009189
194483,0.0011239831853126236
194484,0.000805094012908591
194485,0.001329289451766478
194486,0.004997328960905828
194487,0.002747876431291049
194488,0.0013176084411211427
194489,0.0016517705407710968
194490,0.014971701021034647
194491,0.0009369112684258056
194492,0.004944105742495101
194493,0.000578673657190712
194494,0.025019831773130614
194495,0.0046187993458611624
194496,0.0007063999000797919
194497,0.0010731813637675485
194498,0.007958843251391474
194499,0.0014117721284442513
194500,0.0005621029372872538
194501,0.0019513363773695622
194502,0.0005949655153968296
194503,0.0006138029848645266
194504,0.0009553555613506381
194505,0.002793633709401654
194506,0.002200850685573734
194507,0.0010317256287182106
194508,0.010276415283859018
194509,0.0005597638464655986
194510,0.0013273754309493873
194511,0.0010501021644423651
194512,0.0006988726279945007
194513,0.0013229926088805894
194514,0.0008810442127971429
194515,0.000508081930576216
194516,0.0010921340352755616
194517,0.000734294586944722
194518,0.0007818188346254112
194519,0.0011412905640057263
194520,0.001335609947966314
194521,0.0005686148130587362
194522,0.0011275987455787112
194523,0.0011672739201108763
194524,0.0010722800572018616
194525,0.0006528503877419384
194526,0.0006643096661666914
194527,0.0004986867219790962
194528,0.0007449387331730554
194529,0.05733008486065846
194530,0.000770985704134407
194531,0.00044658109253522805
194532,0.001645345371409041
194533,0.0021716594105152844
194534,0.0005275771398681983
194535,0.0016102361426712953
194536,0.0038773098394953368
194537,0.0024762569339543006
194538,0.0037237826566712427
194539,0.0008917232830541924
194540,0.0006810544932146807
194541,0.001060667033924946
194542,0.001323979742995809
194543,0.0007133941703609463
194544,0.0006273100215741254
194545,0.0006279421031696317
194546,0.00047595455006028
194547,0.0007789623189689824
194548,0.0006957673633037035
194549,0.9990362520327891
194550,0.014422299995513841
194551,0.000748097308041351
194552,0.0007147638659122924
194553,0.0015099341760167232
194554,0.000584770769643299
194555,0.0007237877118345783
194556,0.0007197061216698314
194557,0.0014843961777408648
194558,0.0006210467594320421
194559,0.0005807650337236644
194560,0.0077148032052844605
194561,0.0008106393728026175
194562,0.0018532796360694222
194563,0.005685117706208603
194564,0.043589093922919334
194565,0.012533334211293677
194566,0.0010067694632471939
194567,0.0006055831449850563
194568,0.0017772509161945653
194569,0.0011435520968223001
194570,0.003947364891293645
194571,0.0004367867525540355
194572,0.0008117426636700224
194573,0.0007999114326773637
194574,0.0009031128340043859
194575,0.0006997324191406086
194576,0.0010005595738680787
194577,0.00045857621365091183
194578,0.0058232818909405805
194579,0.00048055942241071603
194580,0.000835480553504567
194581,0.009717460606527908
194582,0.0021515239404299056
194583,0.0007138911689704376
194584,0.0007602099698051332
194585,0.0006772341771610538
194586,0.0061167316149206286
194587,0.0007364007931778438
194588,0.0003503881840250714
194589,0.0034086955794887055
194590,0.0004302979843863779
194591,0.0008157629609734636
194592,0.007063074960419502
194593,0.0068980142473546915
194594,0.0005302170765999122
194595,0.000460661648574722
194596,0.0007996366830332776
194597,0.0009676797582526234
194598,0.0005962726829520766
194599,0.0006376767864111707
194600,0.0032781353872343563
194601,0.002360889545773461
194602,0.0007340449954332431
194603,0.004879050501740968
194604,0.0006877096757230799
194605,0.0066068391937072
194606,0.0008602158896114879
194607,0.0005289098427948317
194608,0.0013544210166683503
194609,0.0025564180603873865
194610,0.000803034422629191
194611,0.996222797306026
194612,0.006442820634390799
194613,0.0006187271979303269
194614,0.0005023983175985307
194615,0.0007647185154509427
194616,0.0006511835815328188
194617,0.00702638759266815
194618,0.002304026666846408
194619,0.000940092838611004
194620,0.0003567169894082946
194621,0.0007343282405293217
194622,0.0009532529578251509
194623,0.005408388264570784
194624,0.9896011210033921
194625,0.002318854078126964
194626,0.002922819163186027
194627,0.007448240819311574
194628,0.0009814940484252183
194629,0.007113773103061176
194630,0.0004553007713654201
194631,0.0010450649252080376
194632,0.005700679115921483
194633,0.0005839533918776459
194634,0.007077140315339997
194635,0.0012531073403304499
194636,0.0004720734699099283
194637,0.013851434164914158
194638,0.004578652173484615
194639,0.006478301168373233
194640,0.0011186317746385195
194641,0.0008802813399292292
194642,0.0010168649901838543
194643,0.0009381707046514068
194644,0.0008032362199245854
194645,0.0007283051433371878
194646,0.0007067530321885834
194647,0.001166626555325532
194648,0.011120769281204326
194649,0.0005156789294298569
194650,0.002542384219945198
194651,0.0009498606067633545
194652,0.0008862567904951529
194653,0.0008344193553701906
194654,0.0009056006715963844
194655,0.0005391928846426668
194656,0.0014155000472095252
194657,0.00046796518134766235
194658,0.00030801611650457144
194659,0.005617129060797229
194660,0.000715580915130699
194661,0.0009925674359935535
194662,0.0032118734058530387
194663,0.0011284691201320445
194664,0.0008464927079601079
194665,0.0008347005276711077
194666,0.0026804269341686683
194667,0.0019933181674191007
194668,0.0012755913720875868
194669,0.0027000013149577947
194670,0.14218489777217003
194671,0.0007372498928931182
194672,0.0004407773608057161
194673,0.002173146108490815
194674,0.001717436997008887
194675,0.0011121725803687917
194676,0.000547016956568001
194677,0.00581013960578503
194678,0.0018723056889237435
194679,0.0004654433951789452
194680,0.0007963000953180681
194681,0.0009383091269731819
194682,0.0006072997597317207
194683,0.0006233444322829103
194684,0.000745399769946504
194685,0.00347763541570299
194686,0.0004683750378848187
194687,0.0021659920145198734
194688,0.0005539385736074865
194689,0.0017366705363743061
194690,0.0005721685722912479
194691,0.000475704188372574
194692,0.0014472136050987117
194693,0.000887336213758107
194694,0.0004068195554600207
194695,0.0013747724078871904
194696,0.0006011842160862799
194697,0.0008222626877104987
194698,0.016311058885268626
194699,0.00353238248743176
194700,0.0006573595843695777
194701,0.004516610167998543
194702,0.0005678767861572976
194703,0.001543780873912797
194704,0.010722264031152168
194705,0.0005397791526936071
194706,0.0004601874783045184
194707,0.0010404271269795358
194708,0.0004661983343651267
194709,0.0006357819820678916
194710,0.0016790162761595112
194711,0.00036678768851165273
194712,0.0027711363687392063
194713,0.0004952268227080344
194714,0.0004568283873742488
194715,0.001385905304440026
194716,0.0005082354669902492
194717,0.00145281943799701
194718,0.0008094069388234154
194719,0.0009289208060473125
194720,0.0006347807938441256
194721,0.0008289743771986163
194722,0.9964075125235112
194723,0.0007608098156069289
194724,0.002853490314364906
194725,0.0004034351231037951
194726,0.0782976225291484
194727,0.0008127178626831763
194728,0.0018682842831573006
194729,0.0012373012881419462
194730,0.0005090837795871932
194731,0.0005141135178166048
194732,0.0007204369493668019
194733,0.0007743191841341479
194734,0.0028577085426306843
194735,0.001957642176438389
194736,0.000492563047744109
194737,0.000673976218484202
194738,0.0014137249691899916
194739,0.0005561162440152671
194740,0.002780691502060781
194741,0.0002898526890024793
194742,0.0007192492611765963
194743,0.0054543503749012
194744,0.0017286869649316514
194745,0.025795326260831808
194746,0.0007500618301672804
194747,0.0031663964709216265
194748,0.0035069627800120126
194749,0.0035328203997939565
194750,0.0007133030553942219
194751,0.0005092064147000897
194752,0.0007627032437851618
194753,0.0021493255319112786
194754,0.0009466337613603884
194755,0.0008605193268144118
194756,0.011998388919968916
194757,0.0007504386442903296
194758,0.002049665499141218
194759,0.0007473155701769973
194760,0.0013145892680667402
194761,0.001708028979396101
194762,0.0005640891085670107
194763,0.0021866485259763044
194764,0.005189792403208944
194765,0.0013349181538139013
194766,0.000500667034113896
194767,0.0008587340371426647
194768,0.0035191572877989793
194769,0.0007231801330078566
194770,0.007074114782375841
194771,0.00047476265149909414
194772,0.012832351031918647
194773,0.00735860721890274
194774,0.002046317309346769
194775,0.004630217885839342
194776,0.000965939681388781
194777,0.000998926117124475
194778,0.004934428075336312
194779,0.0012408122832812147
194780,0.005170251438032329
194781,0.000514457331657154
194782,0.0012533737348686333
194783,0.0006409309943103765
194784,0.0004077731303163117
194785,0.0006689783098650619
194786,0.027387646347918508
194787,0.0011139339032389145
194788,0.0012078324903517083
194789,0.0008934417030839175
194790,0.0039035982015570223
194791,0.0028132264939182807
194792,0.00045873653893095743
194793,0.0016481235342823114
194794,0.000614832607647909
194795,0.009418521956013611
194796,0.0013842339972069408
194797,0.0052642757905032814
194798,0.00160461032486828
194799,0.007543316021405377
194800,0.002195351294256749
194801,0.0005796448644658044
194802,0.0010609584916141228
194803,0.0030066930359663696
194804,0.0013631288331939933
194805,0.0007223113647565512
194806,0.002122350854981818
194807,0.005360816724086476
194808,0.0016720122906662054
194809,0.0006007340419073471
194810,0.0011419028312986117
194811,0.008007481643076506
194812,0.001046227603530589
194813,0.0007094094635558889
194814,0.0006003771289008734
194815,0.0005579170645792129
194816,0.003927758249884856
194817,0.0028526341685798633
194818,0.000579874939472375
194819,0.005385961976552039
194820,0.000658242046276813
194821,0.0013380738927303195
194822,0.002559144686226875
194823,0.0007213400831894636
194824,0.000979540783845874
194825,0.001356859375332754
194826,0.0005524760846680784
194827,0.001619223843647293
194828,0.0012727072584669845
194829,0.0012657412606199457
194830,0.004668307888926153
194831,0.0028802401144784077
194832,0.0007412116759354678
194833,0.0009066412784151756
194834,0.0006804360826446049
194835,0.004374739253266631
194836,0.9945505552098071
194837,0.0006290657771935021
194838,0.000682072951107723
194839,0.0005105058357202468
194840,0.0010145114247185714
194841,0.001466095810125667
194842,0.0015949528945710762
194843,0.9952961568426381
194844,0.0009075624686733987
194845,0.0009243119646432032
194846,0.000619127810253879
194847,0.0012478341108654854
194848,0.0021223876315662102
194849,0.0013644590920438657
194850,0.0005611302167938371
194851,0.0005301031745346864
194852,0.0006569701158806631
194853,0.0007146944104340151
194854,0.0005426412707884266
194855,0.006396818542629942
194856,0.0005303713951893173
194857,0.007001804625153424
194858,0.0006584194381877825
194859,0.003344354944030107
194860,0.0007321900588166868
194861,0.0028778151748195474
194862,0.00046393349948453005
194863,0.0008428193320101764
194864,0.0006058101950887085
194865,0.0004683230133159927
194866,0.000606850946035144
194867,0.001482035283494212
194868,0.013440358236874294
194869,0.0022232357589996973
194870,0.0007879633254116746
194871,0.0007463946471312208
194872,0.05468045187431966
194873,0.0022120393962645228
194874,0.020081021023414025
194875,0.0005670080543248648
194876,0.0006367676670067383
194877,0.0005940798238677609
194878,0.0005830853341744958
194879,0.0007745132511342539
194880,0.0003152965916764851
194881,0.0013210073379589723
194882,0.0006065248009432306
194883,0.004262344201437207
194884,0.008849048739050437
194885,0.000776069656012927
194886,0.0022240897045780676
194887,0.009972703492145116
194888,0.0004381271386241102
194889,0.003808771759043375
194890,0.0003837677869212538
194891,0.0005917779428148579
194892,0.0013042709684632364
194893,0.023623005577622973
194894,0.0009028512821083964
194895,0.0005835746292598821
194896,0.004081219456284236
194897,0.0016720692904971077
194898,0.000692525929802942
194899,0.0009196009696738279
194900,0.000847485628210711
194901,0.0025360417111213044
194902,0.0005943146987422294
194903,0.0007874987276366917
194904,0.0006365493920525733
194905,0.0006183867336337015
194906,0.0009497782083147568
194907,0.0009434884071419271
194908,0.0036082732333453504
194909,0.0009238371359704587
194910,0.003832806507378778
194911,0.0033220160261417777
194912,0.0038285560110109034
194913,0.006368933075300289
194914,0.0006759452986890824
194915,0.0006343202508827918
194916,0.004602186897446615
194917,0.0018391202740332523
194918,0.0027515344850888666
194919,0.001498778075606787
194920,0.0019426259308137311
194921,0.0007938358832476763
194922,0.0006235287778515422
194923,0.0006419987079289316
194924,0.0010018346192341978
194925,0.0007160390193717492
194926,0.0006276472915761248
194927,0.005843321227118134
194928,0.0007833623359406159
194929,0.015613443016744033
194930,0.0015802776780339547
194931,0.012655157500150187
194932,0.012724079803561963
194933,0.0009597061166138525
194934,0.0006477450484584905
194935,0.0006867153473935606
194936,0.0009062695009665715
194937,0.9966321843153643
194938,0.0006593114283505567
194939,0.004814172334055495
194940,0.004015198280647151
194941,0.0006392079063679623
194942,0.0006968436920156975
194943,0.00065694146106407
194944,0.0023226249100204797
194945,0.001065557495170437
194946,0.020086677384694048
194947,0.004937049345024408
194948,0.0027292326787682775
194949,0.000787564451922044
194950,0.02269943867758515
194951,0.0016326014609163823
194952,0.0004885733358517454
194953,0.003564804579066933
194954,0.0009979361905487073
194955,0.004675669987012039
194956,0.004575691411293295
194957,0.0020295584290934087
194958,0.002463981932127359
194959,0.0018729175653990507
194960,0.000572072862776006
194961,0.0006640396090464685
194962,0.0015502360517027144
194963,0.0009466650101044539
194964,0.001881917781614506
194965,0.0008215450370282141
194966,0.000648476105368802
194967,0.0014365895293211558
194968,0.003940082106748243
194969,0.005942846802523296
194970,0.007422544734348137
194971,0.0026110109398153917
194972,0.0007495978500164299
194973,0.0009811153499222776
194974,0.0006882527830472885
194975,0.0037199560335583973
194976,0.00068820809873101
194977,0.0027757213045799126
194978,0.05984256863951903
194979,0.000570621766346873
194980,0.0011512003166553849
194981,0.00041504844964379794
194982,0.0004450109400330191
194983,0.0005467226036524793
194984,0.0005821824797186757
194985,0.0009339222401738621
194986,0.0007749615000794568
194987,0.0006258292986630033
194988,0.003102646810065345
194989,0.001461581111203056
194990,0.0008015774979598775
194991,0.000583987202909851
194992,0.01769788741786885
194993,0.0016920801532937055
194994,0.0007885026749917679
194995,0.0014327595924987651
194996,0.0006924957028665597
194997,0.0020983738449647975
194998,0.001922595159445125
194999,0.0011452308160245345
195000,0.00033710384292605475
195001,0.0013704953792039718
195002,0.0006684862232864067
195003,0.0008134883358373413
195004,0.0006964116193715855
195005,0.0032546223136683122
195006,0.02432739487951297
195007,0.0013515893245463209
195008,0.0057287683416672435
195009,0.9970912386573365
195010,0.0008331349092035015
195011,0.004091767819135506
195012,0.0005053704884749856
195013,0.0031987890805860427
195014,0.0007841760453633596
195015,0.0008995541391152594
195016,0.0018382542479823281
195017,0.0006465978342542247
195018,0.0028819758613550356
195019,0.001276484284044406
195020,0.0010702175150685879
195021,0.0009091380955812457
195022,0.0007705891652808304
195023,0.0008636089663068651
195024,0.001786966627800883
195025,0.0010323530813520568
195026,0.0160756335040339
195027,0.00269686703318494
195028,0.0018321397645115081
195029,0.0029275173670576054
195030,0.003890777384529763
195031,0.04093489706094579
195032,0.0005155826001070771
195033,0.0007698376369234624
195034,0.06700800531749436
195035,0.0006478142008741976
195036,0.0006217968247091743
195037,0.006225414251600065
195038,0.0006216651437889029
195039,0.0024810420149839
195040,0.0008649746080064225
195041,0.0009524532205400052
195042,0.0010397747785921877
195043,0.0005580201807897099
195044,0.0021476503873676693
195045,0.03991665273198709
195046,0.00045268833950325084
195047,0.0008193829793456703
195048,0.0006436832701907837
195049,0.0016361737912399237
195050,0.0005303949020735075
195051,0.0031631861007377056
195052,0.002051492956428409
195053,0.0018525999421378397
195054,0.023981813738911503
195055,0.0008942342836824076
195056,0.004603699496009592
195057,0.0004534700337885944
195058,0.0006974479379349522
195059,0.0019418730313061053
195060,0.0006061176644327235
195061,0.000588986441797269
195062,0.9948936023725667
195063,0.0009573146984729352
195064,0.0006578555230832515
195065,0.0006629081280674012
195066,0.0007135139596099222
195067,0.006136677460523942
195068,0.018495205663152103
195069,0.0009567372960900429
195070,0.9900141823522361
195071,0.0006205628897374307
195072,0.0008817839255958421
195073,0.0014695519888369589
195074,0.0006572114098754565
195075,0.0010097774382328358
195076,0.005182475294815337
195077,0.004668190461881065
195078,0.0007874808579210373
195079,0.00102617206900408
195080,0.0006337704852819779
195081,0.000665517492755819
195082,0.0006081200965181992
195083,0.0010604572241447584
195084,0.0006037180782598995
195085,0.0006364285306663275
195086,0.0026019691054316204
195087,0.0005384392002164216
195088,0.0053770528440264045
195089,0.0005746424079276412
195090,0.001247523661560477
195091,0.0005477176862748291
195092,0.04126511854137533
195093,0.00041826981140099346
195094,0.000551951415575599
195095,0.028123651281914082
195096,0.0006538512271739942
195097,0.0005614197316024923
195098,0.0005305840835881594
195099,0.0007276022684038555
195100,0.004117699262248452
195101,0.001994419020813595
195102,0.010123937112859867
195103,0.0014261833356677832
195104,0.0018777867148151875
195105,0.0014380636044634943
195106,0.00633584895774383
195107,0.001268227847269314
195108,0.0005627680094215802
195109,0.0013780035784675968
195110,0.0006033284161332643
195111,0.0008948032219969388
195112,0.0017665561319205004
195113,0.0006098992282565492
195114,0.02007878699116488
195115,0.0008125416402139432
195116,0.0017596855308446323
195117,0.002294109179606832
195118,0.0023278603108315967
195119,0.0034210989578579735
195120,0.0017884100753741074
195121,0.0007669306238540914
195122,0.0006339788351360635
195123,0.017952697615599766
195124,0.0005751752161147804
195125,0.0020669386850368137
195126,0.0008769798840329372
195127,0.01338576083604729
195128,0.010255543129034733
195129,0.004434050219277967
195130,0.0008653645147179334
195131,0.0028237266329972435
195132,0.004070965425243416
195133,0.0006933945433158652
195134,0.0005254712516163716
195135,0.0003786915528070992
195136,0.00217746948893314
195137,0.0007475023344111131
195138,0.012798413941447186
195139,0.0003692595256980729
195140,0.0009654900820297665
195141,0.001290012452712481
195142,0.0005910031850458285
195143,0.0005437541944094393
195144,0.0030922605668133292
195145,0.0008039837685144564
195146,0.000639181722955709
195147,0.0005440029499125653
195148,0.0033738025990730064
195149,0.007061836461575011
195150,0.000700429838522367
195151,0.004563366359291344
195152,0.0012582752500302533
195153,0.002700505972217284
195154,0.002191530001802615
195155,0.0008427683531372924
195156,0.0014974548726982748
195157,0.00815862187562451
195158,0.0028485595579867454
195159,0.002585595361603461
195160,0.005490215782431506
195161,0.0009910941340913674
195162,0.0015278344543721628
195163,0.003177570124026865
195164,0.0005343982009753766
195165,0.005097750169111511
195166,0.045301921348048835
195167,0.0008023268811581734
195168,0.0004769923464515808
195169,0.0006048682239055938
195170,0.00042375918691940477
195171,0.0006966215643181521
195172,0.002992617189996041
195173,0.0009649285137245984
195174,0.000727375729340924
195175,0.9855941388849419
195176,0.004064334640751605
195177,0.0025945668351971952
195178,0.000681222815933037
195179,0.0005575399554006132
195180,0.000656735012880189
195181,0.0007729083925131039
195182,0.0019169232734704599
195183,0.004378337911446326
195184,0.0017817436814731372
195185,0.0005904347884262039
195186,0.0006895296056283432
195187,0.002256295146071857
195188,0.001081538372395618
195189,0.0017648568106794727
195190,0.000846245625080995
195191,0.0008348004424324585
195192,0.02358516360287985
195193,0.0007029083663886727
195194,0.0029520906277113843
195195,0.0006498538814145745
195196,0.0007610026238660391
195197,0.0013207009610981776
195198,0.0005922206313871723
195199,0.0007471360453115923
195200,0.00039960878894257064
195201,0.0005107702031193099
195202,0.0006925396233362407
195203,0.000537141531736302
195204,0.002174142787529338
195205,0.000740305477838739
195206,0.0033382465011368026
195207,0.0009888839521583139
195208,0.0007166368166901264
195209,0.0013121202231702778
195210,0.014823900609037278
195211,0.004259459400755119
195212,0.003563853860172931
195213,0.0011006305188392515
195214,0.0005098867382347641
195215,0.0006823424826416937
195216,0.0007018424313684317
195217,0.0019874271591784143
195218,0.0005914688044929429
195219,0.0006122415203612556
195220,0.004580894985783467
195221,0.006042850584896732
195222,0.0025335210139890755
195223,0.001158915766712168
195224,0.0006152914323030741
195225,0.0005643468930131517
195226,0.0005271667091766185
195227,0.0006176906345913294
195228,0.008351644761147772
195229,0.000616989139377169
195230,0.0006308592217211991
195231,0.0011259468374420073
195232,0.0014047064701153533
195233,0.0006642438326076434
195234,0.0005650856941847083
195235,0.0022321903190164042
195236,0.011638863471285479
195237,0.0008596150400715683
195238,0.0010482350904341096
195239,0.0006598492861409572
195240,0.006942367056376726
195241,0.02563590874600913
195242,0.0006646889819864484
195243,0.0005467654168221131
195244,0.0006549713354525989
195245,0.0010379014972007872
195246,0.0003594795828468139
195247,0.0006232091386859189
195248,0.0014588495791813998
195249,0.0008295812431390679
195250,0.0005499198866367834
195251,0.0005411170912148624
195252,0.0006488604966113558
195253,0.0007488227609007211
195254,0.0007336479293270226
195255,0.0006934672295987244
195256,0.0013877446784921288
195257,0.001794388341359404
195258,0.0005109158660936341
195259,0.0004933886401521543
195260,0.0015484716496732514
195261,0.0019457003034534133
195262,0.005369709074461753
195263,0.0020033573599986115
195264,0.0009430038477604116
195265,0.000627374582743763
195266,0.009247448128930772
195267,0.0009382099063264212
195268,0.000498411928868081
195269,0.0006172906164345828
195270,0.004370376772601394
195271,0.006732910287463123
195272,0.0006414925022120868
195273,0.0004212480362895889
195274,0.0006913700975605052
195275,0.0010103379323368354
195276,0.0014076453058551952
195277,0.006137459914635043
195278,0.0031796174405600217
195279,0.0019654046109951295
195280,0.0011050755823761645
195281,0.0012244385420466142
195282,0.0018211275161853788
195283,0.0008558974151415819
195284,0.026947492019323865
195285,0.0034703778093223654
195286,0.0008044202391865596
195287,0.0005655892140159323
195288,0.9940150431703818
195289,0.0007400312617159403
195290,0.011887061026722434
195291,0.0056979604235386175
195292,0.9964666554574844
195293,0.0012084504628282575
195294,0.0019890507208987175
195295,0.000803821945967905
195296,0.0019568873240624926
195297,0.002500614840666917
195298,0.0024578269797596213
195299,0.0015418703340472225
195300,0.0050907535002608344
195301,0.0007346710096129062
195302,0.002009794695983804
195303,0.0006567801729117262
195304,0.0007653828887989434
195305,0.0007203717663288423
195306,0.0015791761599421462
195307,0.003701545785985269
195308,0.0005485808731882125
195309,0.002773907320081572
195310,0.0006188217325403449
195311,0.013931170651098819
195312,0.0007547407175283274
195313,0.00235120109698856
195314,0.006399349384667891
195315,0.0025634850273587905
195316,0.0004831669793437447
195317,0.0008483988373414907
195318,0.01546356649596708
195319,0.0004125714024783843
195320,0.012899453047321149
195321,0.014770310433784095
195322,0.0029050042257043355
195323,0.0006014312799129639
195324,0.0006197507019485715
195325,0.0020315882454252647
195326,0.00043051590335034
195327,0.000529040021646285
195328,0.0005356964749513136
195329,0.9936114347070588
195330,0.0009091956057942973
195331,0.001700621505146781
195332,0.0008313285976267802
195333,0.0009751104749665918
195334,0.0007917764855909491
195335,0.0009810228135595836
195336,0.0012035239323631374
195337,0.04462793023816451
195338,0.00046580110072142264
195339,0.00178406806706502
195340,0.0008210650189362569
195341,0.00047522772080424143
195342,0.0016826438584816676
195343,0.0007064151084014591
195344,0.0003638166522136148
195345,0.0005437322899706111
195346,0.01083407368040138
195347,0.0008828754655575969
195348,0.002229192396876858
195349,0.0008627789817188211
195350,0.000741234729654655
195351,0.0016727471714205893
195352,0.000687066154517623
195353,0.0007990360410711079
195354,0.009741272266320333
195355,0.0007961053805812025
195356,0.0007541562589134615
195357,0.0006842126917122845
195358,0.0008428828004822572
195359,0.004777998705500103
195360,0.0004612128808651687
195361,0.0033804751215971924
195362,0.0008151568087605731
195363,0.000752280183416347
195364,0.0008933630529382602
195365,0.01064103686900166
195366,0.005510108410881549
195367,0.0062703675587169015
195368,0.0018326035353608068
195369,0.001963065734668912
195370,0.0005163604058013002
195371,0.001545917348776167
195372,0.0007050624091503591
195373,0.002877856301469122
195374,0.0011916064846305174
195375,0.0010261873163355507
195376,0.009752351420383758
195377,0.0013611074739038969
195378,0.006110284157391569
195379,0.001181170644306946
195380,0.0005042667429526803
195381,0.0294554231594498
195382,0.000692359348078791
195383,0.0018602833084246768
195384,0.0013497700095094084
195385,0.0006649748257878209
195386,0.00955227361100159
195387,0.0012623482701190742
195388,0.0006661987775246328
195389,0.0006468197636748039
195390,0.0007151777783969731
195391,0.0023100081762169175
195392,0.000558053537449315
195393,0.0006463742700826146
195394,0.0007656224989150743
195395,0.0006912380099037798
195396,0.001378626305812409
195397,0.0014355028424012026
195398,0.0007724373196701552
195399,0.0005201173390469202
195400,0.0007440227810830066
195401,0.0005663256519219936
195402,0.0016145790774794663
195403,0.0012269058457225097
195404,0.0006286877494414482
195405,0.0020269040696844513
195406,0.0005160246486586789
195407,0.0006155227134589948
195408,0.0006057402863044292
195409,0.000525464943345854
195410,0.9479402425690828
195411,0.0008183460426523149
195412,0.0006343496641658151
195413,0.010132007354309955
195414,0.001198389548688092
195415,0.0008765143834260412
195416,0.001980527270386085
195417,0.0006454903273487442
195418,0.007052752785760816
195419,0.0010610577256800753
195420,0.0006257875842873216
195421,0.0007051935430638454
195422,0.0021009413161661183
195423,0.0006942319853396279
195424,0.00191295656127598
195425,0.0008854968858664283
195426,0.0016678601807492317
195427,0.002575665562200929
195428,0.0007374007616117661
195429,0.0027013882334663607
195430,0.0003795881212572274
195431,0.0021892900408016194
195432,0.0016471387676807233
195433,0.0008809142506713618
195434,0.00046356059958540266
195435,0.003779470120149069
195436,0.000822652497087534
195437,0.0004060587122035291
195438,0.0007283729749167121
195439,0.002140775356140874
195440,0.0020596057854228586
195441,0.0006084224893467024
195442,0.003028695333888271
195443,0.00056678074626686
195444,0.0005964182558275946
195445,0.003014994019424952
195446,0.0018076087868794744
195447,0.00042160756853508837
195448,0.0005955169868616176
195449,0.0021240115365601738
195450,0.0005517401551947954
195451,0.0014452653512796224
195452,0.0005505259389892958
195453,0.0008777778861072967
195454,0.004106540055127024
195455,0.0008445145993890861
195456,0.0018478882626965759
195457,0.0037482703942462517
195458,0.017598309837081334
195459,0.000520245363919101
195460,0.0005555889911092865
195461,0.0006517921933034414
195462,0.0018374089172871187
195463,0.0008221802438502526
195464,0.0006605271514198819
195465,0.0013419570269507918
195466,0.00038354885116394927
195467,0.0012070326020731195
195468,0.0009186777435173282
195469,0.001917110568759315
195470,0.006490548823291397
195471,0.0007832007993631282
195472,0.0005467374647295794
195473,0.0007934029870469928
195474,0.004096399265899231
195475,0.0009834971516226396
195476,0.0008675837490467099
195477,0.0007225278409834242
195478,0.0006068182125366998
195479,0.01682790092126031
195480,0.0005141904745358846
195481,0.0005709122823040934
195482,0.0006138764288145361
195483,0.0021458639021103816
195484,0.0007114826671360355
195485,0.0009394116002728276
195486,0.0007211504591925798
195487,0.0006130672797690194
195488,0.0014260650373048751
195489,0.0008818935883526187
195490,0.0017848029062789597
195491,0.036371075666396
195492,0.0006027967797720291
195493,0.0005835879329076756
195494,0.0004507071395450326
195495,0.0011011831890999444
195496,0.0007470735679907649
195497,0.0006806907347737573
195498,0.0015422299300529626
195499,0.001178194950155117
195500,0.0006319767970031516
195501,0.005424719505255026
195502,0.0015606413425025456
195503,0.0036014399769203433
195504,0.00048600067053605045
195505,0.0006833347461323515
195506,0.0007813302348639274
195507,0.0006013105577845546
195508,0.0009478690276315839
195509,0.004750485212041699
195510,0.0007709758397330015
195511,0.004501753229259043
195512,0.0009465388239100922
195513,0.004117151799729009
195514,0.0006467882287219599
195515,0.006339915154886388
195516,0.00066774928424722
195517,0.0005369227686474542
195518,0.00091828372952328
195519,0.002138451697913001
195520,0.0009667992747713387
195521,0.002300980829067659
195522,0.000714880124748672
195523,0.0016510984068647467
195524,0.20050171802654915
195525,0.0004950611040897569
195526,0.0007729628315075177
195527,0.006457625422369971
195528,0.0009011893850758186
195529,0.0009297667496964888
195530,0.0004712819800436962
195531,0.9491707323398705
195532,0.0024901181003972777
195533,0.0004757024287676545
195534,0.0010474652498896073
195535,0.0005269856196499608
195536,0.0022319281691443203
195537,0.0018113899479456704
195538,0.0027806682664192027
195539,0.0011303273670823966
195540,0.010349595864325862
195541,0.0004982103418201896
195542,0.0011383598850023414
195543,0.0008900880361527608
195544,0.00188003961384568
195545,0.019045426836492303
195546,0.001111119304963954
195547,0.000773283808918145
195548,0.022443193292963758
195549,0.0007703942661497483
195550,0.0006382221503398086
195551,0.005641140096505645
195552,0.002309997791549199
195553,0.004807982507066287
195554,0.0004992982964498339
195555,0.0005970070019709365
195556,0.0008041895495617012
195557,0.0025292715436254117
195558,0.0010921415533414872
195559,0.0007643219719021014
195560,0.0012185538398571138
195561,0.0006785573085170257
195562,0.0005399348859159184
195563,0.0006331662924537688
195564,0.0007267481765437617
195565,0.0007845359037799473
195566,0.0007426372262887003
195567,0.0016517791874846523
195568,0.00045786264524186
195569,0.0021888359676968516
195570,0.0016446715135622824
195571,0.0005739876439915876
195572,0.002998608045187638
195573,0.0004350186208326651
195574,0.0008396776975581508
195575,0.0006645500311341305
195576,0.0005820056581905873
195577,0.000510059208944305
195578,0.0006012589487549137
195579,0.0006717238034489521
195580,0.001946197594991346
195581,0.0005634484516435699
195582,0.003355078827913939
195583,0.012795823132573854
195584,0.0009348753118070142
195585,0.014424881881870643
195586,0.0005785627420443502
195587,0.0009631560246707298
195588,0.000515512156792263
195589,0.005571604874587259
195590,0.0005518111431550575
195591,0.0004805346765906956
195592,0.0007459671196181222
195593,0.0008616589634238015
195594,0.0017860148495652665
195595,0.0007596344181196305
195596,0.0006257673038912832
195597,0.00092331955197063
195598,0.0008694992517405114
195599,0.008141504542132177
195600,0.0076131604712244266
195601,0.0005875541593886681
195602,0.0004900090277529843
195603,0.00039357215057978163
195604,0.0011178925835065396
195605,0.00047766073794083184
195606,0.0007199167310742171
195607,0.02875569546969127
195608,0.000759058350589419
195609,0.001170801291015588
195610,0.0006054090262386689
195611,0.006103003149792967
195612,0.0018535878085359878
195613,0.0017087187571879327
195614,0.0013181638686313732
195615,0.000539728392587327
195616,0.0013206634429743854
195617,0.006328544701931209
195618,0.0010329298242673984
195619,0.0013792125665683518
195620,0.0013248819104837916
195621,0.0015811673488106764
195622,0.0010148901427416226
195623,0.000929468861180157
195624,0.0036971185748828793
195625,0.0005459749781813137
195626,0.0016186480646503975
195627,0.0005938020423674221
195628,0.0032986360899823165
195629,0.0006539918631397228
195630,0.0012051260779464737
195631,0.0017323792246358913
195632,0.000595333244244615
195633,0.0009554958829352773
195634,0.0032476064321614122
195635,0.00994105201349749
195636,0.0007411918600256291
195637,0.001037231663618231
195638,0.0007188349810513075
195639,0.008412094547687503
195640,0.0014130886794265175
195641,0.0006103834754233638
195642,0.0005795646827085083
195643,0.0006996291492526998
195644,0.0006189545135362601
195645,0.001412218878719145
195646,0.0006256909051019762
195647,0.0007833143608082904
195648,0.005930663606318113
195649,0.005051412609294138
195650,0.0006588367302133766
195651,0.00046184209457218565
195652,0.0073674976600849405
195653,0.0007055266802600488
195654,0.0006727421946215587
195655,0.0026492289967509223
195656,0.0005724487645844165
195657,0.0010204562773337882
195658,0.0004458624350320362
195659,0.0006084970372646177
195660,0.000651214595957171
195661,0.0011878413294109562
195662,0.006057800950230225
195663,0.000748729172456354
195664,0.0008767935009551089
195665,0.0016308870999300214
195666,0.0010958128748451673
195667,0.0037467326486902474
195668,0.0043370123114055865
195669,0.0012540146407732647
195670,0.000375434992426348
195671,0.0007488578292028569
195672,0.0007618868452140791
195673,0.0007916458388853693
195674,0.9981097471053474
195675,0.0019458667136682173
195676,0.0008592601583914099
195677,0.001856160061375767
195678,0.0007608580504941821
195679,0.004128900759546259
195680,0.0011387916815667023
195681,0.0004378804030487152
195682,0.0007594386816379573
195683,0.0006465452612391616
195684,0.00046596940586245914
195685,0.0005778374211521983
195686,0.0033908260142933794
195687,0.9946892658766696
195688,0.9812174643971201
195689,0.004635878584443737
195690,0.0006289996088421361
195691,0.001966542706239841
195692,0.0004320603362904129
195693,0.0019335038083049896
195694,0.060805547636090654
195695,0.001716489190146814
195696,0.009233488628439613
195697,0.0013182032475235884
195698,0.0007546719017911439
195699,0.000805960161807205
195700,0.0008151829463649236
195701,0.00039376081540214657
195702,0.0028769391952441267
195703,0.008085196562092334
195704,0.000673528731561679
195705,0.0007216468009228669
195706,0.0030716850256756385
195707,0.0005595614361579391
195708,0.001991238109806757
195709,0.0007476735364352939
195710,0.0018383956537596923
195711,0.003434155056579154
195712,0.000741149134454164
195713,0.0029515121181433175
195714,0.0017646309072240768
195715,0.0027841143948589466
195716,0.005163821729844826
195717,0.0013310868133778195
195718,0.0005768454250797669
195719,0.00106984809013059
195720,0.20236259357955516
195721,0.0005812850856345557
195722,0.0005116711950589312
195723,0.0006227515748624624
195724,0.0007764496188291772
195725,0.0006211366951795311
195726,0.0005462107287295501
195727,0.0007343726170903805
195728,0.002044478139098466
195729,0.0018357906422847938
195730,0.0030406676497035244
195731,0.0005788343765109468
195732,0.0013088238506854455
195733,0.0032370885939285695
195734,0.0006450861025466639
195735,0.0008771720816520467
195736,0.0005516949133748198
195737,0.0004249663440502868
195738,0.0053277246697603356
195739,0.000906044687736579
195740,0.0015290922561786735
195741,0.002820772183440175
195742,0.00034646797176684314
195743,0.005513819516550222
195744,0.006413053155075276
195745,0.0008472229880316321
195746,0.0008539694727484159
195747,0.007444527402933646
195748,0.0011780645807540602
195749,0.001680353647814022
195750,0.0010406735823459653
195751,0.001163705272196325
195752,0.002987431199991035
195753,0.0009591594280278208
195754,0.004355768618282934
195755,0.004782090316984622
195756,0.0010453402068113403
195757,0.0005124674537543219
195758,0.0007058182100198042
195759,0.0005964369976532421
195760,0.0008288196387505639
195761,0.0005748947719616943
195762,0.006191053384868176
195763,0.008707061235557652
195764,0.0004348433153637725
195765,0.001866016831498851
195766,0.20120098582067866
195767,0.01749162601437611
195768,0.0013810823848527738
195769,0.0014954883636600894
195770,0.0010275306595516312
195771,0.006351051718046414
195772,0.0009667382617262511
195773,0.0005454966448682427
195774,0.00045185223518614225
195775,0.0009018417847809371
195776,0.0011722174283122916
195777,0.000561343899065603
195778,0.0013706974497936578
195779,0.0033991704420380164
195780,0.00044393115210974207
195781,0.0009383615323348716
195782,0.0005320570882287027
195783,0.0010418372015754207
195784,0.010329871194770824
195785,0.0004772355919380805
195786,0.0007061249523009348
195787,0.0005482056928867824
195788,0.000570004405674368
195789,0.0013798056834107841
195790,0.003064597633242128
195791,0.0018289218891327183
195792,0.0005212802987617634
195793,0.005760928716895621
195794,0.0006093182943123554
195795,0.9960341008609379
195796,0.0014858374007198634
195797,0.0005565688922539449
195798,0.001044559598931281
195799,0.00045051807854053905
195800,0.0025283415466764146
195801,0.00911660853878848
195802,0.0009353588134200302
195803,0.0014346063345723262
195804,0.006551294070044664
195805,0.0005737718501499926
195806,0.0007597130223271752
195807,0.0011330287412986023
195808,0.0005963931521217136
195809,0.008037191716129335
195810,0.00047562719695765223
195811,0.0005096372935443807
195812,0.0005026247242896138
195813,0.0004829390129088664
195814,0.0007177283058963247
195815,0.006096813991025541
195816,0.001321896074383738
195817,0.00908438078049752
195818,0.0005804796186988796
195819,0.0008134050505485908
195820,0.00046873460468030805
195821,0.01609137996872367
195822,0.0007237124012307256
195823,0.000751478627311914
195824,0.0014436451229816521
195825,0.004629663462094159
195826,0.00074015775893868
195827,0.0007310300869586553
195828,0.0006758272659189175
195829,0.0038316533182334777
195830,0.001040723288008484
195831,0.0014294458073101758
195832,0.0004431551683734398
195833,0.0006139212037725177
195834,0.0005733278253237068
195835,0.011809554460584609
195836,0.0007039662594445307
195837,0.004784385067520056
195838,0.0017239180490791774
195839,0.0003754642186635421
195840,0.0013936119276383048
195841,0.005761428630693084
195842,0.0009168504853821465
195843,0.0004916480404259071
195844,0.002229204983592215
195845,0.000567251435526236
195846,0.0025277918182368296
195847,0.003354349098542759
195848,0.0005911421984120383
195849,0.0005241866156083981
195850,0.004458629701732112
195851,0.0009518130407760836
195852,0.9971172148926626
195853,0.0016674626756177553
195854,0.0010218044926941028
195855,0.030361407958785162
195856,0.007747531656933121
195857,0.0008285331134825132
195858,0.005357691621703105
195859,0.0005685441132554151
195860,0.006234872175933964
195861,0.0010101806059828453
195862,0.0008130509612519032
195863,0.001387028240203065
195864,0.0005641400759149331
195865,0.0056106508718107954
195866,0.0007293115681943722
195867,0.003015109873852376
195868,0.000551005845213975
195869,0.0025138642646550095
195870,0.0008098660393961166
195871,0.002384835754945874
195872,0.0004607071030720483
195873,0.0007396828697858948
195874,0.0045122286578121035
195875,0.0021976449620646566
195876,0.003643722343802617
195877,0.0008749887259626552
195878,0.0005676669030187032
195879,0.0006752248638090006
195880,0.0013071277807557209
195881,0.0038274780445296417
195882,0.0003808415356153502
195883,0.0004913989846221672
195884,0.001332845901458885
195885,0.0006566175282661197
195886,0.002142783861090146
195887,0.000517810580480672
195888,0.00220999884686644
195889,0.0021871676891066557
195890,0.0016593618976452106
195891,0.002090095014702717
195892,0.0026319083923951048
195893,0.0007109037304121845
195894,0.003250829104160468
195895,0.0039722269473548115
195896,0.0008804091174961221
195897,0.0007928363601209336
195898,0.004477644682620784
195899,0.0009335419906257148
195900,0.0013249745354465526
195901,0.0018860635556701864
195902,0.005739195261292266
195903,0.0022385818154193275
195904,0.0006871672845334086
195905,0.0006734131829184259
195906,0.00046631178985797586
195907,0.002975359185447172
195908,0.0013127994254094684
195909,0.0030616976205345733
195910,0.000622584396583984
195911,0.0004724649797746283
195912,0.0004024884651175921
195913,0.004445339284319257
195914,0.0007289424855632523
195915,0.0012201923870757596
195916,0.0007376990443318636
195917,0.000746904666465209
195918,0.0008399086999359648
195919,0.0476561299959085
195920,0.0011643344363231473
195921,0.000582529942867849
195922,0.0009153453898691857
195923,0.0013266512896224262
195924,0.0013733655135323452
195925,0.0023989303544884747
195926,0.00967280375719168
195927,0.0006775366331381195
195928,0.0010695452328871166
195929,0.012307273780746166
195930,0.0005849218593084203
195931,0.0010561850327795407
195932,0.0007233500055257427
195933,0.00038502354347648334
195934,0.000518477131256219
195935,0.0003801559175219338
195936,0.000765141928544436
195937,0.0022106624146860133
195938,0.000654331702438607
195939,0.0013406351677916772
195940,0.0006037376870755496
195941,0.011652986001973927
195942,0.0016573624384370422
195943,0.001393263195427699
195944,0.0005724261642553807
195945,0.0010343053635634802
195946,0.0006373641545295178
195947,0.0028059656031382925
195948,0.0008803893028631257
195949,0.0007563807456955232
195950,0.0009353741196733915
195951,0.0004448104990729776
195952,0.0034858053786346703
195953,0.0007605163485380559
195954,0.000938889085754702
195955,0.0012835292145712478
195956,0.004019548112079198
195957,0.0007205980600717174
195958,0.015495169147482318
195959,0.000396092497899017
195960,0.00313312409412371
195961,0.0019728293623481304
195962,0.0004836735479223386
195963,0.0022687770552162886
195964,0.0011164615180818845
195965,0.0007635967825821957
195966,0.0010037935164144613
195967,0.0038422892076294146
195968,0.0008742567363036821
195969,0.0024066849879799098
195970,0.0016101336569628326
195971,0.0006385618205406545
195972,0.000486205710885534
195973,0.0010161045452341672
195974,0.009448998544991833
195975,0.003296313570752305
195976,0.0008136159475120858
195977,0.0009113613115445693
195978,0.0057367733284932896
195979,0.0009412054143637265
195980,0.0009007135552917191
195981,0.0010755425385058637
195982,0.0004501313164503524
195983,0.012335930595956529
195984,0.0008109856629508565
195985,0.003447071159109139
195986,0.0027716861691825037
195987,0.0005135887658966843
195988,0.001502164988566474
195989,0.0014583066380570702
195990,0.0006848996717565301
195991,0.0014548375256782822
195992,0.0008580925084700587
195993,0.006193164638306594
195994,0.001305085861150519
195995,0.004352260954010215
195996,0.001279536561590201
195997,0.0015256506371622547
195998,0.004566337012442145
195999,0.002755851635340276
196000,0.002428307551973908
196001,0.0006271841166949051
196002,0.0004789585786984835
196003,0.0005719615219418831
196004,0.0008349246316968345
196005,0.0008632835459436148
196006,0.0005878087710433977
196007,0.0007923639599384535
196008,0.0014604850467549498
196009,0.0006255728512051515
196010,0.0035207771185259843
196011,0.0008377378490521055
196012,0.00038044396454381705
196013,0.001259070154792219
196014,0.996581102550798
196015,0.0025605643179292263
196016,0.0007442907103091217
196017,0.0007995044600643243
196018,0.00122293614922339
196019,0.9914502998347376
196020,0.000694134621712262
196021,0.000808370513140867
196022,0.013417755274727598
196023,0.001579640971531054
196024,0.0013091199795096547
196025,0.0006352534272243475
196026,0.0007608731086698787
196027,0.0010916314408423297
196028,0.0008162778781052724
196029,0.0006160832523459325
196030,0.001333232368757726
196031,0.004460943574401386
196032,0.003369982636530851
196033,0.0005736439011628119
196034,0.002332785710307602
196035,0.0017046227397770454
196036,0.004813418030290588
196037,0.010381171257064952
196038,0.014515020035580337
196039,0.004947329407365338
196040,0.0008360421416731829
196041,0.005090573208865856
196042,0.0007642271520060385
196043,0.007914414755104553
196044,0.0009650264816378404
196045,0.0025155370297011603
196046,0.0008924990169566086
196047,0.0009402753606304362
196048,0.0005655440307459612
196049,0.0007358782642590473
196050,0.0020039805942915555
196051,0.001287623196112096
196052,0.08939979485945554
196053,0.0005403792556159791
196054,0.0005201677242161963
196055,0.0008763424212803428
196056,0.0007922244478589331
196057,0.0005790887460872007
196058,0.0010979994985064038
196059,0.0005651341072118351
196060,0.0006932170573462927
196061,0.9979291889219102
196062,0.0006439869491629064
196063,0.0008944729384182536
196064,0.0005827064041953907
196065,0.0007830346595584436
196066,0.0004541405319873504
196067,0.02847158699087183
196068,0.379148139890186
196069,0.0005891763071833795
196070,0.0012349623485163658
196071,0.003105333245203138
196072,0.000510875704464143
196073,0.009115729794090852
196074,0.0010337561887949292
196075,0.00039252717550099193
196076,0.0236986584804227
196077,0.006120126297007241
196078,0.0020055479865398545
196079,0.0006044037522446705
196080,0.0006069629910820794
196081,0.001495731813701682
196082,0.00047267851854458463
196083,0.0006020273234518421
196084,0.0008768205587768368
196085,0.0008539074502604731
196086,0.007288028524445761
196087,0.01673406970041815
196088,0.001571514676752908
196089,0.006098034789117595
196090,0.007279977811842423
196091,0.0008591557891509181
196092,0.0013140259138444232
196093,0.010591820914780233
196094,0.00045842403986078815
196095,0.027289134084558853
196096,0.0009936258809704478
196097,0.002771487755992533
196098,0.000505857789145129
196099,0.0008492528335809384
196100,0.0025196989809920496
196101,0.0016085036763803329
196102,0.009511325188716602
196103,0.0006407747492552193
196104,0.003813789474365531
196105,0.0007218717324841951
196106,0.009590241779966775
196107,0.000421850632599125
196108,0.001680300700913808
196109,0.0010377508641284416
196110,0.003100042468814049
196111,0.0008516517077751356
196112,0.0004070574098148444
196113,0.007518146084501223
196114,0.9974835495976893
196115,0.0019231559200858365
196116,0.0007874264561664194
196117,0.0005612727642577755
196118,0.0026814002723654414
196119,0.0003944600317121772
196120,0.0006408614769017394
196121,0.0004943137536677089
196122,0.0007694444170813931
196123,0.0008710858270923502
196124,0.0005037324847963439
196125,0.001177783114884005
196126,0.0006158602335882637
196127,0.0007397082412150765
196128,0.061727232739789334
196129,0.000367036931388085
196130,0.0006361257959275994
196131,0.0009262044696846329
196132,0.005019956857016835
196133,0.0004946648083513221
196134,0.0007533017858458866
196135,0.0008992050173339929
196136,0.0006387465330512681
196137,0.000803120555117363
196138,0.009571768763836835
196139,0.0006871395130856013
196140,0.0014385307039156748
196141,0.0013330031031334993
196142,0.013983415497938651
196143,0.026555019257221826
196144,0.001463199227972355
196145,0.0017725470040450921
196146,0.01025936716573791
196147,0.0006022853154738313
196148,0.005090481245247571
196149,0.0043950623824267916
196150,0.003632287996919427
196151,0.0005835853139573664
196152,0.000981273828015171
196153,0.0010084561847807352
196154,0.0006464133309615124
196155,0.0006559340112984464
196156,0.010360901782084073
196157,0.994313204828208
196158,0.0005261116557535926
196159,0.0006855427282728096
196160,0.0016469304988633983
196161,0.0007844462473040419
196162,0.0032253096524919827
196163,0.0012430803758021868
196164,0.008748640231754222
196165,0.0009234294162572143
196166,0.004946005501689694
196167,0.0013461715309730684
196168,0.0005721224047802866
196169,0.0006332778326431521
196170,0.008132993518225802
196171,0.0022908189426651586
196172,0.017710716518372995
196173,0.0006736035799080327
196174,0.0020896205342205614
196175,0.010106373458201232
196176,0.0005388773047872444
196177,0.00112683920554168
196178,0.0010896219399693402
196179,0.0015833061201807426
196180,0.0006663173201640085
196181,0.005420707594722808
196182,0.0019523299118198263
196183,0.0810890160520312
196184,0.009386309219735343
196185,0.001160577714342943
196186,0.001319115449501406
196187,0.0012550377022148326
196188,0.000808899383516427
196189,0.0017780458567416846
196190,0.0007449548366662933
196191,0.0007645577328040203
196192,0.0050141514198505845
196193,0.0008611740206728228
196194,0.00255724353450457
196195,0.0008633758413395952
196196,0.00203531851652561
196197,0.007062403507449181
196198,0.0013919085338066407
196199,0.004766182579990978
196200,0.0004339357809574987
196201,0.20044334537510228
196202,0.001396035619274534
196203,0.0006815041742296515
196204,0.9943271244373353
196205,0.010370461178782157
196206,0.9959426128104109
196207,0.000531495442182279
196208,0.0006747291893001384
196209,0.008627285508534976
196210,0.001804302146747035
196211,0.0004402422966513345
196212,0.0036716940438561475
196213,0.0008455878020684703
196214,0.0006495802464211869
196215,0.0005944305413785696
196216,0.01367815607340531
196217,0.0009045962576321427
196218,0.0007894247266296815
196219,0.001558310591621587
196220,0.0013748111313667494
196221,0.002710052577157642
196222,0.000698218554983365
196223,0.0015032116665867966
196224,0.00046847258817302504
196225,0.0007582502328521868
196226,0.0019661952110149312
196227,0.001102700888512303
196228,0.0013568462993128068
196229,0.0005421802139607579
196230,0.0016828424093489856
196231,0.009475090825898196
196232,0.008088060825495652
196233,0.0007220641059828355
196234,0.0008002129765426711
196235,0.004423346138088963
196236,0.00077137840688824
196237,0.0009589525490417735
196238,0.001289804435540893
196239,0.009933823547268756
196240,0.011643908133644576
196241,0.0007909735924556188
196242,0.0026182779860850266
196243,0.0016454683243234778
196244,0.00175465874641235
196245,0.0007961035315912142
196246,0.0006355254963815771
196247,0.001813385572933468
196248,0.0008339083277084751
196249,0.0011323221523258527
196250,0.0011329127964635878
196251,0.0005940391240757697
196252,0.00041852549422967866
196253,0.0006855081333570971
196254,0.10668732311237315
196255,0.001582168669025536
196256,0.0014627508932537208
196257,0.0009351263248632536
196258,0.0013379689116234028
196259,0.00058845831459457
196260,0.0006053677021350964
196261,0.0020582888304630704
196262,0.0007937084074794336
196263,0.0003240850281611867
196264,0.00678926533726837
196265,0.0012314640354011324
196266,0.0023745095549975947
196267,0.017902722254683034
196268,0.008925604283674452
196269,0.0037389824832581935
196270,0.000634045078635369
196271,0.20103925957319643
196272,0.0009389777257135004
196273,0.0005702672728797588
196274,0.003780100372035272
196275,0.0013435615656925506
196276,0.0005851064450819762
196277,0.0008370902119502911
196278,0.0006801765105123375
196279,0.004206021319836944
196280,0.00038540236682676625
196281,0.022420128361986744
196282,0.00415133950085996
196283,0.000451504337352018
196284,0.9971025226498039
196285,0.001045727639655076
196286,0.002662173273419571
196287,0.0005893870075963162
196288,0.0017296642473484903
196289,0.00137244371305387
196290,0.0007004110087707076
196291,0.0006725362716692848
196292,0.00362206068780755
196293,0.001961680512885009
196294,0.0005566295179954473
196295,0.01693074128352499
196296,0.0032433819677229374
196297,0.0005210923675804115
196298,0.0019397618065708183
196299,0.001841634185769353
196300,0.0018594203583522282
196301,0.0017779546151770326
196302,0.00612416324317652
196303,0.0007226979599608392
196304,0.006871576652567949
196305,0.0025260483579573625
196306,0.0004165426535842938
196307,0.0007214461513485326
196308,0.005605470099060006
196309,0.0005480886449968851
196310,0.0011363943147935816
196311,0.00598767533987952
196312,0.002630580845710418
196313,0.008853159827124271
196314,0.04675405076454569
196315,0.0010135664323777786
196316,0.00033357220230208694
196317,0.000729057286476296
196318,0.0008163099019361142
196319,0.005933663396881682
196320,0.0020512515673490094
196321,0.0021317348190682817
196322,0.009045265093016808
196323,0.0010451942133842195
196324,0.0009196263482953445
196325,0.000943045845291653
196326,0.007322639205249382
196327,0.0006603243310694541
196328,0.003920997168432113
196329,0.010073305818697803
196330,0.000542292184749089
196331,0.023068253121345063
196332,0.0005154670740647655
196333,0.0011394156307401224
196334,0.0006753817710300781
196335,0.0007124201315633894
196336,0.000509037669502676
196337,0.0005643379835766434
196338,0.0025938806689766946
196339,0.0013642891079162468
196340,0.001794240990924195
196341,0.0004794126776830286
196342,0.0008561538373938482
196343,0.0007261822264535429
196344,0.0033867844690497477
196345,0.1472186399142092
196346,0.00042911229535033804
196347,0.10659693061118511
196348,0.0009427752883570771
196349,0.0005417786446299392
196350,0.004479294968879156
196351,0.0021163636855754033
196352,0.0005348318728435307
196353,0.0065331543170876315
196354,0.009493140211011209
196355,0.0016877902816714678
196356,0.004725412427389683
196357,0.0005442774957448754
196358,0.000802698745643234
196359,0.0010068432439942132
196360,0.0005548242083708412
196361,0.0007806225955311509
196362,0.0007559032983927337
196363,0.0007124727138705142
196364,0.003193341210159335
196365,0.0010950187745839533
196366,0.0006601634950032213
196367,0.0007831674840407339
196368,0.0007394282854670745
196369,0.001707168447334811
196370,0.0023350994554987435
196371,0.0007599359438329133
196372,0.008866239916494774
196373,0.0009725877548769646
196374,0.000452165299512938
196375,0.001026661820093163
196376,0.0019398656828559684
196377,0.00771975328711852
196378,0.002432465210281635
196379,0.0008183122367212338
196380,0.00042872561982611456
196381,0.00143977836026202
196382,0.04031610629107397
196383,0.9972814109478826
196384,0.012419674732775412
196385,0.003998664635675434
196386,0.013363975037849031
196387,0.0006798565045050531
196388,0.001206647367406409
196389,0.001469168100857628
196390,0.0011337699059300987
196391,0.0015867122685129297
196392,0.001134031917417447
196393,0.0006329818700978933
196394,0.0004346608977345086
196395,0.0005354122063254666
196396,0.9969982621734859
196397,0.0008664063490833674
196398,0.005397202267365968
196399,0.000477528869861642
196400,0.0007679199815156855
196401,0.0013708242436690002
196402,0.0019648477551716804
196403,0.0006487818280091894
196404,0.0005880923243340224
196405,0.9977372239013915
196406,0.0038981749194102206
196407,0.01702110461249119
196408,0.000496997789801206
196409,0.07965522704917923
196410,0.0006961022283373333
196411,0.0005020855264467906
196412,0.0010600976087052477
196413,0.0037278246064973986
196414,0.032998229822151934
196415,0.0004932829872414853
196416,0.003131514855910565
196417,0.001022348546187648
196418,0.9971475204651317
196419,0.0014774809412715175
196420,0.001214016165170828
196421,0.0045627668204392706
196422,0.07998759344027784
196423,0.0011861717075307393
196424,0.0027987450259334525
196425,0.0009100818320759451
196426,0.9954632837155918
196427,0.0006638244386430391
196428,0.000795588447458116
196429,0.0005157274587792209
196430,0.012423079517541909
196431,0.003046538130456306
196432,0.0019406925233042666
196433,0.0017615102831732476
196434,0.0006399071463994564
196435,0.0007273570862702046
196436,0.02230682189400582
196437,0.00214808861575753
196438,0.00248687563901397
196439,0.0006757600005815838
196440,0.0014150485605575478
196441,0.007940505474795833
196442,0.000718133717664884
196443,0.0007845214405411729
196444,0.0017881641105877578
196445,0.0029094799567452043
196446,0.000830179206520018
196447,0.007177568860527495
196448,0.0012840265670979384
196449,0.0019597264451855683
196450,0.00124291264149436
196451,0.0004665054056607429
196452,0.0015050658127164175
196453,0.008377283500715439
196454,0.0012693047424565916
196455,0.0004515191994486213
196456,0.000597203697655798
196457,0.0004826062912055842
196458,0.005285367391560488
196459,0.00108739624482831
196460,0.0004180052736691989
196461,0.0030001281465876738
196462,0.001891787649059378
196463,0.0004331781990227305
196464,0.0034625428637157325
196465,0.0004168348173002006
196466,0.0005939620871242109
196467,0.0010321258986553965
196468,0.003304021988391741
196469,0.0007244932933725911
196470,0.0004940698234201775
196471,0.002520343623637918
196472,0.9977369754187844
196473,0.0005577142195936893
196474,0.0005831832479177601
196475,0.027204301863706502
196476,0.0004698470078982945
196477,0.0011978598011013553
196478,0.0025695087986629173
196479,0.001748174852922885
196480,0.001393230713674097
196481,0.0005138746775889658
196482,0.0008329067143350333
196483,0.0025899729621345065
196484,0.0005495741233582118
196485,0.0005412397034633722
196486,0.0014435056347595601
196487,0.0019002889913594702
196488,0.0011153972665346702
196489,0.000898380208313204
196490,0.0004911089657499896
196491,0.013772826930996452
196492,0.0018287779172179376
196493,0.0005260262922685497
196494,0.0008733758976842038
196495,0.0009726022297579608
196496,0.007534083471122741
196497,0.0006737393599553618
196498,0.0005615318690147166
196499,0.0008583636353535623
196500,0.000843458588859664
196501,0.019501289970095235
196502,0.0013031257121520878
196503,0.0006003136889165496
196504,0.0004995114757832905
196505,0.0006638667751676361
196506,0.000641504781679057
196507,0.0007493941206181242
196508,0.0009533042896985527
196509,0.0005854468354325452
196510,0.0008963260248762938
196511,0.0016898341680212738
196512,0.0016944814543571882
196513,0.0016011052670827151
196514,0.0007715803836500785
196515,0.000620513386201442
196516,0.001517167426274803
196517,0.0015699795273871643
196518,0.007309759910890429
196519,0.0021978357879771327
196520,0.003938868444049204
196521,0.000573898473587888
196522,0.004815340138599363
196523,0.0031132681902366465
196524,0.0011455141544488138
196525,0.0008481127457191566
196526,0.0111148539832951
196527,0.982497882401062
196528,0.004096182015908583
196529,0.0010294843920843767
196530,0.0015030394555684448
196531,0.0012771471979917265
196532,0.0008959403889735036
196533,0.000506238912940925
196534,0.0005675114295979275
196535,0.0007715540802247849
196536,0.0005114121655261799
196537,0.02323128241098501
196538,0.000779296214916032
196539,0.0332048866365264
196540,0.0005835575619059495
196541,0.0005380551897178806
196542,0.0008814057403630847
196543,0.0004063773002915679
196544,0.0005742436585672369
196545,0.003916433484572542
196546,0.0009223728498853171
196547,0.014533948978534678
196548,0.0016499805885640622
196549,0.0026502519978381283
196550,0.00045777958728358424
196551,0.0016599122881783461
196552,0.0020361438228051207
196553,0.008078867425976506
196554,0.0013102721047236732
196555,0.0019344543578007994
196556,0.003489797620791492
196557,0.011085655113519676
196558,0.0004107384019216621
196559,0.0007042159111207774
196560,0.0017598970824941559
196561,0.006167159152950708
196562,0.0017867615250944464
196563,0.011488057024104357
196564,0.0005685999672017106
196565,0.004465287046328512
196566,0.0008529604544683681
196567,0.0007649163480543469
196568,0.0020040269339987194
196569,0.9948365896728508
196570,0.0030972978281443037
196571,0.0006906330663803102
196572,0.0011400540266078576
196573,0.0006937692659700894
196574,0.0024401773838472153
196575,0.00080004711069149
196576,0.0014856220707750974
196577,0.0009920020681167382
196578,0.0011060982073359804
196579,0.003961690527376771
196580,0.0004822840116195992
196581,0.0019542419574613734
196582,0.003387908263334848
196583,0.0019087022422842475
196584,0.0005416608324093308
196585,0.0016069672240221055
196586,0.000546487474177613
196587,0.0006131650620959893
196588,0.0006379377639359829
196589,0.0005486482055572299
196590,0.0006372737681476028
196591,0.000958170674877665
196592,0.0013182506367540613
196593,0.0006469785361292455
196594,0.0009108913008452902
196595,0.001068767014885936
196596,0.001407675840376732
196597,0.0005673392001832428
196598,0.0016031610560552734
196599,0.0012896194876885986
196600,0.0017858422695643614
196601,0.0018795109845924827
196602,0.0003830290467831538
196603,0.0006571363558738729
196604,0.000669075212162471
196605,0.01520571950659268
196606,0.0022363892488044095
196607,0.002921206812270403
196608,0.00191286723444785
196609,0.015270673512912388
196610,0.0012078391929332066
196611,0.0008638016006523291
196612,0.0006322901388826294
196613,0.007811841128138563
196614,0.0027719843012311207
196615,0.0009075111370566373
196616,0.0007565387806386729
196617,0.003260840143795199
196618,0.0006972663170185788
196619,0.005155258886660614
196620,0.0008482740288877526
196621,0.0006611640345039595
196622,0.0007971066638418926
196623,0.0012426244762931708
196624,0.000562861947454342
196625,0.000685680637768545
196626,0.0006039598821871902
196627,0.0019586929803956585
196628,0.0010795127397283714
196629,0.0006189021661242382
196630,0.0007021139785400392
196631,0.0066770720608433295
196632,0.0007424561447839325
196633,0.0007586908100146329
196634,0.0012274567324939696
196635,0.0014695226715436922
196636,0.0019499306393380871
196637,0.0006565713967744635
196638,0.0006361403530845026
196639,0.0032822781693328668
196640,0.003694380536355616
196641,0.0015274964628410152
196642,0.0011270268553548997
196643,0.004243244828786842
196644,0.001675321910080777
196645,0.0004473751648340229
196646,0.0006745061522634047
196647,0.0007222757283084124
196648,0.0015083960493079724
196649,0.00362684580505738
196650,0.002682884467325752
196651,0.0025973385128519153
196652,0.0016209372284349322
196653,0.0006087915467995107
196654,0.000738893189593266
196655,0.0007189730294212974
196656,0.0005089354951730807
196657,0.002449863780962836
196658,0.0013640601991060206
196659,0.0036152402880318367
196660,0.007757097791889614
196661,0.0016359214118360868
196662,0.000599491661799501
196663,0.0008761211451387531
196664,0.012617466707013907
196665,0.0015284885220030902
196666,0.000939365036916245
196667,0.0020035807397890478
196668,0.000610852160729337
196669,0.0005658190893054048
196670,0.002380625268940318
196671,0.0012978772666707166
196672,0.0007588428506761498
196673,0.0012012720472306055
196674,0.0007351015077325092
196675,0.0005724455097511744
196676,0.0018358789774179285
196677,0.9974524430931796
196678,0.0016882528239812197
196679,0.014607969549933111
196680,0.000545936657799612
196681,0.0004533113413898953
196682,0.0006212535499577692
196683,0.0012252636898719832
196684,0.0011993324375850995
196685,0.0007592451954173708
196686,0.0007738720600228581
196687,0.010602518495118353
196688,0.003394765134547932
196689,0.0006392477632539481
196690,0.003491794898848497
196691,0.0006067256442781253
196692,0.0047091067267734255
196693,0.006320750295125832
196694,0.0007827400189995684
196695,0.007301010259373533
196696,0.0008368138824141146
196697,0.002563487449997407
196698,0.00043243008109854187
196699,0.0011844738880331712
196700,0.0007793731093700811
196701,0.0007763539028776958
196702,0.0015073615775932406
196703,0.0022433934688647784
196704,0.0012906274889231497
196705,0.000572425416216198
196706,0.0005287430582778698
196707,0.000744208098795777
196708,0.0034720345350013437
196709,0.000921581019367308
196710,0.0005071792063532663
196711,0.0005875178528186411
196712,0.0005359445846873862
196713,0.0009150503297281705
196714,0.0004545598660230486
196715,0.0005069666669563352
196716,0.0004576999605965542
196717,0.000681757212273931
196718,0.0008480798318361528
196719,0.0014138268965136962
196720,0.0011598979935439823
196721,0.11765268107417343
196722,0.0019656554009940055
196723,0.0006321269863404646
196724,0.001408670239891731
196725,0.0006958528151979755
196726,0.0005142271583483435
196727,0.0010518787202175373
196728,0.01379560885899833
196729,0.001749870984513368
196730,0.000507694486767442
196731,0.000690185915475202
196732,0.005993336202285081
196733,0.007226076005841322
196734,0.001252078201277535
196735,0.0012839363730943753
196736,0.0027123145124490896
196737,0.0011955778234644155
196738,0.0010589536883853752
196739,0.0006106784130957088
196740,0.0006208374562551125
196741,0.019907422372512328
196742,0.0006625802009084514
196743,0.0009892545870534388
196744,0.01118114008248441
196745,0.0028131383595503107
196746,0.005829861170958597
196747,0.0017214780536826866
196748,0.0015334056749320554
196749,0.005662743634619065
196750,0.005059829407184574
196751,0.001017160097600212
196752,0.0005655123994555231
196753,0.00045642330729517115
196754,0.0020751277583249085
196755,0.0011454340881883935
196756,0.00188645831641621
196757,0.0007351132491740452
196758,0.0023981633002655273
196759,0.0010661414474137508
196760,0.00048054722206445776
196761,0.002468660350011527
196762,0.0010689240081678821
196763,0.0013874478123081621
196764,0.0010172743884139706
196765,0.0004195303758126135
196766,0.0008221596562993593
196767,0.0007473334886584975
196768,0.0006475371444186471
196769,0.0005246881256531581
196770,0.0028350010319996037
196771,0.0013303158189801238
196772,0.0013437753442943124
196773,0.0006312382325515359
196774,0.0009327585270468928
196775,0.0007121407639600052
196776,0.0009841119429967956
196777,0.0017575417771557751
196778,0.0008991701911380147
196779,0.0008225801511890756
196780,0.013713818118000506
196781,0.0007232684241491091
196782,0.0008962270308820958
196783,0.0010385668020999172
196784,0.0007458251427117401
196785,0.017138134810500333
196786,0.002392103293281652
196787,0.0008553905359089506
196788,0.0004951811655934952
196789,0.9964332593278025
196790,0.0013942358385061917
196791,0.0004344751427801388
196792,0.0023337106350876757
196793,0.0013246188775010532
196794,0.00045391890549636234
196795,0.0029820477901544235
196796,0.0184218122245589
196797,0.002337018492579406
196798,0.000761854158338049
196799,0.0005877710339269005
196800,0.0004514379159844556
196801,0.0005602785105193828
196802,0.0004814863009986087
196803,0.0014642573322519586
196804,0.0003481693706687277
196805,0.005973709202340673
196806,0.010505231102982043
196807,0.0014011202334120332
196808,0.9963056322911487
196809,0.005043871041393781
196810,0.0008297278594014217
196811,0.007767133192378794
196812,0.00051687358096987
196813,0.0007397698231439722
196814,0.000603744892246368
196815,0.0005063461104276917
196816,0.007951211384082307
196817,0.00046510168449303483
196818,0.00039696688184075147
196819,0.0045809391747877164
196820,0.027219339497229517
196821,0.0005901256836165977
196822,0.002067656634568858
196823,0.0030912225257736935
196824,0.0017046910272059145
196825,0.0011888367170329304
196826,0.002084228343227443
196827,0.002356211999369535
196828,0.009262955919469136
196829,0.0005150285219020359
196830,0.0005648432835415559
196831,0.0018660149150936986
196832,0.0009312023273431421
196833,0.0004707241724160541
196834,0.0017389285850886978
196835,0.0022323587010371036
196836,0.001734700140198358
196837,0.0013156297313362173
196838,0.0010768725876725942
196839,0.0016091137575413661
196840,0.00153247975266875
196841,0.001098776921484635
196842,0.0007528275719401201
196843,0.007354180030997675
196844,0.050898203706311325
196845,0.0034647921401386532
196846,0.006173461505641772
196847,0.0019564043590036147
196848,0.0008938974873823737
196849,0.000871653539624561
196850,0.0016727823559626628
196851,0.0009932595149564642
196852,0.000923504836602064
196853,0.012103594000989648
196854,0.004671657666781048
196855,0.0020743568000277882
196856,0.9989445282791676
196857,0.02085045874767148
196858,0.0005855587296068728
196859,0.0010424005085033397
196860,0.0007125914093479661
196861,0.9825360918940312
196862,0.005155922482797348
196863,0.0009565515845915559
196864,0.0010608092312356559
196865,0.0016651880257901206
196866,0.0011699100396015487
196867,0.00046163833386239953
196868,0.001206149688245452
196869,0.002366996315192057
196870,0.0004145916518413858
196871,0.0010585327005742337
196872,0.0012069222593873337
196873,0.001439851259734976
196874,0.0006990874026818682
196875,0.0005445811254617463
196876,0.0074812042884037
196877,0.0021690794236423226
196878,0.0022510814473337337
196879,0.0010323011499042075
196880,0.0005272593622367751
196881,0.001855748320069049
196882,0.0038926219712551117
196883,0.0032105338800525983
196884,0.0006013009376210411
196885,0.0004774335222024293
196886,0.001213738959407973
196887,0.0012321426643768073
196888,0.0010764458211515102
196889,0.0008446972286248753
196890,0.0005761313385312448
196891,0.008704493310544488
196892,0.010404310111974714
196893,0.0016369663227310464
196894,0.0035189245055865055
196895,0.0007550860662222705
196896,0.0006314757374923755
196897,0.003853503725600821
196898,0.0008385075697277726
196899,0.0014054875516291304
196900,0.0005883477432610634
196901,0.0008134414258811158
196902,0.008377406398375517
196903,0.007289716867975098
196904,0.0038325361209485516
196905,0.000863332555486861
196906,0.009363016413082278
196907,0.0006119869636937051
196908,0.0027120678826059383
196909,0.0010858464648641926
196910,0.0020021107306731458
196911,0.0010944284491193777
196912,0.15687468873047258
196913,0.0010163977646718138
196914,0.000534661812184603
196915,0.001837472185778195
196916,0.001206237227287593
196917,0.0005544520198579686
196918,0.0016737103952109136
196919,0.0008024562294393764
196920,0.001402692039392177
196921,0.0006909191539806064
196922,0.0007318923715705056
196923,0.0004033186736328
196924,0.001280850829819951
196925,0.0007745945833434677
196926,0.0005310412923198817
196927,0.000389140370145931
196928,0.0008909545653662857
196929,0.003414666958225028
196930,0.0006572182950065778
196931,0.0005015798754718516
196932,0.01543976597438921
196933,0.0006420076199280524
196934,0.001835982507808526
196935,0.001393003409993367
196936,0.002582049291733917
196937,0.0006681468692418106
196938,0.0006401007691523716
196939,0.0005550574912429552
196940,0.002426997079824476
196941,0.00047752131970367733
196942,0.0007127801507139004
196943,0.0010072638608425103
196944,0.0005053124334281901
196945,0.0008968122043847683
196946,0.000840129414531325
196947,0.0008821940382775893
196948,0.0005300772951427519
196949,0.014503425417838337
196950,0.0010749042535558092
196951,0.000590661765138097
196952,0.00069988975591245
196953,0.004663100471993692
196954,0.0009277217694319354
196955,0.0005501353012376176
196956,0.0007159493757999574
196957,0.0012181225953947585
196958,0.000947389230803506
196959,0.0009110350910468472
196960,0.0021299422971174146
196961,0.0028951416398658217
196962,0.0006721330725892807
196963,0.0007182887207878659
196964,0.000686609950125435
196965,0.002314762216965552
196966,0.0008220621372344653
196967,0.004579241869194405
196968,0.0022070010194364825
196969,0.005509802680323694
196970,0.0009145505119133674
196971,0.0006311787809241338
196972,0.009774925966572949
196973,0.0010346506466358497
196974,0.0005470935134762516
196975,0.0007451998520358609
196976,0.008667497357073508
196977,0.0007730760022299839
196978,0.0006219565651454785
196979,0.0009592630570627227
196980,0.0011076313529559735
196981,0.001212372351968426
196982,0.00405907630207547
196983,0.0007903224122969737
196984,0.0008975755098488882
196985,0.0007665864399161829
196986,0.0014410851240175353
196987,0.002995944078631002
196988,0.0022463849575422956
196989,0.0009588781934611857
196990,0.010970297289982207
196991,0.0015758785054672993
196992,0.0007432290982293535
196993,0.0006073575002892754
196994,0.0021701226263844604
196995,0.003822390168314322
196996,0.0007505150804722137
196997,0.00044205001930356497
196998,0.0006223561574455665
196999,0.012130910530316855
197000,0.0004826950534415234
197001,0.00258004609673563
197002,0.0004871029873229975
197003,0.0007252976787422662
197004,0.0008201552266922789
197005,0.0009335393319047469
197006,0.013946084403823555
197007,0.0032536826860313905
197008,0.0005275588859753324
197009,0.004282462643288163
197010,0.009422866694868444
197011,0.0009390057385527783
197012,0.013545912725477172
197013,0.019819324522555845
197014,0.000674545845988226
197015,0.007064504737349127
197016,0.002470889562133865
197017,0.002491049585556652
197018,0.000935292529907065
197019,0.00059664849997207
197020,0.0005027120144228474
197021,0.004596141709622046
197022,0.0008506361724386678
197023,0.0009566880663198423
197024,0.0023969866432769884
197025,0.0003251090646548768
197026,0.0026523023483128573
197027,0.0008033682068004193
197028,0.0004938328513992223
197029,0.00851280233255772
197030,0.0015721200597679124
197031,0.0007798128028596652
197032,0.0018811727759700603
197033,0.0009827472647653858
197034,0.0010434690239307333
197035,0.001044462186963722
197036,0.0015847713501802863
197037,0.0005490187179829389
197038,0.0006833004499135209
197039,0.002801173104593906
197040,0.0015141604319597254
197041,0.0012595870885871762
197042,0.0016707230365473331
197043,0.004679406746024786
197044,0.006310168057149275
197045,0.002523412310286452
197046,0.0007433678996367221
197047,0.0004993626818805439
197048,0.006361262514038764
197049,0.0002999507365005355
197050,0.0013009126977125052
197051,0.0006888658102406014
197052,0.0015663055871362984
197053,0.00046979371275385673
197054,0.0010630384313304966
197055,0.00029702512755595264
197056,0.0008635364253618159
197057,0.00046872192250817956
197058,0.014432055395620196
197059,0.001536215814320644
197060,0.0027166088983662487
197061,0.0007979184112465723
197062,0.0008637102833499383
197063,0.0003808423998571917
197064,0.0011709481666155488
197065,0.0005086673097122001
197066,0.0006196587145342421
197067,0.0026739547870814045
197068,0.0007687294966845492
197069,0.0019254493260193305
197070,0.0011274742714395632
197071,0.0004892840820258153
197072,0.0015130082495900523
197073,0.0012867610128416704
197074,0.0011269870307296231
197075,0.001464395169804139
197076,0.001938283025906979
197077,0.0006040960111863059
197078,0.0004797172736831881
197079,0.0026321749660613456
197080,0.0008134941946890816
197081,0.0009720966143847974
197082,0.0012461197435632769
197083,0.0038724209608004536
197084,0.0019811384031929204
197085,0.0021816624722263574
197086,0.004856936842374976
197087,0.001021725623341834
197088,0.005687714987749893
197089,0.0007441378810043189
197090,0.000591809871569103
197091,0.00989263820657205
197092,0.0016496326945783278
197093,0.04721276512583744
197094,0.0004074821066214244
197095,0.0019176796982402363
197096,0.002860797202129962
197097,0.0005105403842272484
197098,0.010175188681551775
197099,0.00045006829348539574
197100,0.001094855240058885
197101,0.0008228559113237601
197102,0.006930301086128882
197103,0.0020568628200667042
197104,0.0005412791772578442
197105,0.004219185711033522
197106,0.0011495576986977351
197107,0.0007233725459894035
197108,0.0019093932794710614
197109,0.006258110014473782
197110,0.0007553911766981047
197111,0.0007795020784855529
197112,0.0005911242774106841
197113,0.0006270365916558911
197114,0.0006198143499936557
197115,0.0004374276915728841
197116,0.0011397534777948565
197117,0.0015193160539188513
197118,0.0006646798281250887
197119,0.0025215758688963783
197120,0.001115546750125911
197121,0.0007358135675558511
197122,0.000650311076882472
197123,0.0014562809818150235
197124,0.0022222408941211316
197125,0.011946385103103816
197126,0.001075936694856532
197127,0.0011827084662897574
197128,0.01745121823747213
197129,0.003275549100039175
197130,0.0040865210093754935
197131,0.0006513926949419891
197132,0.0006337089105511416
197133,0.0006017315358736797
197134,0.0005745647214376225
197135,0.0014039273463037896
197136,0.0017247344948318477
197137,0.008067668449816944
197138,0.00149061250223269
197139,0.0012765967360588754
197140,0.0007392233770373842
197141,0.0006510870613608026
197142,0.0010052301822552527
197143,0.004761965245277586
197144,0.0009666133678420554
197145,0.011214335251446654
197146,0.004086092147851611
197147,0.0005013397887074037
197148,0.02282220024745174
197149,0.0007290660059366523
197150,0.0009644228969686302
197151,0.0006226151651966927
197152,0.0009154058829303276
197153,0.0006019326473105305
197154,0.0004077492150110768
197155,0.0050923890129384985
197156,0.008828030366247772
197157,0.010113410708923219
197158,0.001879093284384401
197159,0.018092017354926493
197160,0.0016446587239203367
197161,0.000895382110514729
197162,0.0008450741247126829
197163,0.000869162804445422
197164,0.0028065155418084122
197165,0.0007707124925327999
197166,0.0006046718217705279
197167,0.0005205150656181081
197168,0.0014218798707347664
197169,0.0009472405318244498
197170,0.00046446452203047743
197171,0.007265971668032555
197172,0.0005216643852574223
197173,0.0006132770349967564
197174,0.002451896596758321
197175,0.9898616950602923
197176,0.00602917689932334
197177,0.002203876519313462
197178,0.015433725542180228
197179,0.0014131304383046776
197180,0.000680159573513253
197181,0.0022144406957271693
197182,0.005556950047529934
197183,0.0015629305902529196
197184,0.0005794515373488836
197185,0.0005852288680745408
197186,0.0016382009061727456
197187,0.000561753002694735
197188,0.0017078663907653371
197189,0.00077658974264731
197190,0.0005508224887733038
197191,0.0006227833231677765
197192,0.002086603819847959
197193,0.0010686474552506493
197194,0.0006424216495897863
197195,0.0005111667019401409
197196,0.007157475815442812
197197,0.00953867921706737
197198,0.0008985691439021847
197199,0.0005789271708877927
197200,0.0007744605168250262
197201,0.0006645462087210407
197202,0.000670451678795126
197203,0.0006093185589392197
197204,0.00099403105626009
197205,0.0003693320491324678
197206,0.0006954062423484298
197207,0.0030940924381349993
197208,0.0015548441942056452
197209,0.0008169748208701267
197210,0.015002079338406405
197211,0.0011637967123266438
197212,0.0008760280774341874
197213,0.0016664497389152749
197214,0.001006089254149843
197215,0.018804495643530348
197216,0.028745562201546927
197217,0.0007965426894927087
197218,0.002973128648252027
197219,0.028168768862659954
197220,0.0014908132140710314
197221,0.000618954530248496
197222,0.0007346594248829306
197223,0.004100312822058712
197224,0.00048305700988483834
197225,0.028012433676310632
197226,0.0005942340098661391
197227,0.0005359327306006784
197228,0.0021316971663331487
197229,0.0006641886926547287
197230,0.0007082631962043405
197231,0.0013118017788908338
197232,0.0006543619901134741
197233,0.00251796452065301
197234,0.0022067555751143064
197235,0.0005970225766766525
197236,0.0011762169084011851
197237,0.0006093655657971094
197238,0.0006005243680322608
197239,0.0033355878027658504
197240,0.0007351298085092536
197241,0.0010293529069178835
197242,0.0006120813897132832
197243,0.0008476575375521823
197244,0.005168486428183584
197245,0.0005142587173453286
197246,0.0006111024698496612
197247,0.0005548688731573214
197248,0.0007562852619442148
197249,0.0007928244634975708
197250,0.00047668863116375013
197251,0.0006663204775375493
197252,0.0004848049299814821
197253,0.0012298035787687324
197254,0.0017744551447536018
197255,0.01588071909577113
197256,0.0012710073817651278
197257,0.0012316211762889717
197258,0.000880389376369888
197259,0.0006695682951924193
197260,0.0005950979875527291
197261,0.003888734360618311
197262,0.0026977410028434954
197263,0.003774583499034925
197264,0.0004377671949580786
197265,0.008473967066859196
197266,0.0005871761549874052
197267,0.0005339475448329966
197268,0.00034722264877712485
197269,0.0011297149921403076
197270,0.0010019678383588423
197271,0.0004237100736158854
197272,0.0006738715311962191
197273,0.0017745441110130677
197274,0.00045755666894980193
197275,0.9965223538429017
197276,0.014110289401592008
197277,0.002331164532352103
197278,0.0006897490461975557
197279,0.0006209230024292252
197280,0.004008036036585081
197281,0.0016559664049177335
197282,0.3913834180839344
197283,0.0011429765955504453
197284,0.0011555335087303214
197285,0.0015320471265726275
197286,0.0007800227126479967
197287,0.0021644794324560505
197288,0.0012193876344413713
197289,0.00711779986069608
197290,0.0012514176653414812
197291,0.0007618352612751389
197292,0.0012902710070955543
197293,0.0024776009125917218
197294,0.00244617529746388
197295,0.0023162938658433238
197296,0.0008539545032746755
197297,0.005007369928964095
197298,0.0006660297123947869
197299,0.0008276902958087992
197300,0.002515720310986484
197301,0.0005576168290235961
197302,0.0058193104982061615
197303,0.00042809737374138295
197304,0.0009862918969586224
197305,0.0011767678312006587
197306,0.007754967004973192
197307,0.001238860228291356
197308,0.0008746810930068028
197309,0.01513008373942451
197310,0.0015932408213149996
197311,0.0007039939444058891
197312,0.00044451876260445113
197313,0.008192647242629403
197314,0.0009168365805312254
197315,0.001820840834801276
197316,0.0028995457799741694
197317,0.0006267990823494552
197318,0.0008779742882761511
197319,0.0006395894030370819
197320,0.0007517495429881259
197321,0.004074490330754292
197322,0.0007560293495365296
197323,0.0004492836097963232
197324,0.0014101753178107235
197325,0.0005635039967958367
197326,0.0008964599898528746
197327,0.001072172833763795
197328,0.0007147338164817336
197329,0.07669449066384267
197330,0.0005798829530900611
197331,0.0004946394137333257
197332,0.0018980459203010347
197333,0.002749627449553301
197334,0.0006070208885982212
197335,0.0020335710736238866
197336,0.0005268927096154093
197337,0.0007070707000721651
197338,0.000886994796746714
197339,0.0027650926136308374
197340,0.0006584857618425557
197341,0.0006888730524382424
197342,0.0004971930021088616
197343,0.003219628903586838
197344,0.003981992280894746
197345,0.0010167817173772947
197346,0.0005036796865816429
197347,0.0007908907054824433
197348,0.0007460732234998797
197349,0.0033712687960967217
197350,0.0007074455367978684
197351,0.0019889600640131543
197352,0.0009787257299203635
197353,0.0005300665945651916
197354,0.0006142562917306253
197355,0.0005594557022244719
197356,0.0005459386871732633
197357,0.000986198230147862
197358,0.2006972758685707
197359,0.0006611658242736929
197360,0.0025800066693678755
197361,0.0007635079067917078
197362,0.0015403944591226354
197363,0.001863896419290715
197364,0.0009318305710249832
197365,0.0008791101486076449
197366,0.0004269971603026748
197367,0.9974660838759597
197368,0.0005596770445436989
197369,0.0004753459114611071
197370,0.0004635356694420572
197371,0.0008024293996651159
197372,0.001196686733442985
197373,0.0021056463573391826
197374,0.001013917327865029
197375,0.0013098076806521068
197376,0.000912969051381967
197377,0.003108222969173113
197378,0.0005181510046930619
197379,0.0017527769181321395
197380,0.0018394549170746757
197381,0.0016172519932984547
197382,0.001986775577068776
197383,0.000311308785140999
197384,0.0005814702558366381
197385,0.0012223216043252768
197386,0.0017040141014409344
197387,0.004241356013274304
197388,0.002492129899561078
197389,0.0036620132482680983
197390,0.0008541657515176498
197391,0.00043160459785312436
197392,0.0007635783473934317
197393,0.0006699213857502352
197394,0.0018180564089340559
197395,0.000611428447779676
197396,0.9669218141234572
197397,0.0008443692015825573
197398,0.0006087391696240174
197399,0.0012549207815600806
197400,0.0005414987322136776
197401,0.003402667887974184
197402,0.004075778873441718
197403,0.0010265913816863035
197404,0.0013769145539750437
197405,0.026787884880296164
197406,0.0006593916930475339
197407,0.0007685280074793013
197408,0.009006201194753573
197409,0.9982676541647183
197410,0.0027469820429100573
197411,0.011761143916114096
197412,0.0011390289928844741
197413,0.0020268980246487428
197414,0.0015080648780492817
197415,0.012371420758871375
197416,0.000470673173414893
197417,0.0007047340065520316
197418,0.0005246885195774229
197419,0.0008512719874454454
197420,0.0030796384596399303
197421,0.00035976464862299954
197422,0.0007486833763054925
197423,0.0006157734793622851
197424,0.0012334168365763822
197425,0.005098493460014134
197426,0.0005490126279627299
197427,0.07645008288873521
197428,0.0015185611992033663
197429,0.0022698154462021856
197430,0.0006409997996099581
197431,0.0017138056742548565
197432,0.0006627874708103165
197433,0.0005840330895952482
197434,0.0006465423495968799
197435,0.002850833515219826
197436,0.0009121645320311623
197437,0.001253128697069748
197438,0.0012119121787147248
197439,0.0002968663907086522
197440,0.0005983081780579737
197441,0.0007183729730253345
197442,0.002045113805983102
197443,0.0005629034867552574
197444,0.0006535225606173884
197445,0.0005124583579355112
197446,0.001882770577181763
197447,0.00044466348324720016
197448,0.0018930696299656116
197449,0.0077341285707621405
197450,0.000770429003329406
197451,0.0004837076474790311
197452,0.00042697641382087115
197453,0.0008072708313280884
197454,0.0024169144232115587
197455,0.0008665709394836461
197456,0.0006352353332304538
197457,0.0006707017216991993
197458,0.0005784382483109793
197459,0.0011371815127029627
197460,0.0005750902866345493
197461,0.0010945557283964938
197462,0.00068234391943173
197463,0.0025175613019154056
197464,0.0020276233604963547
197465,0.002459874383466991
197466,0.0004933997272037492
197467,0.006476125811995113
197468,0.0004993712126173837
197469,0.0006883730648842188
197470,0.001190045943360895
197471,0.000676708956822389
197472,0.019610810002655882
197473,0.05912374642977952
197474,0.0005764920282468275
197475,0.0009151155100265258
197476,0.0005751998409686289
197477,0.0004477685112514603
197478,0.007103264360118062
197479,0.0005672222056709397
197480,0.0007325844298235617
197481,0.000798381228550384
197482,0.0026332456368992146
197483,0.0010368276892765505
197484,0.0005014842235752619
197485,0.016126012610293845
197486,0.0010148449140996748
197487,0.0007749755626527645
197488,0.0019650935470025875
197489,0.0014747545353300797
197490,0.000596230015282875
197491,0.014859874057457057
197492,0.0012141336139524336
197493,0.005506425427074992
197494,0.0008691362608176526
197495,0.001924589884496342
197496,0.002170896368417853
197497,0.0016899579469310962
197498,0.0004195861299002447
197499,0.0007700943841326929
197500,0.05993148165011483
197501,0.0012175606837119544
197502,0.0004160280863032025
197503,0.9961138663234064
197504,0.0011489985746114743
197505,0.0011742782375317776
197506,0.000538003663389763
197507,0.004855292774157981
197508,0.002101970002475239
197509,0.0016846003487593318
197510,0.005241334244023876
197511,0.0005287228974530999
197512,0.0010328195577951717
197513,0.0024246623179614703
197514,0.013872169025159062
197515,0.0028173947444027434
197516,0.0006746104591540823
197517,0.0028352932012745387
197518,0.0006275141529742671
197519,0.000687313690880065
197520,0.0009417068064874149
197521,0.001723476630577049
197522,0.014755529172870738
197523,0.005809037749025695
197524,0.0004731370143888006
197525,0.0004009889778459745
197526,0.0005957926285132887
197527,0.0007025108801975123
197528,0.0011632249892035026
197529,0.018286605604902695
197530,0.0013515593180832253
197531,0.0022659588474528486
197532,0.0007910175465799339
197533,0.0038584774172561766
197534,0.0010013711557535661
197535,0.0008360438944586843
197536,0.0006254382669702029
197537,0.9870688364052266
197538,0.0013936222565879598
197539,0.0008752520405004511
197540,0.0003488783671507468
197541,0.004267532227142603
197542,0.0021125215471525065
197543,0.00044013008752766454
197544,0.0005400726599734563
197545,0.0006837435453708595
197546,0.0015543844952917722
197547,0.001428287584389625
197548,0.0006926960294476005
197549,0.0005351269425992919
197550,0.011473585986443892
197551,0.0015713000008440443
197552,0.0017968526991059316
197553,0.00846008301916055
197554,0.0012087081065809083
197555,0.9894502922828867
197556,0.00046546011531544324
197557,0.0010485103586267142
197558,0.0006796972209937574
197559,0.0021975244071882434
197560,0.001587072825786122
197561,0.0007818102606491714
197562,0.0022678040314141512
197563,0.0007577543539679964
197564,0.0008448628119023028
197565,0.0009903853974212967
197566,0.005749895468891871
197567,0.0009555072789794491
197568,0.002210107108197497
197569,0.0004809142256865114
197570,0.003923480193310397
197571,0.0007474825222840898
197572,0.004287304280945677
197573,0.0008946061183081212
197574,0.000869985890457826
197575,0.00284676088544167
197576,0.014227399042524173
197577,0.0006309550136162556
197578,0.011335151959950893
197579,0.0004868714044867892
197580,0.00044594505324896546
197581,0.0005774388040987916
197582,0.0004530223417983019
197583,0.021428446936782045
197584,0.0009816151989166788
197585,0.00532219206994342
197586,0.0020875868006714348
197587,0.0009910019012141186
197588,0.0006277976524342986
197589,0.0007072265716896614
197590,0.0006888899087460159
197591,0.0015240460248580345
197592,0.0009575807375697153
197593,0.00032676988382233707
197594,0.0006605464753668619
197595,0.0016364988553596459
197596,0.0007513092710476309
197597,0.0037517410011593598
197598,0.0011241061092997545
197599,0.00108336815635026
197600,0.0010459802708572266
197601,0.0009241786356802145
197602,0.0006405610667876546
197603,0.013930368623251352
197604,0.0030011864903995407
197605,0.0007972771958918817
197606,0.000524488099379245
197607,0.004457546972300412
197608,0.0007518331371455486
197609,0.9946402760642066
197610,0.0006691179392635644
197611,0.0006887724885587359
197612,0.0018235713966026058
197613,0.0007975489692992625
197614,0.0033703903536518977
197615,0.0007384562553838824
197616,0.0010440782636441661
197617,0.0005365989174145804
197618,0.0013393025054605735
197619,0.0014964336092783467
197620,0.0006327347951765888
197621,0.021833902395168865
197622,0.0013638216730666112
197623,0.0021192859053758917
197624,0.0005798830958819747
197625,0.001352349238694978
197626,0.001110743918192565
197627,0.0026197542736853255
197628,0.00146759556451852
197629,0.001980398912659701
197630,0.0004632253677353461
197631,0.0022795464033332504
197632,0.0007349094809812435
197633,0.0006857356023882157
197634,0.0030084970504959123
197635,0.000605686838691056
197636,0.0009701444467498429
197637,0.0009557199945553611
197638,0.0006871545176292866
197639,0.0006262677307458191
197640,0.0007110955929355051
197641,0.0010811568167408056
197642,0.0017029541129102456
197643,0.0008845091832517646
197644,0.002718001456627481
197645,0.0006092983546386883
197646,0.0014421566977678199
197647,0.0006506391906658153
197648,0.0006873698864467955
197649,0.000635900693057721
197650,0.0044675023471897725
197651,0.0007400603447999752
197652,0.0006547938616858426
197653,0.0009496742301067429
197654,0.0034068861337843972
197655,0.00153433505342054
197656,0.0006006830659918442
197657,0.0007839800814307561
197658,0.0011003347978757773
197659,0.0010854473982566245
197660,0.0009836069224524522
197661,0.0010002603032158086
197662,0.0014518965354133348
197663,0.001953947809771992
197664,0.004185544871409482
197665,0.003545328159915866
197666,0.0006701766971185606
197667,0.0011460821775998446
197668,0.0008288016940276545
197669,0.0007659923128851315
197670,0.0006529641623392264
197671,0.0011833410734268478
197672,0.000647763348802647
197673,0.0018216857490850093
197674,0.0005154854097114976
197675,0.0006464018324054818
197676,0.0014617485130708238
197677,0.0012614766069766648
197678,0.004093346190242635
197679,0.0009529180548167223
197680,0.0005660072776101095
197681,0.004906865026354192
197682,0.0007901422688063225
197683,0.0012309904397285168
197684,0.00269155345831772
197685,0.000693131109133685
197686,0.0006719396927725655
197687,0.0019151229199286923
197688,0.0048745506009673315
197689,0.0013904869792572697
197690,0.0014052503301606421
197691,0.0010455532615453824
197692,0.0006437848388837046
197693,0.0010861244419998488
197694,0.003401789122830098
197695,0.0009314536488259808
197696,0.0007420561139873844
197697,0.0005906199804789812
197698,0.0010211315323423226
197699,0.0006695943789657491
197700,0.0029193322215032166
197701,0.0031282376056523888
197702,0.0005986623046392418
197703,0.0007636348864888478
197704,0.0010105492107031146
197705,0.0009858977243961287
197706,0.0036117427745018466
197707,0.006320858817436315
197708,0.0007385419483986542
197709,0.0006844806972887923
197710,0.0005539952841714841
197711,0.0008281043276869638
197712,0.001212003934791598
197713,0.0003675834118584141
197714,0.0011636480786325924
197715,0.000562277067268898
197716,0.004519992857700812
197717,0.0006853678162603658
197718,0.00210116852783172
197719,0.002185969563948696
197720,0.000731915951580904
197721,0.0008812241638997607
197722,0.0037059144367899695
197723,0.0005507747559941161
197724,0.00045891417669957456
197725,0.004510666354857442
197726,0.001129926503502978
197727,0.0008697836088953409
197728,0.0005862207596901244
197729,0.003678951169322109
197730,0.003492559745620164
197731,0.0006769461319860494
197732,0.0006148672337510652
197733,0.0012926475968074206
197734,0.006722538745822182
197735,0.9976906895868819
197736,0.0009185932410019118
197737,0.9961936802013085
197738,0.0025814337490008984
197739,0.000663391510010727
197740,0.0007185345830152167
197741,0.0023576739639513504
197742,0.0009246345238489422
197743,0.00925349646915313
197744,0.004107449842262324
197745,0.0008637529714702137
197746,0.0060451563654874835
197747,0.0011786632853108198
197748,0.0005752849816739589
197749,0.0009285525783816489
197750,0.001593975723540982
197751,0.0004810241793041701
197752,0.00064308746534808
197753,0.012451044563942373
197754,0.0008095125880498321
197755,0.0007158379554260569
197756,0.007793978800546799
197757,0.0005391993282565554
197758,0.0033663724134180032
197759,0.0011601736664126493
197760,0.0006044239577743652
197761,0.0006659179545181579
197762,0.019502387084739864
197763,0.0024052166665544834
197764,0.0010748747147328458
197765,0.001732119495047283
197766,0.0006086812275650156
197767,0.0010145343283146906
197768,0.0018064417728698955
197769,0.000895616253042245
197770,0.006923555629399545
197771,0.000644291533511722
197772,0.0013719575436431882
197773,0.02353903614317484
197774,0.001478726408514498
197775,0.06586972415513036
197776,0.000562958627318904
197777,0.0009050999623840062
197778,0.0006953486663369733
197779,0.001828697907061866
197780,0.01227585386639506
197781,0.0019460077736113788
197782,0.9536575963095787
197783,0.0019165748409699151
197784,0.01979569429739605
197785,0.0008106447796714226
197786,0.0006333734388887456
197787,0.0006422619439506216
197788,0.002767750410743838
197789,0.0023655236066853786
197790,0.0012779994835179936
197791,0.0007393556539567448
197792,0.0017253791020312302
197793,0.002978556579919427
197794,0.003218459637995258
197795,0.0021433351091877926
197796,0.0003641033660856627
197797,0.0013102366090530222
197798,0.0016815572289751507
197799,0.0007429329622520764
197800,0.0006072179651608622
197801,0.0006631420538092657
197802,0.0005073206536655479
197803,0.004136512162664252
197804,0.001691671420481372
197805,0.0006284394180662534
197806,0.0013728729438554975
197807,0.0010200033849327357
197808,0.0006852706436243645
197809,0.0010897563296532531
197810,0.0010295172107783626
197811,0.0010247678637347593
197812,0.0007417309569687525
197813,0.0025430502052095133
197814,0.000933169705025354
197815,0.0014682594438673391
197816,0.002799928751459786
197817,0.0022468828573022005
197818,0.0008336002531412275
197819,0.0008769004386282069
197820,0.0006553926632838922
197821,0.0010365408994282624
197822,0.0010772159908117877
197823,0.0015255677855234699
197824,0.00047106299893944316
197825,0.0009375947199586673
197826,0.00616516021803647
197827,0.0007939832472962573
197828,0.0006544803935030137
197829,0.0005025491661744633
197830,0.0014631938400716175
197831,0.003622277602966629
197832,0.0006594444726333265
197833,0.0016707203537269571
197834,0.009125698734824397
197835,0.00048548033875760757
197836,0.000554963501472413
197837,0.0011567002732843109
197838,0.00047681649996274137
197839,0.009544526286608247
197840,0.0008424414280001737
197841,0.0021797083170371724
197842,0.0007920709958335092
197843,0.0006341747875623331
197844,0.0011873762680160377
197845,0.0006928412114157153
197846,0.001039898072575919
197847,0.000547652947378961
197848,0.0005945485371608032
197849,0.00266146536254007
197850,0.000815388335023061
197851,0.000671889400655844
197852,0.000495600752363803
197853,0.00403020860552472
197854,0.004939472958774208
197855,0.002308376922056427
197856,0.0006167182074839632
197857,0.0021344144731605926
197858,0.00038916023578016264
197859,0.0008490336538813576
197860,0.0007912050429464134
197861,0.0006498317510646922
197862,0.0006644228859126198
197863,0.0006790675383364496
197864,0.0008727583584375497
197865,0.0006369674391367224
197866,0.0023789198160668453
197867,0.000722786504258054
197868,0.004173597438441445
197869,0.0027131076027531453
197870,0.0011330524600444588
197871,0.0007110560180527413
197872,0.00602516740166289
197873,0.0017643803449242197
197874,0.0008134104936809675
197875,0.0006468277837135042
197876,0.0018249235605299332
197877,0.000630447506673113
197878,0.0011889385871044393
197879,0.0011318936928979859
197880,0.004220962280776576
197881,0.00034511458497177717
197882,0.0006980173029513881
197883,0.003115918263927959
197884,0.0008471649243824331
197885,0.0006637761649518514
197886,0.0017200010143941478
197887,0.0009729835522655275
197888,0.0005441259089308659
197889,0.0006650120784427501
197890,0.002088635134018831
197891,0.0004994152910267245
197892,0.0007573070144478366
197893,0.0016598859341259552
197894,0.0006570712729239054
197895,0.0010323177354747168
197896,0.004477988770163443
197897,0.001024092749743305
197898,0.01100217976737073
197899,0.0011456551854697205
197900,0.0011183166025778726
197901,0.0023880339028293845
197902,0.00047739788554685
197903,0.008522214662091052
197904,0.0029386386582517924
197905,0.0025087673293981783
197906,0.012655467211710288
197907,0.00299540134845653
197908,0.00046392562252647364
197909,0.0022188550884219885
197910,0.0007212916852326062
197911,0.013539848821195358
197912,0.0017514517404602177
197913,0.0017132741859799136
197914,0.0005663283336599278
197915,0.001326526206465577
197916,0.00035917943094927035
197917,0.001770242010715115
197918,0.0029694510558511784
197919,0.001449326185589701
197920,0.991813726271026
197921,0.0017353975832066079
197922,0.001864687289154245
197923,0.002466586049827514
197924,0.0017884322704306826
197925,0.0006805896785516118
197926,0.0009085893585828004
197927,0.0005764589204292691
197928,0.0024076284720897143
197929,0.0033747035854654536
197930,0.0015393668854395519
197931,0.0009207003418237579
197932,0.0006337162712192605
197933,0.00079845704354781
197934,0.0014875977894783783
197935,0.0008262902670289578
197936,0.003390379370240345
197937,0.003914092235445627
197938,0.0010756756018882132
197939,0.00079799121712926
197940,0.0018579311557031565
197941,0.008368777981119584
197942,0.0007297301790555486
197943,0.0034754498287529476
197944,0.002485792714149432
197945,0.005187868030555747
197946,0.002090564049413759
197947,0.0009465318796185745
197948,0.010535914310130186
197949,0.0056520927709004555
197950,0.0006867883193929751
197951,0.0011181884183591756
197952,0.0009056646607229936
197953,0.00042050737744624833
197954,0.0009405554591716784
197955,0.9947208719453653
197956,0.002099405244060035
197957,0.0012676081460448992
197958,0.0012262024497826246
197959,0.01453366167876233
197960,0.015458591972567
197961,0.006461153931939039
197962,0.010417797187287725
197963,0.0031730530859938465
197964,0.0019025358880209837
197965,0.0006070160419220664
197966,0.0008296123712110725
197967,0.003321696733135996
197968,0.000672409205854108
197969,0.0013194945343193826
197970,0.0022932954694690594
197971,0.00040594094485710177
197972,0.006879871735785196
197973,0.0008956228556707302
197974,0.0006996509159347949
197975,0.0017093457155461875
197976,0.012167663550610688
197977,0.0004899640186691601
197978,0.0016025065973742738
197979,0.0005284790381279471
197980,0.0017919158061113862
197981,0.0009443389815661891
197982,0.0010167124984365654
197983,0.002318870046664237
197984,0.0006411918040966544
197985,0.0020443805892756185
197986,0.000850199834789107
197987,0.0018829233799132006
197988,0.0004932231208442746
197989,0.9921725027579873
197990,0.0007255126093030037
197991,0.0005088926404988705
197992,0.0010078250338220332
197993,0.0014748965531055235
197994,0.0008308828067689058
197995,0.0005944289421205256
197996,0.0011866667376015444
197997,0.0048420621880904315
197998,0.0005007150765807385
197999,0.004181638177854996
198000,0.0011277910419868324
198001,0.0008590971820439534
198002,0.006319829170906859
198003,0.0008557496864152036
198004,0.0056328671499161894
198005,0.001823525225090506
198006,0.9910789017847
198007,0.001373865354522801
198008,0.002389204371177998
198009,0.00047875591353709025
198010,0.0007216638712433513
198011,0.0007474501479559525
198012,0.0008900964941397495
198013,0.0007756900281345926
198014,0.0010471311631608672
198015,0.0006276135643883385
198016,0.001669836757790019
198017,0.0006898953421890711
198018,0.000780902173021048
198019,0.0006699240937213056
198020,0.0013520699569574588
198021,0.01623574346209809
198022,0.0014429967819950523
198023,0.9477231736850698
198024,0.000671488486683724
198025,0.00043180135983173114
198026,0.014198177640421597
198027,0.0006207449631817415
198028,0.00047686146855935264
198029,0.0034507126053836797
198030,0.0008330644771006694
198031,0.0013542690831654298
198032,0.0005426261168582082
198033,0.0008432504250266766
198034,0.005407711426980254
198035,0.009990242820032042
198036,0.0007762849370403868
198037,0.0007342078867994817
198038,0.0021008297988635715
198039,0.0012078665987476263
198040,0.0064854469972652085
198041,0.0011051548487227827
198042,0.04014222350314453
198043,0.0011181969033888474
198044,0.00048742662569297937
198045,0.0006040116703160006
198046,0.0030177180112318128
198047,0.0005557181013078308
198048,0.0006746654682808595
198049,0.0005447889697684576
198050,0.013098911279402908
198051,0.0012490686440157293
198052,0.0012959629954263543
198053,0.0006179162839728706
198054,0.0016904122942639605
198055,0.0005030387761926537
198056,0.0006725856603841048
198057,0.0006026221281018127
198058,0.008695330284935082
198059,0.0034362122081621985
198060,0.0011028995821032203
198061,0.0009071113428758414
198062,0.0012476102735554577
198063,0.0022523665968471013
198064,0.0023510506349685603
198065,0.0007535440584597302
198066,0.0010976053419758719
198067,0.0012997160435333683
198068,0.002481056004414034
198069,0.0006868368131840001
198070,0.002820411202741459
198071,0.0008198970005880146
198072,0.0011994917126309324
198073,0.004134183564261238
198074,0.0009429779170045877
198075,0.0004434391226660574
198076,0.0007381747158101737
198077,0.0018680960470215133
198078,0.001682480751828243
198079,0.0004504669773755588
198080,0.002520945179864733
198081,0.0009757529297154451
198082,0.003297377549767519
198083,0.0012429068167724598
198084,0.0007214457161255305
198085,0.0028398523641544222
198086,0.006420779904078463
198087,0.0007373248270206732
198088,0.0009678087452204059
198089,0.000845023003006861
198090,0.0043090481329439
198091,0.0012004896073785582
198092,0.00039747731790451237
198093,0.0006012883306269237
198094,0.0018903047657576337
198095,0.012819649968495033
198096,0.0013075833438383937
198097,0.0020874501120744667
198098,0.0015250870712310743
198099,0.0010702809086326713
198100,0.0017526442300182072
198101,0.0012960153246508513
198102,0.00040684666430819443
198103,0.0007498309337507154
198104,0.0007812674361935673
198105,0.0005291432898704493
198106,0.011237225156141017
198107,0.0022001576400254214
198108,0.0006907305614367704
198109,0.0010961630799860708
198110,0.0007702516899765154
198111,0.007626478535099361
198112,0.0016352850620185268
198113,0.0016724693920257693
198114,0.0007077304001413901
198115,0.0013385279002823087
198116,0.0006258995251534757
198117,0.0018593600277375633
198118,0.0009908332297886486
198119,0.0028520429192196287
198120,0.0039052717817280157
198121,0.007667073031928165
198122,0.0005967744179920245
198123,0.003995443812289764
198124,0.0009065937944024282
198125,0.000951633339374719
198126,0.002417271814625249
198127,0.005305022332572365
198128,0.0010356754825687
198129,0.0017623462846650298
198130,0.0011951659120947983
198131,0.0003298079622317189
198132,0.000691095297509191
198133,0.0005719471779045451
198134,0.005077258160693524
198135,0.01086534264658918
198136,0.0008390720043456265
198137,0.0007471511957403672
198138,0.0007858008343199739
198139,0.0006082995492755017
198140,0.0031619664106372894
198141,0.019228830899953787
198142,0.0009797214681518773
198143,0.0005511527248379006
198144,0.00662120087391818
198145,0.0010044278728507626
198146,0.0006494221486448523
198147,0.0005082017005271692
198148,0.0007498833981675671
198149,0.000669177529614037
198150,0.0014230168860072077
198151,0.0013948130903203163
198152,0.026644673285012032
198153,0.0018526833721824712
198154,0.0033383612578101836
198155,0.000714464594130449
198156,0.001083028084841515
198157,0.0016413910828495229
198158,0.005592968702380501
198159,0.0005466320629212422
198160,0.020301139497242576
198161,0.010752157985653318
198162,0.0015981520037060995
198163,0.011067367555275476
198164,0.0015602740407726226
198165,0.014037709145403535
198166,0.0007439567307223719
198167,0.0006744578705760696
198168,0.0018244947377275872
198169,0.0005380882819007063
198170,0.0010437320397184017
198171,0.0007589735943110251
198172,0.0016411330850418342
198173,0.009106091755418667
198174,0.0005922382565012497
198175,0.0006479895307272988
198176,0.004656532020931259
198177,0.0029946808662993465
198178,0.0008754546459508736
198179,0.2775149513173113
198180,0.0005761534627431431
198181,0.0010551761979203
198182,0.004229038647789534
198183,0.0005840638720192035
198184,0.029818317477116052
198185,0.0017884504313496427
198186,0.0010396227355899987
198187,0.0010700152612306989
198188,0.0010308427225046188
198189,0.015598653227535089
198190,0.00044620754179387594
198191,0.20061890735595309
198192,0.0047541250890468425
198193,0.0007577048020808722
198194,0.008646897989477261
198195,0.0007054645503359333
198196,0.0013361632713289964
198197,0.00283453969718618
198198,0.0020752600299860377
198199,0.0009161857423684893
198200,0.0008345390213224331
198201,0.0011358256085030791
198202,0.0004460823443352359
198203,0.0006857450364385008
198204,0.005564083737770188
198205,0.015318893226578763
198206,0.0011126171265374066
198207,0.0012646604783387015
198208,0.0016240581731302383
198209,0.0004866490303869834
198210,0.02428086653144815
198211,0.0010802760687839005
198212,0.0008653633184591873
198213,0.0007982672189331692
198214,0.21629810015634116
198215,0.0007676418397326075
198216,0.0009018902782935638
198217,0.0010168329567559829
198218,0.0554514118593013
198219,0.0006557450482670663
198220,0.003173804650240703
198221,0.0005893694830673567
198222,0.0004989198693521671
198223,0.0013838296581690798
198224,0.0006403861595933424
198225,0.0028491305526482874
198226,0.002490885339099291
198227,0.0013236109985848715
198228,0.00071594603018343
198229,0.00197687370422177
198230,0.0015093958912296922
198231,0.0011221231037042883
198232,0.007324936437385831
198233,0.000623028667597639
198234,0.0010697602313635755
198235,0.000502244458980259
198236,0.0004801540625137702
198237,0.0008522209434109029
198238,0.0006555007005440133
198239,0.000702452533639562
198240,0.0007196667982133048
198241,0.003578904372136927
198242,0.0011584619267225092
198243,0.0010990361800319536
198244,0.0019156876758437266
198245,0.0015353930840217925
198246,0.0014933030550237268
198247,0.007567092044047072
198248,0.0012244637124001472
198249,0.0005685507331761297
198250,0.0008040075038932288
198251,0.000676287831179983
198252,0.0005167262837728456
198253,0.0006311078294786235
198254,0.0010623923453233583
198255,0.000822848019605095
198256,0.000994097298302918
198257,0.0005875495967724513
198258,0.0007126595019729853
198259,0.0003986772785866419
198260,0.0007100931661688295
198261,0.0036019338901995476
198262,0.0011763948593515104
198263,0.0004894345457373093
198264,0.05364006301279908
198265,0.0018796150404793788
198266,0.00815426543075372
198267,0.005109638033921958
198268,0.0005807448269570026
198269,0.01710515923447866
198270,0.0053166393879010045
198271,0.0012882246995828321
198272,0.11040329747816166
198273,0.0006168699555182862
198274,0.0005650405755970022
198275,0.03087346829619424
198276,0.0006765808169196341
198277,0.0006389047318425616
198278,0.0009257197166212762
198279,0.9938169777602186
198280,0.0009491397440147896
198281,0.0021081400104141293
198282,0.0006200066570734669
198283,0.002231887387610743
198284,0.0020743893973180195
198285,0.0006099490298266609
198286,0.0013525822778890106
198287,0.0006611755143298995
198288,0.0007345268108621158
198289,0.003762704398883241
198290,0.002094254541664523
198291,0.0011310685707531117
198292,0.0006162554392972027
198293,0.0012096081614808725
198294,0.0005129797036381201
198295,0.9956009620916627
198296,0.0030728129761497377
198297,0.0006707438189215443
198298,0.0006440698394141425
198299,0.0010085407146967582
198300,0.0012010219964846774
198301,0.0037392002025912275
198302,0.9844206569491112
198303,0.0007801977447780756
198304,0.0007930645949127061
198305,0.0007520441068839237
198306,0.0012557704977316931
198307,0.0005514101467376789
198308,0.0005466916513621976
198309,0.0012884193483822094
198310,0.0008019764310388257
198311,0.001770141342349064
198312,0.0025240304858898106
198313,0.006267174721923713
198314,0.0006904981335388884
198315,0.000962708722548466
198316,0.000587305243601924
198317,0.0005835864021695808
198318,0.006249811537843914
198319,0.000551399656932316
198320,0.007690544292538529
198321,0.000797785566761362
198322,0.0007751224493760653
198323,0.0005626958791825102
198324,0.0005686902267659459
198325,0.0005720510602385134
198326,0.0005185854991387288
198327,0.006239841243043526
198328,0.00041665152540382286
198329,0.001066593521459314
198330,0.004356145071027203
198331,0.0009786611283294636
198332,0.0018828045950864806
198333,0.0017414939124070178
198334,0.004584084120667478
198335,0.0010807552294637215
198336,0.0009627322109248468
198337,0.0005452200268977359
198338,0.001068416543454109
198339,0.00053298141122325
198340,0.0008919256981785861
198341,0.002675850302604329
198342,0.00305733634155501
198343,0.0004033405738773117
198344,0.0015205259208909876
198345,0.0007484578836462666
198346,0.0036903262442493402
198347,0.001690815582779262
198348,0.0007543944302913013
198349,0.0006478886505458093
198350,0.0009688076139029104
198351,0.0063375271240755865
198352,0.0017910935952224157
198353,0.0020838278600021996
198354,0.0013176447637251512
198355,0.0015675206679859792
198356,0.0005025766695794171
198357,0.0011019843357491076
198358,0.0004819583205568056
198359,0.0016304500278024581
198360,0.0003011698818490933
198361,0.000943842018242399
198362,0.0002887692716406696
198363,0.0009430792377581643
198364,0.0006156590072011591
198365,0.000790275114831495
198366,0.0008176957700622137
198367,0.000813673875213897
198368,0.0007014153486608538
198369,0.0011995128446507172
198370,0.0006200934329490804
198371,0.0007562825712074967
198372,0.0038692876469432645
198373,0.0006657164874470316
198374,0.0015951775290310001
198375,0.0009040211420088336
198376,0.0008032124559224402
198377,0.0007066102799769855
198378,0.0007235700212598264
198379,0.01267716355126513
198380,0.0005319973772980729
198381,0.000656021628283444
198382,0.0012135845553682717
198383,0.0012455174127225623
198384,0.0009576853017937937
198385,0.000655977870934072
198386,0.017034424728703493
198387,0.0013645981392851727
198388,0.010024797630707096
198389,0.0015295186299485457
198390,0.003393725146781289
198391,0.0008232043143697567
198392,0.0028842134472185886
198393,0.0013312582900002845
198394,0.0014957368036334334
198395,0.0010422760213464612
198396,0.0006102646212773901
198397,0.0007376994310999885
198398,0.0014127728634736104
198399,0.0011125826185305627
198400,0.0036689761095286804
198401,0.02806475320534342
198402,0.0006058480854764947
198403,0.002578563296836491
198404,0.0014676918094015767
198405,0.0019615233863751655
198406,0.0016990547139418039
198407,0.0013598805090516406
198408,0.0015206009602848638
198409,0.006691779856955356
198410,0.0005731120994900277
198411,0.0015682611815620166
198412,0.0015507079170189952
198413,0.001352259043669343
198414,0.0006062809376508106
198415,0.013971142108023044
198416,0.0005558207158096551
198417,0.0006862926643293982
198418,0.0006418724404248978
198419,0.0011412889342484818
198420,0.0007029454915153356
198421,0.0036394268939647853
198422,0.001301732359116531
198423,0.0006084304921264738
198424,0.0005947515430174554
198425,0.00980192990731568
198426,0.001353829192983316
198427,0.005843108750863618
198428,0.0017789934223116392
198429,0.010618381103749628
198430,0.0004940724786629845
198431,0.0031531357011837613
198432,0.011926126093797278
198433,0.0006750457798253523
198434,0.0010928330577226536
198435,0.0007571220644465221
198436,0.0008404806619371408
198437,0.01236072953084154
198438,0.002846319627049923
198439,0.0011662991057523487
198440,0.0008274430282337926
198441,0.0006093723502683256
198442,0.000859681447488281
198443,0.012130944250467162
198444,0.0015474184914585306
198445,0.0006144213947279841
198446,0.0006364829707379067
198447,0.0006804011516348591
198448,0.0006071949067008709
198449,0.0005324817577549198
198450,0.0011480219905241696
198451,0.0007516923654666204
198452,0.0008319169393261451
198453,0.053694111157254656
198454,0.0008971459248430199
198455,0.0060512167503150955
198456,0.0007172214831049229
198457,0.0009585253232124555
198458,0.0018438334505771104
198459,0.0008073265018780503
198460,0.0014383506157339418
198461,0.0016322176895625592
198462,0.0004919512013644423
198463,0.0007978541503609258
198464,0.002216481502263823
198465,0.003313279501259673
198466,0.0010325337016425017
198467,0.006472101134895587
198468,0.0007909426972839712
198469,0.0006542370469774115
198470,0.010285355445518757
198471,0.0007136120166779285
198472,0.0018548359862840642
198473,0.06204688714218372
198474,0.0009594703204658509
198475,0.0006176933234572704
198476,0.0004303429034248002
198477,0.0005936724142014222
198478,0.0010403550089903406
198479,0.0015306009632291115
198480,0.001422122748427756
198481,0.013728242423959735
198482,0.0006257243099025742
198483,0.0007153542873783434
198484,0.0007640131036513513
198485,0.002246555851183163
198486,0.0005821440152823042
198487,0.0020928569810698327
198488,0.0009776543164246485
198489,0.0012344069604041793
198490,0.0007870531649067331
198491,0.014769325043095468
198492,0.0006851052748457918
198493,0.007283912614889231
198494,0.0005643489873052958
198495,0.0007287001193911398
198496,0.0007636534267975112
198497,0.0016549130052802294
198498,0.005582691004916491
198499,0.000604890530393628
198500,0.0291469436293045
198501,0.0007200005524966265
198502,0.0009606612098613155
198503,0.0006955400198504043
198504,0.0006491105323944939
198505,0.0031950978386244997
198506,0.0007230429460294195
198507,0.0006971283102037342
198508,0.004015050708061137
198509,0.0009027904164317878
198510,0.0022657908300462532
198511,0.0009562813744968027
198512,0.0005766253920844315
198513,0.03412148596340881
198514,0.0006297152817775749
198515,0.0012170148944252144
198516,0.002900919422637251
198517,0.0008200486430746068
198518,0.0024150641825535623
198519,0.0029175340812365013
198520,0.0006366373239278478
198521,0.0006581686628806405
198522,0.0011546595982274096
198523,0.0021073049333921534
198524,0.0033027792618685404
198525,0.00038991935609720464
198526,0.00046267506775707996
198527,0.0031667085478088238
198528,0.0006556787550922737
198529,0.000920328042281804
198530,0.000743699394237518
198531,0.2003261014589998
198532,0.0018691925478735228
198533,0.000905111111725497
198534,0.00301055282318499
198535,0.00039783758571160146
198536,0.002145631851014641
198537,0.010303800142661091
198538,0.0009010406086309631
198539,0.000736171320078589
198540,0.001927170396704239
198541,0.0010430969241272021
198542,0.0007632739618767287
198543,0.996835328243592
198544,0.0010098994678466797
198545,0.0005754745196421578
198546,0.0005555836913602799
198547,0.002309574934081666
198548,0.08492111097543495
198549,0.0006293173449725376
198550,0.0013025570421532308
198551,0.0006079036175843024
198552,0.9971803794398401
198553,0.0007265201289607406
198554,0.0076502054865617624
198555,0.0012603149579333622
198556,0.0004735019314066262
198557,0.0007145112927529741
198558,0.0007816468046737487
198559,0.0008417140571641934
198560,0.0007306816260216258
198561,0.0013086215597442412
198562,0.0009700659940507935
198563,0.0014981380938536904
198564,0.004365348831265444
198565,0.986231370349943
198566,0.0006550656337450871
198567,0.0007670646586767951
198568,0.000502672259194499
198569,0.001320404981794129
198570,0.000654523518141492
198571,0.01980389829967865
198572,0.002148531016676931
198573,0.0016472172107728049
198574,0.0028243023368435057
198575,0.0005807924006947156
198576,0.0007893563009254654
198577,0.0007045473239758659
198578,0.20093080729075255
198579,0.0012325902045849195
198580,0.0012322181587463192
198581,0.001093034419678722
198582,0.006006055575769963
198583,0.001993104279391128
198584,0.05024774273631255
198585,0.010240260273557684
198586,0.0010870464772901832
198587,0.0005400190919496028
198588,0.004910695829015388
198589,0.0008315921453568733
198590,0.003299950440509442
198591,0.0012522585229254428
198592,0.0031502799779159632
198593,0.0008885874152268025
198594,0.0016163854083314766
198595,0.0011628160046180242
198596,0.0009520218508920111
198597,0.0007660058828174231
198598,0.9909613034842598
198599,0.015304527981762859
198600,0.9959663773361553
198601,0.03373172591613315
198602,0.0006626205878462076
198603,0.0010016606313823083
198604,0.0004795687522677107
198605,0.0007266026390786222
198606,0.004655210961232638
198607,0.00048149666517360255
198608,0.003998723209006112
198609,0.0022789525376028653
198610,0.0009595851739496886
198611,0.0017986085293021452
198612,0.0006849439904597743
198613,0.000578865534054576
198614,0.005183202976884699
198615,0.001072644955299257
198616,0.0006877994050434224
198617,0.0006594926150547496
198618,0.9966911191645353
198619,0.0021459319063484453
198620,0.0007655370364035171
198621,0.0011431490040366627
198622,0.0005823510209169108
198623,0.001019801073088693
198624,0.031280038405086114
198625,0.06455405840686884
198626,0.0009628055804616193
198627,0.9934117565678008
198628,0.002222607127730276
198629,0.0008097291829159017
198630,0.02516583627746779
198631,0.0014900923039441213
198632,0.002214776980808339
198633,0.003909984878491641
198634,0.0007341768422153744
198635,0.0040019680266890935
198636,0.13394695414014898
198637,0.016389748896430953
198638,0.006414584626285207
198639,0.0017793923413094704
198640,0.004052704002694982
198641,0.0010353182936744696
198642,0.00089210714009419
198643,0.0031694589027551363
198644,0.0010858676441223211
198645,0.0015752658047960754
198646,0.0010160584145801742
198647,0.0008802444026285569
198648,0.001092816427081453
198649,0.0016339661833936017
198650,0.0024587140982697655
198651,0.0018165974639494644
198652,0.006211337084277748
198653,0.002382505341596273
198654,0.0005502241976445667
198655,0.0006412339299054579
198656,0.0005593586548421946
198657,0.0013297364818674958
198658,0.0008187329715448082
198659,0.0006897231609116914
198660,0.0008838697803769144
198661,0.004192314381262498
198662,0.9949976018906852
198663,0.0005434905593335416
198664,0.003331496912689764
198665,0.00078720305472658
198666,0.0005439474317388965
198667,0.00045684007804123273
198668,0.0018266196087431525
198669,0.0008404267998529246
198670,0.0005190719237014662
198671,0.0005112995102933346
198672,0.001080841604430534
198673,0.0005487939217384389
198674,0.0007599431021487969
198675,0.021669496840131967
198676,0.013701943546720777
198677,0.0005065201067226086
198678,0.0007285661887540063
198679,0.0013764357712479746
198680,0.0011113464116706139
198681,0.001096440875030797
198682,0.008160049198488657
198683,0.0008607715020618637
198684,0.0005247863245755305
198685,0.0029868979027245926
198686,0.002033770835143367
198687,0.0009351977140702994
198688,0.0006891115904691555
198689,0.0014128695717027038
198690,0.0013637020970371694
198691,0.0012566541973499175
198692,0.007255754679943847
198693,0.0008846122107337006
198694,0.0005238234596357018
198695,0.0005368959827870797
198696,0.9967233471266757
198697,0.0014598351264320537
198698,0.005288528648801149
198699,0.0008080886605416802
198700,0.0010115651244160648
198701,0.20088315937340184
198702,0.0009622720912612446
198703,0.0009741593648394393
198704,0.00047874359356153077
198705,0.000652070751206446
198706,0.007565136242595935
198707,0.004930552829651307
198708,0.0019079250892209923
198709,0.004334972995080789
198710,0.0008876851088168586
198711,0.2003829921364414
198712,0.0008216035696861021
198713,0.001141027801523558
198714,0.0005691903236809318
198715,0.0021373651503001877
198716,0.000986161563653997
198717,0.0009390051933782131
198718,0.03674671845157995
198719,0.002628800482196189
198720,0.0014266510374221773
198721,0.0014678465632056855
198722,0.001377259865812445
198723,0.0004921252308063282
198724,0.001729853402263195
198725,0.006578607663680543
198726,0.0036168118901892875
198727,0.0015774516874900186
198728,0.0006674703692980709
198729,0.0006834992229238603
198730,0.0005554889835827773
198731,0.0005094974280950014
198732,0.0037056647235341727
198733,0.0006750134905920905
198734,0.002652206139376656
198735,0.034514154303185836
198736,0.003912438068491693
198737,0.0008492902190731439
198738,0.0005795684919875023
198739,0.00931146663068555
198740,0.0010519133229801784
198741,0.00911912585933347
198742,0.0010808499334716152
198743,0.005218172557274179
198744,0.0006084840743497291
198745,0.003372521636129745
198746,0.0010073553952897316
198747,0.0061164584561967175
198748,0.012614529908910736
198749,0.00045145026297259216
198750,0.006572719206339237
198751,0.0007284333694290068
198752,0.0031538995776976683
198753,0.0024000721360159733
198754,0.02209526432648723
198755,0.0008131431091025484
198756,0.0016316991332393075
198757,0.0004973625769552053
198758,0.002370210403411852
198759,0.006884181284121932
198760,0.0005719785241116912
198761,0.0018518709247896956
198762,0.0008522587903010681
198763,0.0021495301628670135
198764,0.0016699037172622161
198765,0.9693430744166893
198766,0.009048360956691207
198767,0.0013432940395249281
198768,0.0014803357124863496
198769,0.005676203431262437
198770,0.0021267453018672215
198771,0.0013577270152602772
198772,0.003402467996822667
198773,0.0005756673684893502
198774,0.004297563414965706
198775,0.00040983641495021114
198776,0.0006159519580966532
198777,0.0007437227228977395
198778,0.0091806047578577
198779,0.0009088434447079829
198780,0.0012816417243239292
198781,0.0031825685002428413
198782,0.0044493820564923455
198783,0.0009931033601111826
198784,0.000483600986502951
198785,0.0037908591741198597
198786,0.009275584722166063
198787,0.0006170711532377698
198788,0.0005207699607574139
198789,0.002923636701415948
198790,0.0008889467015542097
198791,0.0006313079164708186
198792,0.003216490902687902
198793,0.0012838789676018964
198794,0.0005666771237245881
198795,0.0006467750056741365
198796,0.00051566731598554
198797,0.005690705803679552
198798,0.0010893617591710134
198799,0.000931712333474289
198800,0.0012729602717047675
198801,0.0025682478458065156
198802,0.0030736100144543995
198803,0.0008870501910741547
198804,0.0005479942088441308
198805,0.0004194812683127606
198806,0.0009956741579503633
198807,0.0008233989749428074
198808,0.0008269111651573191
198809,0.000602101825648954
198810,0.00320128567170174
198811,0.0012423169742339288
198812,0.0013938466358161094
198813,0.0010379907448618154
198814,0.00528661032588037
198815,0.0004940926242287658
198816,0.0006833337539502099
198817,0.0030445708562621054
198818,0.0022211332460891427
198819,0.0011713819350444216
198820,0.0079193988705338
198821,0.0014635372368890318
198822,0.001960222780606838
198823,0.0006594132735276018
198824,0.0017022133005930324
198825,0.0005509144031618164
198826,0.0009475410740726287
198827,0.006661076934447025
198828,0.0012237835139842523
198829,0.0006167458322243911
198830,0.0012893484601211801
198831,0.0019834462181264963
198832,0.010020926595636814
198833,0.008083068065518052
198834,0.000656438255053374
198835,0.0006123968296699741
198836,0.00048088628924185
198837,0.0007784867825512526
198838,0.001840479215345919
198839,0.002370532953122702
198840,0.0009864626539912518
198841,0.0005230940021455502
198842,0.004661039470174037
198843,0.0005001954989178961
198844,0.0008994555906942062
198845,0.0036408184543350393
198846,0.0009617607412746659
198847,0.004749601046240583
198848,0.0005017330183709978
198849,0.001476806474111704
198850,0.0010708911242798447
198851,0.005862579598473864
198852,0.007063605611500724
198853,0.0007625892722848638
198854,0.00045997307690240417
198855,0.0037692180151984458
198856,0.0006020705067812116
198857,0.0010317276317888678
198858,0.0011616332037406147
198859,0.0006367067250475114
198860,0.0005909686707608442
198861,0.0005923500070924442
198862,0.0008549658121402444
198863,0.0014503828439727264
198864,0.012818949707304673
198865,0.003869329762980777
198866,0.0015471397613905668
198867,0.0010755975565455297
198868,0.002801477781085665
198869,0.001729747739062861
198870,0.0005952800300294942
198871,0.0010198526814930243
198872,0.0018953812399759094
198873,0.0005282547476221169
198874,0.0007502787897279721
198875,0.0032738052604629406
198876,0.0014065112019475581
198877,0.007550485079464528
198878,0.0007012828676807995
198879,0.0006498471540135408
198880,0.0011161341504800659
198881,0.0008062281001363577
198882,0.0005547099050352979
198883,0.008071171331053988
198884,0.0030746204601370935
198885,0.0021628198839506512
198886,0.0010734085818252636
198887,0.004417709192649133
198888,0.001864578533923419
198889,0.0006827466660961923
198890,0.0005163377171268806
198891,0.0012489782028462099
198892,0.002158678042183045
198893,0.0007188663821030361
198894,0.0005850500772915468
198895,0.006355033692484011
198896,0.004423002251172806
198897,0.0007664172677335087
198898,0.002282339218611059
198899,0.0005695631587458553
198900,0.0008579536916221136
198901,0.0007063618488093704
198902,0.0006424657615774856
198903,0.0009147507040895896
198904,0.0007025890418388735
198905,0.000583553437702594
198906,0.0005645856150994698
198907,0.001239991896069004
198908,0.004331010918681044
198909,0.0005398203129675881
198910,0.00676148888262025
198911,0.0011659474305654584
198912,0.0005135956110219788
198913,0.004426368933045888
198914,0.0017540093346168377
198915,0.0010615915724443033
198916,0.0006529942637581662
198917,0.00046176967371884124
198918,0.0007959568672127012
198919,0.0013065160142821755
198920,0.0017541974560172106
198921,0.00076485334805103
198922,0.0009680751799787534
198923,0.0010290479387942595
198924,0.0008945406222652994
198925,0.0065690176828512485
198926,0.0007094469307989408
198927,0.0005112644131951075
198928,0.00629249159350189
198929,0.001345542373512604
198930,0.001272617265320711
198931,0.0009189986384455595
198932,0.9940803140593514
198933,0.0012813619290830986
198934,0.007423570879462141
198935,0.0005127232050063056
198936,0.0007765543498811007
198937,0.005612114225041371
198938,0.0033636625539172336
198939,0.0024493211215055734
198940,0.0006575961207316882
198941,0.020201101109492973
198942,0.002609303553666417
198943,0.0008436490006800098
198944,0.0018644128475737353
198945,0.000886660704433879
198946,0.0010467184737014733
198947,0.0007474447350078065
198948,0.012502656074841936
198949,0.004007256832014002
198950,0.02498800580517075
198951,0.007063786660385514
198952,0.0008894029832289222
198953,0.0005720080837880064
198954,0.0006813953407228766
198955,0.0045510030126852796
198956,0.0006041356243373046
198957,0.0009033552729564055
198958,0.0032305147137871794
198959,0.0006381025715246254
198960,0.0014097934107279544
198961,0.0014036747250967358
198962,0.0004452197160455635
198963,0.0016492809106135537
198964,0.013462953002743501
198965,0.0007266484577108973
198966,0.007578928892089794
198967,0.0015101786638853192
198968,0.0006053422382044754
198969,0.006672068587599686
198970,0.0006040710174777819
198971,0.0004618110022203752
198972,0.0005857376136624344
198973,0.0017962806156091933
198974,0.0027618653954617394
198975,0.002607502429249109
198976,0.0007644772581734276
198977,0.007099519764254993
198978,0.004209170005970618
198979,0.010754158855232447
198980,0.0006436014787109486
198981,0.0009538161144338501
198982,0.0007999357929710128
198983,0.0004216976736992186
198984,0.0011857138799889352
198985,0.000740000289086302
198986,0.004055882169412701
198987,0.0006202661176316091
198988,0.00043066514093827434
198989,0.0006359623622871347
198990,0.000844399194294714
198991,0.0008786152353472686
198992,0.005919042330606894
198993,0.0010835428173273458
198994,0.002180972209410962
198995,0.0014486398408006074
198996,0.0015499167902218872
198997,0.006788972759555501
198998,0.03756946896811905
198999,0.0005882851544078105
199000,0.0004815404014899621
199001,0.0009714691021171399
199002,0.0008301919039473698
199003,0.0027212967829665182
199004,0.00385680910995933
199005,0.008991121637214619
199006,0.005654245528320363
199007,0.001497221201364246
199008,0.0012596631019948408
199009,0.0005589382802320341
199010,0.0032510773284559523
199011,0.0010947351616078813
199012,0.0022861961438632606
199013,0.0010410868873424587
199014,0.0006306078915485559
199015,0.009784103372137368
199016,0.0008102763310834031
199017,0.0006505362409814574
199018,0.0009412628364452913
199019,0.000572773581229577
199020,0.004380154605999257
199021,0.0004572057628819887
199022,0.0023536619096370913
199023,0.0004428412886946308
199024,0.0011090817876826635
199025,0.004921652536676524
199026,0.020159638357662338
199027,0.0004881926078573844
199028,0.0008710384367803211
199029,0.0021341709698512873
199030,0.0007026556917085528
199031,0.015376993781307191
199032,0.0007300762593093913
199033,0.0010051348355085902
199034,0.0028039176689091286
199035,0.0015515607716390834
199036,0.0007241788983715144
199037,0.000720670316820487
199038,0.012627482329895223
199039,0.0029635717023221734
199040,0.00833872722063184
199041,0.0008333568365835351
199042,0.0007682770114115075
199043,0.0006204348911853176
199044,0.0005910139580990112
199045,0.0005624722701343776
199046,0.0028357505530922965
199047,0.000649673784941587
199048,0.03826932710544992
199049,0.003848177080448088
199050,0.9931301854912095
199051,0.006747473549420916
199052,0.0006940962923149733
199053,0.002316578159237007
199054,0.00048048604375561043
199055,0.005523855401095285
199056,0.0016792075197658261
199057,0.0015376827604753158
199058,0.003196063496691797
199059,0.0007083052126942204
199060,0.0012777831080583706
199061,0.017382386498451304
199062,0.000594689319124368
199063,0.01321144647485959
199064,0.0015843298320828932
199065,0.0013814672934346541
199066,0.0011662403684840185
199067,0.0033765752136913603
199068,0.0006794045122618198
199069,0.0008502282639709822
199070,0.008334268988315782
199071,0.0006522812983155097
199072,0.00054588775015541
199073,0.015696481175134586
199074,0.0009040479171228326
199075,0.0009834057144423557
199076,0.00036828018539315744
199077,0.0008232585117678604
199078,0.0011883360234436146
199079,0.008185458647890125
199080,0.0313891784856884
199081,0.0008850157970189756
199082,0.015283868976221374
199083,0.0014645319954935774
199084,0.0005619461746215892
199085,0.0009535189934894488
199086,0.000444882200223526
199087,0.0013163922804985215
199088,0.0005432325907351975
199089,0.0007494796342234637
199090,0.9971101892907717
199091,0.0006201827167042483
199092,0.003393965387799896
199093,0.00151272969552529
199094,0.42821824991235014
199095,0.004926969273314867
199096,0.0016410030282664049
199097,0.006206802353552707
199098,0.0006508423252803139
199099,0.0009276316879905375
199100,0.0016996333702242097
199101,0.0008324831096932969
199102,0.0015208544307346902
199103,0.0006080061597651139
199104,0.0007079968094401993
199105,0.0012701413072905322
199106,0.0004938579398565449
199107,0.0017836325118247582
199108,0.0006826575374600707
199109,0.0005873548140845741
199110,0.991965980521908
199111,0.0033480093189784425
199112,0.000747403384723039
199113,0.0006497988827605637
199114,0.0010463072280987814
199115,0.0008069600577252842
199116,0.0014793619484946912
199117,0.0010267309324823721
199118,0.010864896322814939
199119,0.0005044604202453822
199120,0.0008202740178082188
199121,0.0017610316304252926
199122,0.0005390083104606757
199123,0.0035165445023067465
199124,0.0007774733084142357
199125,0.0006165145059677789
199126,0.0010084061803810964
199127,0.0012542315427821848
199128,0.000572461050267322
199129,0.0008754480863442527
199130,0.0026954407016448884
199131,0.003722878828327763
199132,0.0004202903106077787
199133,0.0035403893199354164
199134,0.0025936780370085124
199135,0.002865155489545885
199136,0.0042081770846124035
199137,0.0024529830558483175
199138,0.0003776317330886253
199139,0.0005857306215689646
199140,0.00083411034136945
199141,0.002355540706714615
199142,0.0007351170285581803
199143,0.0007015730364457375
199144,0.0005541413545525576
199145,0.0005761574102098031
199146,0.0025201113910078
199147,0.0007443348520573359
199148,0.0015494542815256084
199149,0.000766486070682386
199150,0.0009232721178884234
199151,0.001096384119122258
199152,0.0018923453469121279
199153,0.00854535511025148
199154,0.0006676020770172328
199155,0.0011876470240136353
199156,0.0009715096273515587
199157,0.0007821987393407143
199158,0.003412538413915987
199159,0.0011520688018940178
199160,0.0013776409352361236
199161,0.0013024510887772501
199162,0.03692347051365468
199163,0.0010594213319145348
199164,0.0008498001923054028
199165,0.03478318036241473
199166,0.0031707519084226816
199167,0.0006856889173704158
199168,0.0008037850393148873
199169,0.00045088607131426423
199170,0.0005957403508149706
199171,0.0005581257461153765
199172,0.029717283734919324
199173,0.00772065382199294
199174,0.001083627323681463
199175,0.0009064437072470813
199176,0.0005552331434687442
199177,0.0006947828546012176
199178,0.0019558057003193005
199179,0.0011950138960041216
199180,0.002414200985937271
199181,0.021779380859962144
199182,0.0006889974440641884
199183,0.0006555868689791528
199184,0.005604643351855053
199185,0.00048792703340280773
199186,0.0021679698431816374
199187,0.003598251340933344
199188,0.043769860904791444
199189,0.0009121110051887911
199190,0.02007062000920693
199191,0.0007151081006334275
199192,0.0014250472076684376
199193,0.0012444176897950245
199194,0.000734636131153638
199195,0.001416556390328544
199196,0.000599419833623101
199197,0.0006070804211479476
199198,0.0019852466176500955
199199,0.0009157030740663586
199200,0.001580486579855994
199201,0.0010958673900922772
199202,0.0006071456314878896
199203,0.011270539075718523
199204,0.0020623237419792966
199205,0.0018619698668395162
199206,0.0014505743602501813
199207,0.0008603115497921943
199208,0.027090174925610423
199209,0.0006234799628986124
199210,0.0014318950972574233
199211,0.0004806457568677096
199212,0.0008416394810265588
199213,0.0011363639867380964
199214,0.0005616710472654304
199215,0.002305262013594947
199216,0.00036893721824174754
199217,0.02355351635407723
199218,0.0006973913832799671
199219,0.0013414767721254023
199220,0.0013843803444889805
199221,0.9984073661778667
199222,0.0005462182630830387
199223,0.0007267154268099778
199224,0.000563955086720618
199225,0.004589510036887357
199226,0.0014045348250547364
199227,0.001124281691659923
199228,0.002277968392686263
199229,0.00365901151957992
199230,0.005998565927560741
199231,0.000500965156300214
199232,0.0018669635063117032
199233,0.0006334075746432575
199234,0.0008668592290263802
199235,0.0004737681185852991
199236,0.0014432418929151269
199237,0.0005533897417119287
199238,0.0010902148721483062
199239,0.0005888902303316161
199240,0.0012506259921126572
199241,0.0014618738242449618
199242,0.0006148179871422693
199243,0.006507541987226563
199244,0.0005712057511047563
199245,0.001061227369363997
199246,0.0010702658354613888
199247,0.0010034477614107328
199248,0.0007284856706060475
199249,0.0016283371392025172
199250,0.004973918006711655
199251,0.002070448393791578
199252,0.0006732649595934
199253,0.0009637766234091272
199254,0.002816153252879711
199255,0.00046811634521731375
199256,0.0017060970386285437
199257,0.005582564739230838
199258,0.0008831508744830493
199259,0.000782069074033548
199260,0.0007389625065616435
199261,0.00333716048854623
199262,0.0009446470271604899
199263,0.0008926469908667116
199264,0.0016808003766378532
199265,0.00072444035726898
199266,0.0006320727024935119
199267,0.007423866794097408
199268,0.0012393660205498244
199269,0.0006933298922444902
199270,0.013547259468806905
199271,0.0005837382465975666
199272,0.0004688137655926675
199273,0.0010003810973599838
199274,0.006393624985670027
199275,0.0026850836320699094
199276,0.002151224814670864
199277,0.000650843412600867
199278,0.0011512606746674659
199279,0.0005573218898951063
199280,0.0011857345818953242
199281,0.00086382102944805
199282,0.0006986834679676411
199283,0.03084723285324522
199284,0.0008449766709182533
199285,0.00470292359654715
199286,0.0012733532310087738
199287,0.0008058737274600269
199288,0.000631530566852275
199289,0.0004799909713165823
199290,0.006578942499362797
199291,0.0007531852354200935
199292,0.0005726281719592738
199293,0.0021723585066031554
199294,0.0005545956109678948
199295,0.002805992036427683
199296,0.0030280766468136705
199297,0.0008303813495069497
199298,0.0009645423850811444
199299,0.000842835329065402
199300,0.0007376468618784527
199301,0.0005365479054156193
199302,0.0003431047444426629
199303,0.00878902045844898
199304,0.003245040571600213
199305,0.000587112539713256
199306,0.003419990330396903
199307,0.0051962475285693335
199308,0.000621284126521407
199309,0.000364884265123088
199310,0.0008636654676977199
199311,0.0009330854741393329
199312,0.0007676220928463052
199313,0.004126101110768007
199314,0.000899389930727198
199315,0.0005029021477618331
199316,0.0006098592372110307
199317,0.0010352989716772894
199318,0.0047383521267783295
199319,0.0008378426194960105
199320,0.0008123587989098246
199321,0.0053572770048021965
199322,0.0006520526874844939
199323,0.00590745820871395
199324,0.0030907084133095083
199325,0.0009516307360012825
199326,0.0007149818138546618
199327,0.0006926561607527729
199328,0.008372212499619586
199329,0.010034173094788955
199330,0.0007645983753680591
199331,0.0018823641139859616
199332,0.0006167086595978577
199333,0.010112707344889175
199334,0.008422926715451865
199335,0.0032651901937150677
199336,0.00045133514016598383
199337,0.002321993611077863
199338,0.0032442683104589565
199339,0.0004855089923015439
199340,0.003516358105326374
199341,0.0011684138335892858
199342,0.0005425130805886367
199343,0.0008168797164148675
199344,0.0006845409746002076
199345,0.9962747261274865
199346,0.005371325414773319
199347,0.0009645829867671381
199348,0.0036451054365729306
199349,0.0005122213363824301
199350,0.0004891289098069411
199351,0.9912746207879375
199352,0.0009138421628917639
199353,0.005881910321769546
199354,0.0006936832953157089
199355,0.00044351014513277314
199356,0.0034742168788619524
199357,0.0004634772161000989
199358,0.0004920089561683484
199359,0.0005842377626320501
199360,0.0014475683130332608
199361,0.0008608811590202626
199362,0.000718906081345588
199363,0.0008302076396593703
199364,0.0009507157479725629
199365,0.0005533851398287297
199366,0.0006407558233044624
199367,0.0016264888081203611
199368,0.0016614349809100275
199369,0.0006608020234185376
199370,0.0005864719318533973
199371,0.0007137752958649162
199372,0.000759552083081908
199373,0.0035700691413194457
199374,0.002467029748121611
199375,0.0007151805877985193
199376,0.005103958789673341
199377,0.0006434433651392885
199378,0.0035361863621025773
199379,0.0005350803338634625
199380,0.0005188036381439631
199381,0.0022391952855243345
199382,0.0012401107590164677
199383,0.001805521015110788
199384,0.003583534768615437
199385,0.0014772931615103894
199386,0.0015746445071551593
199387,0.0005520032886974185
199388,0.0006217051886384335
199389,0.0007330396711563821
199390,0.00874167786884093
199391,0.007379883865446003
199392,0.0008370154196609644
199393,0.0006076240479278164
199394,0.003442093770570716
199395,0.030238112133839902
199396,0.0008453236472753913
199397,0.0006203456662124856
199398,0.0006358979042842177
199399,0.016278126773422406
199400,0.0016552565612069634
199401,0.0011852070894794908
199402,0.0005872229677588875
199403,0.0018849459722331766
199404,0.0005647421667397214
199405,0.0007239997036776889
199406,0.0005261149170515301
199407,0.0020545537136895968
199408,0.000681272732247703
199409,0.0014048791443299394
199410,0.0007580121847632949
199411,0.00046352429451811626
199412,0.0004965059961352845
199413,0.0007030352308394897
199414,0.0006286736749208464
199415,0.0019321368913340223
199416,0.0006504106107992744
199417,0.0007147253191470956
199418,0.000809669521503029
199419,0.0004925733889699746
199420,0.001616108393464949
199421,0.0035132854561832493
199422,0.0011991239160421977
199423,0.00040340101920182097
199424,0.0009627930886158208
199425,0.9972936560079861
199426,0.012045063896988503
199427,0.0008042926098489611
199428,0.0013601842732269933
199429,0.001038623847156273
199430,0.01784368727226978
199431,0.002493580270222561
199432,0.0013417735755604954
199433,0.002522977564291773
199434,0.000515289846491119
199435,0.0030815558912401166
199436,0.0005733555138276778
199437,0.0005062827281678491
199438,0.0014187184766620506
199439,0.0008407134195803533
199440,0.002092387423439271
199441,0.0009322160873538475
199442,0.00550301107372367
199443,0.000732139611952012
199444,0.00208274550354027
199445,0.0007336724680301182
199446,0.0006861966328015102
199447,0.0007186088737365272
199448,0.0007522959154057314
199449,0.051328224099476696
199450,0.000923552701086307
199451,0.0059571581904313345
199452,0.000878735125579906
199453,0.0006472164913827361
199454,0.0005755836518227819
199455,0.00074984992236379
199456,0.000623171731267381
199457,0.000532723817699195
199458,0.0006597840272499555
199459,0.005719991620302969
199460,0.00227278336714579
199461,0.0007991568096992871
199462,0.0028971093095140478
199463,0.0006242790417189108
199464,0.0005943266114628782
199465,0.0009560835907479056
199466,0.0006367251282649041
199467,0.0058507625445471875
199468,0.004943149934317594
199469,0.0005152523052587968
199470,0.009310236467032848
199471,0.001270386599604561
199472,0.0009947307868656097
199473,0.0006487826639008749
199474,0.006878006630842143
199475,0.0017116027100584743
199476,0.0005310065585826556
199477,0.000582753051234678
199478,0.0006060045752458502
199479,0.00187192051825177
199480,0.0037684607722370507
199481,0.0009286082840300326
199482,0.010489721770803262
199483,0.0017812112612344486
199484,0.0006173684257247433
199485,0.0005741916224447196
199486,0.0007540687011681352
199487,0.0023388570615170395
199488,0.0007283562408677775
199489,0.0005596904776929549
199490,0.0004907074567657972
199491,0.0020519986272700933
199492,0.005534316159958273
199493,0.9962770638573117
199494,0.0006700733172141934
199495,0.004987223753076352
199496,0.006275882968023757
199497,0.000539561459171362
199498,0.0006105644887676849
199499,0.0015789355809035378
199500,0.9913312508957337
199501,0.0017528777834143498
199502,0.0005159958333362031
199503,0.0005992538444860874
199504,0.000710881596576801
199505,0.0012952640717922522
199506,0.00067743209049228
199507,0.0008027977987427893
199508,0.0014711130526470241
199509,0.0020100070629633033
199510,0.0008588587430704737
199511,0.0035062556124499347
199512,0.001456579158945545
199513,0.0008602975229151054
199514,0.0017313945213433867
199515,0.0006207819502222307
199516,0.0020804143530852824
199517,0.0023096543064111087
199518,0.0008330760015987657
199519,0.0007399792927266762
199520,0.0004717929404606319
199521,0.0006916042590866573
199522,0.00671579746728928
199523,0.004647297280713053
199524,0.001014862705481232
199525,0.00047600990415860335
199526,0.0013935916598723677
199527,0.001356245508086681
199528,0.0005865867898823553
199529,0.009816714145192581
199530,0.0005524471838082365
199531,0.0005519705223157704
199532,0.0007891717510983675
199533,0.00027278753576414055
199534,0.0005840101558440599
199535,0.0005551976177035284
199536,0.0006773913729349477
199537,0.0021918603814495437
199538,0.0006549138296810956
199539,0.0008157188974026689
199540,0.0033023804020377435
199541,0.9968520199353882
199542,0.0010622080446165822
199543,0.0008903582174571941
199544,0.006548424751211924
199545,0.0007825100862018598
199546,0.0006612655315278815
199547,0.0011139140821598325
199548,0.0005507161049483408
199549,0.0018373443606653646
199550,0.0015888421238303267
199551,0.0008383862587691743
199552,0.001601411901277223
199553,0.0012651958359932497
199554,0.0004916716569246589
199555,0.003278420752367696
199556,0.0012566701478167299
199557,0.0005423784054490443
199558,0.0009506813614731983
199559,0.000521684943085794
199560,0.0013561377316423232
199561,0.0006920694567448247
199562,0.0007763833552601489
199563,0.02482180755910198
199564,0.9836142668526059
199565,0.0013865211335621702
199566,0.0014960455846067173
199567,0.0014029701441139863
199568,0.0005992421970651052
199569,0.0033377746391047283
199570,0.0005201356801875895
199571,0.0021447153394393913
199572,0.000601127706375595
199573,0.0007977304457046089
199574,0.0012942720967770304
199575,0.0008866182394559972
199576,0.0003942636030682934
199577,0.002043478105141899
199578,0.0016654353346580114
199579,0.000629503779078445
199580,0.0006125215526232844
199581,0.001231175191931647
199582,0.0005832841014384768
199583,0.0005583874500656341
199584,0.00039656275186968727
199585,0.0006292002385936469
199586,0.0006558659624472419
199587,0.000576116016583596
199588,0.0018965076072254227
199589,0.0005723306441939003
199590,0.00039456148212464254
199591,0.0013979296191543632
199592,0.001295260381169008
199593,0.001055721566620966
199594,0.0006007237262346543
199595,0.0018325526644967422
199596,0.002638390325284571
199597,0.0005873591613489995
199598,0.0037371164413780395
199599,0.0005546878092079886
199600,0.00197403248116434
199601,0.0004226527380361768
199602,0.009353925604021304
199603,0.002000977543160278
199604,0.0007849976408896514
199605,0.0023707047519484882
199606,0.0009745058943054037
199607,0.0012328655772386441
199608,0.00047880106734095383
199609,0.0007147954102192781
199610,0.0006355799944463571
199611,0.0005714268446318547
199612,0.0007135719795495978
199613,0.0013011742177663041
199614,0.0005390845436518416
199615,0.0007727427694667295
199616,0.0017959246164319155
199617,0.0006938473399473559
199618,0.0005101921197184868
199619,0.002329191205062618
199620,0.000542988592620988
199621,0.0005066821358946707
199622,0.0004800512259587662
199623,0.0017706671862787909
199624,0.0005861132645714702
199625,0.00326834818372093
199626,0.0011208036211473918
199627,0.0014001439997333052
199628,0.0005603643809531638
199629,0.0004776803336639713
199630,0.000699605204652484
199631,0.00701794966500629
199632,0.0039085103236132035
199633,0.0007055273099025357
199634,0.0006847700755679208
199635,0.0007655020235374543
199636,0.0016860282208204943
199637,0.001526940630199666
199638,0.002067678553965423
199639,0.0007358199093810529
199640,0.0010019794921581266
199641,0.004194125199901596
199642,0.0008005234823667861
199643,0.0007692866239548205
199644,0.0014583249886623935
199645,0.0008974715929790679
199646,0.0007342570861344853
199647,0.0002962201085266921
199648,0.0014359565092389173
199649,0.0013164433078692555
199650,0.0006960630119276955
199651,0.0012471256419408258
199652,0.0007375766572373998
199653,0.0006872772257311203
199654,0.0028440841075380767
199655,0.001491451000829587
199656,0.005411126758515462
199657,0.9951003195133505
199658,0.002281271137089195
199659,0.0007592751243280709
199660,0.0005107013405250757
199661,0.009508029135006854
199662,0.0006213573408347275
199663,0.0033333543597679686
199664,0.000554994835533931
199665,0.0006021717695086641
199666,0.0007926960086056214
199667,0.002782869161192753
199668,0.012464281643320545
199669,0.0008348013730418529
199670,0.0009665183302031838
199671,0.0010136018402988666
199672,0.0013623704582939671
199673,0.0005677273787175857
199674,0.0006531170479390999
199675,0.0005752302184785278
199676,0.0005554844567308935
199677,0.000740389020806978
199678,0.0018753517623807895
199679,0.0006296531567898453
199680,0.003755416765219368
199681,0.0007483515393272044
199682,0.0004105646119460598
199683,0.0021642150351853023
199684,0.012953919585336373
199685,0.0004269466220657143
199686,0.0007156196858922388
199687,0.003359660495257685
199688,0.0004424643029347654
199689,0.0007539006362202597
199690,0.0006744300443483862
199691,0.0007386766548203664
199692,0.002297874112585446
199693,0.057609947362614614
199694,0.0007794349205450958
199695,0.023999686179946737
199696,0.0006737489873097775
199697,0.000898564874762001
199698,0.0016010372924920564
199699,0.0005138502464676925
199700,0.00046771415631471593
199701,0.0006884501566352074
199702,0.004822820669236216
199703,0.004481160666274629
199704,0.004770457811537046
199705,0.0006125700534249994
199706,0.0004822920187611558
199707,0.0014336251627985607
199708,0.0014485675150160055
199709,0.0009688573631325842
199710,0.001417185228189391
199711,0.0004948852358185672
199712,0.0007684126098852033
199713,0.0009964344199800033
199714,0.0007857967226546022
199715,0.0016877796559616304
199716,0.0012591320358400994
199717,0.002173697068994003
199718,0.0015891810861802574
199719,0.00132927606141421
199720,0.0005869212536894532
199721,0.0018124509126019516
199722,0.0005654747428215984
199723,0.0009963536024933562
199724,0.001484120112861611
199725,0.0007462422763790419
199726,0.0005017983617274444
199727,0.00062314035937189
199728,0.004219505998087138
199729,0.0008127228041473255
199730,0.0029486545108999853
199731,0.0006109082113396106
199732,0.00043338625984153963
199733,0.0024201274929696107
199734,0.0013862430321166688
199735,0.0009436948286347675
199736,0.0006752668548879708
199737,0.012392419394002995
199738,0.0006908877725189924
199739,0.0006836741739041528
199740,0.0014447640098391632
199741,0.0005721327395122089
199742,0.0022116031123047388
199743,0.0021052394893273374
199744,0.005701637594536801
199745,0.0013270381462619015
199746,0.0007499154770329792
199747,0.0007443183068580131
199748,0.0007176622521420746
199749,0.0004943304085815543
199750,0.0004938020688499614
199751,0.002288980951990398
199752,0.0013641924188587395
199753,0.0017196083633059442
199754,0.0021263983086912746
199755,0.0010689928929821064
199756,0.0008088742636085869
199757,0.00110667375945298
199758,0.0013711519567587665
199759,0.00332837510126197
199760,0.007646743236249295
199761,0.001039498995375129
199762,0.0005836555567761024
199763,0.008025597844880219
199764,0.004641927147690906
199765,0.002826244066234002
199766,0.001232605080175368
199767,0.001645603355667905
199768,0.00045300408075058896
199769,0.0007222757283084124
199770,0.0015118986707513384
199771,0.0008588580014586907
199772,0.9776212559871477
199773,0.0008291149693123443
199774,0.0006758706894143496
199775,0.000565279962062816
199776,0.0008204544550952098
199777,0.0012032862360271826
199778,0.005493693581927499
199779,0.0032555431174059284
199780,0.0005390746293330523
199781,0.001378405209936943
199782,0.0005822249181166024
199783,0.0011862822140897252
199784,0.0018113552072457559
199785,0.0010218135128044667
199786,0.0005657824220626966
199787,0.000870091625174888
199788,0.00769524611220761
199789,0.0006083754671277326
199790,0.0005909882667660052
199791,0.004040128254260668
199792,0.00047957346645194533
199793,0.0013302826228870012
199794,0.006370138177566464
199795,0.0016645020417502417
199796,0.004003763111819303
199797,0.0011040946063874243
199798,0.0006330550691351219
199799,0.0010472443682620239
199800,0.0006306965954617921
199801,0.0004955762030469532
199802,0.0010232456878845402
199803,0.0006120360114996317
199804,0.0007879697558124778
199805,0.0006699907078743598
199806,0.0005785499641208712
199807,0.0007327331855968037
199808,0.0015982500575216986
199809,0.0006550794395123077
199810,0.0005537131722161764
199811,0.0010237913437274788
199812,0.0011548687206283854
199813,0.0006180181126399186
199814,0.003310067788597982
199815,0.0006825562672712697
199816,0.0005427184324587216
199817,0.0009730803585316511
199818,0.9964304120290535
199819,0.0008262367016905648
199820,0.0004905959804511609
199821,0.002583976054660135
199822,0.0014805675122707344
199823,0.006146387740460174
199824,0.000648640511549062
199825,0.0015925300653712989
199826,0.0004610123767373797
199827,0.0003194048554230905
199828,0.0018224268436972087
199829,0.0005860699001387058
199830,0.0004970972046487242
199831,0.004069288268505461
199832,0.0005670522977496046
199833,0.002649952337399826
199834,0.0005115299369415657
199835,0.0003957334743915243
199836,0.0012707661799133245
199837,0.0005583007507267706
199838,0.0009215729017683064
199839,0.004849998759311342
199840,0.0005856666662933478
199841,0.9991478304617745
199842,0.004067578141458563
199843,0.002201422792985082
199844,0.0006395433366336808
199845,0.000947816429484999
199846,0.0039347672999241814
199847,0.0016296693801229854
199848,0.995788084876244
199849,0.0020251057740398376
199850,0.001121537330031387
199851,0.0011360709073312274
199852,0.0006172552057403896
199853,0.0014207655668176072
199854,0.0006188198373125387
199855,0.0006733422547939363
199856,0.0005343539438443895
199857,0.0008704518278598644
199858,0.0007522687750446871
199859,0.0005816797187060662
199860,0.0005690064304077698
199861,0.0008986481994958753
199862,0.0006065042144690076
199863,0.0005145199032864258
199864,0.000950540071071521
199865,0.00418809975102928
199866,0.0005145511612970333
199867,0.0010260241395761188
199868,0.0006433506303656447
199869,0.0018934242711469663
199870,0.000683218259864455
199871,0.0026758721442163395
199872,0.00266198537390508
199873,0.0006676015574105873
199874,0.001096700250736331
199875,0.0007005789846895082
199876,0.004310416188473892
199877,0.0005302866781152312
199878,0.001677314876348179
199879,0.0003993421575650398
199880,0.04186867300221535
199881,0.0034612052020689733
199882,0.0028247896188506455
199883,0.015663830792159654
199884,0.0007516483979123599
199885,0.0007920166803976674
199886,0.0010525665059847647
199887,0.0010470649186089841
199888,0.0006340453053393923
199889,0.0009598544054944518
199890,0.0005802561515681528
199891,0.0066238931374196725
199892,0.000685929484444771
199893,0.0009006619327432003
199894,0.0008526839899817898
199895,0.00200430208982107
199896,0.0017084649416539534
199897,0.0018568443530242893
199898,0.002862428749771156
199899,0.004668557249881369
199900,0.000878542672202372
199901,0.0006390836648239908
199902,0.0007448146122705916
199903,0.000431438824363223
199904,0.0014973412618207644
199905,0.0019834880692002404
199906,0.0009105772688980381
199907,0.0014332092377829775
199908,0.0012863803699997875
199909,0.0026773095238684136
199910,0.0012197402223079
199911,0.001765910567123335
199912,0.0018799047952211402
199913,0.002146309637930758
199914,0.0008884200621091541
199915,0.0011123070778640038
199916,0.0004999592375318529
199917,0.0003716241958038243
199918,0.001106875546883271
199919,0.004007305161566239
199920,0.009017242167497719
199921,0.000524746619209807
199922,0.0006342951234479322
199923,0.003911402304804225
199924,0.0008083105497609265
199925,0.0005215828878912961
199926,0.0004663985194416657
199927,0.0014368338815358506
199928,0.004447947419740849
199929,0.0017602878676168138
199930,0.0005365084955134795
199931,0.0005234526459449621
199932,0.0006110984536249745
199933,0.0023494937211392154
199934,0.0003240339605484472
199935,0.0010501965040112728
199936,0.0007844751036840153
199937,0.0010158664118854021
199938,0.002912979540367808
199939,0.0008467170633546227
199940,0.003060490841572513
199941,0.0005665370589787491
199942,0.005530150556676277
199943,0.0005657170393585358
199944,0.0005620385976897167
199945,0.007018746134281016
199946,0.001622578139710224
199947,0.003245846931047356
199948,0.0007931492190013384
199949,0.013239297994618048
199950,0.000633304924570381
199951,0.0008677368371493657
199952,0.0004831055229366883
199953,0.017081948110587934
199954,0.0014706803454145722
199955,0.004432311819678616
199956,0.0004932216327607312
199957,0.0006147351664419808
199958,0.00155541940060406
199959,0.0017739138929320486
199960,0.0053815509056496375
199961,0.0006202388128752504
199962,0.006284025126128152
199963,0.0020319505944184934
199964,0.025922719719742103
199965,0.0007396384661738616
199966,0.003017875592073312
199967,0.0011417394291621421
199968,0.0007302970789731046
199969,0.0005360845422806516
199970,0.0011309403633654948
199971,0.0009168463091145571
199972,0.0006298445325118823
199973,0.0007330005704048885
199974,0.0031752685607129507
199975,0.0038554944233550508
199976,0.0008645365405469969
199977,0.0015405610656876647
199978,0.0007070557577712531
199979,0.0005566979090944973
199980,0.001761504031092986
199981,0.008023168269446537
199982,0.000844732580704477
199983,0.006937588501748244
199984,0.000770628945870362
199985,0.006419741253912332
199986,0.0008393689963286822
199987,0.001056466958195126
199988,0.007484350595687184
199989,0.0008379078483036103
199990,0.0007135576658039283
199991,0.0008365078050089918
199992,0.00292629974336283
199993,0.00787005599633058
199994,0.000722897633407912
199995,0.0005337834326755085
199996,0.021109755890390772
199997,0.006499587342195924
199998,0.0022146977717181016
199999,0.00213396714665018
200000,0.0014613313866314826
200001,0.0030608818299206093
200002,0.003499213477999019
200003,0.00041367421066258676
200004,0.0010193330109385637
200005,0.0005232762256752671
200006,0.000992798829083745
200007,0.0004652148338384307
200008,0.000788463631451754
200009,0.0006645571911421401
200010,0.0009573776697756335
200011,0.0026665886939313504
200012,0.0006214320257712718
200013,0.0005861410098634194
200014,0.0004264219965836157
200015,0.008854924322916782
200016,0.0023248603921371645
200017,0.0021775383994653025
200018,0.000933419870812148
200019,0.0031427616631731626
200020,0.0006640376804550943
200021,0.00086046277670287
200022,0.0008737564795177603
200023,0.0017420042745831072
200024,0.0012990436193329549
200025,0.0012767903619795686
200026,0.0026208765721359418
200027,0.004132275984512235
200028,0.0011470414654102287
200029,0.001312152155839261
200030,0.004307541840191009
200031,0.002171535745938079
200032,0.0008859711796812224
200033,0.0009752846892864846
200034,0.0008009562196404704
200035,0.0009100037977108684
200036,0.017775088110194237
200037,0.0006170005585274137
200038,0.0012402232403154125
200039,0.0005435222994501827
200040,0.10801827860186149
200041,0.0010809070820032944
200042,0.0013742467340156319
200043,0.0012006410668540168
200044,0.0006404262719738844
200045,0.0009947299177964519
200046,0.0017438732338876592
200047,0.000968971939247813
200048,0.0014383697421607214
200049,0.0005718586382117754
200050,0.0005159181340322201
200051,0.0023189187497881228
200052,0.0007114740020483679
200053,0.002269347094911004
200054,0.0010667561380628891
200055,0.000649792739677056
200056,0.00042672608379087083
200057,0.0007055364276194148
200058,0.0006584251947467761
200059,0.0005249368833010266
200060,0.000963043227389193
200061,0.0006799352112674626
200062,0.002895748954771839
200063,0.0021479994957225535
200064,0.004035502900199741
200065,0.0004589434007596635
200066,0.00065514315622509
200067,0.0005295197227741915
200068,0.0008919637147101708
200069,0.0006359441078334508
200070,0.0006560861358702033
200071,0.0012700112184666939
200072,0.00106764861749947
200073,0.0006758122236411601
200074,0.0018672028026920082
200075,0.0006214574207089388
200076,0.006213245984116749
200077,0.00036505766982811866
200078,0.0005527431040261448
200079,0.0014049907029698527
200080,0.010602823197171008
200081,0.000808321694075274
200082,0.04345382556296758
200083,0.0038058723492075414
200084,0.0007830630736789352
200085,0.007086738434995321
200086,0.0048792357701629655
200087,0.0018479528311330863
200088,0.0005531258719095533
200089,0.0015257034609614812
200090,0.0006884049450486189
200091,0.00821409500440769
200092,0.0019000231788217836
200093,0.007431093464861262
200094,0.0018267809641387268
200095,0.0006085795758629417
200096,0.0017789681586568773
200097,0.0013507055151331096
200098,0.99706301994988
200099,0.0009057250988778715
200100,0.0011060242510478398
200101,0.00038041733170303296
200102,0.00067454895513639
200103,0.0015157512918816543
200104,0.0023335850346801997
200105,0.020493869304684064
200106,0.0005706337863647
200107,0.0006319470243272818
200108,0.0011323993340186561
200109,0.00669615168662983
200110,0.0020196090326533396
200111,0.0016438021434483092
200112,0.0005123663132177149
200113,0.0014942203776241864
200114,0.0006845666246339344
200115,0.00146208140524331
200116,0.0012813678510165878
200117,0.0005492852237193419
200118,0.0006112226493556735
200119,0.0013457335273229648
200120,0.0004823857189746884
200121,0.0008589414810191925
200122,0.0018085933752942508
200123,0.0007432465817428162
200124,0.000689999947077036
200125,0.0044298306452293795
200126,0.0012964706497219933
200127,0.0006244711015764267
200128,0.0006554745912785713
200129,0.0061538568927647554
200130,0.007174718909260271
200131,0.00046635620281437415
200132,0.0005942106480733892
200133,0.0009952413168750928
200134,0.000526143080601791
200135,0.0005345495338043849
200136,0.0004873193588621389
200137,0.002133658860097609
200138,0.000600145865252251
200139,0.0005239000723539108
200140,0.0006543930947186013
200141,0.00044321879991295304
200142,0.010949512718717913
200143,0.0014370699574669855
200144,0.0005224450767539223
200145,0.0006513036804212472
200146,0.001052648918887325
200147,0.0010894703568510627
200148,0.0006571644485039769
200149,0.0005526859969776799
200150,0.0007068525135941381
200151,0.002754740911826414
200152,0.0006040628431400771
200153,0.000948119579647914
200154,0.0005948672101918706
200155,0.0005406233799881203
200156,0.00041829333481478064
200157,0.0009510063265822975
200158,0.0006069449568919515
200159,0.0004192407155322267
200160,0.0006216406279798081
200161,0.0008753665501712972
200162,0.000646541500781627
200163,0.00181497364840705
200164,0.0016712580036225915
200165,0.0006117883541529829
200166,0.004288488929262886
200167,0.0021685360082364484
200168,0.0009656547755493087
200169,0.0016671028629811568
200170,0.0027891789651608634
200171,0.0006660020066971364
200172,0.0013101976498671134
200173,0.0043286566292263
200174,0.002148294489786963
200175,0.0009339743468656543
200176,0.0005674767393423665
200177,0.0006723628036798661
200178,0.0011560324453487067
200179,0.0005766476782518654
200180,0.0004701583010669793
200181,0.992510279603017
200182,0.000608960671437407
200183,0.0005416638483185792
200184,0.0004516593530542978
200185,0.0004512578698550757
200186,0.0005722624329063046
200187,0.0007989813426867887
200188,0.0007197699033687541
200189,0.001627390532987329
200190,0.0008419365035784452
200191,0.0006734441634728609
200192,0.0006092409798861143
200193,0.0011329679963187388
200194,0.001464838640331425
200195,0.0013540662132801038
200196,0.0007023504303983959
200197,0.0006523051904748539
200198,0.0014920546440469645
200199,0.0010174398946492759
200200,0.0006030945623218405
200201,0.0011893041715833501
200202,0.0063506181446097935
200203,0.9990484289759706
200204,0.002631583174338526
200205,0.0006710170228392467
200206,0.0008576425893229355
200207,0.0014598342305189088
200208,0.0007623876055922083
200209,0.0006706489142527175
200210,0.0021714987767474706
200211,0.0008112000608143415
200212,0.00048817724525039227
200213,0.002022677102630691
200214,0.0011534231243666702
200215,0.04115438139206428
200216,0.001310771892742856
200217,0.0010546547773673607
200218,0.007786049661111247
200219,0.0012554766764050942
200220,0.0008617088033932364
200221,0.0005523477379442745
200222,0.0005722848930953538
200223,0.0008338084046172363
200224,0.005298344700167383
200225,0.002506027843659137
200226,0.0070588710594275215
200227,0.1477168485151833
200228,0.0007291372018839552
200229,0.0006649666831564673
200230,0.00034476256895593665
200231,0.0004942597873269383
200232,0.0031576120897121524
200233,0.0006657346712503511
200234,0.0004699314825223861
200235,0.0009622384770246042
200236,0.0008052459395742336
200237,0.001295083422519022
200238,0.007770314749240049
200239,0.0005508829471900386
200240,0.0014066378074396551
200241,0.016130573689152383
200242,0.0009966764935968023
200243,0.0018909224346730714
200244,0.0005999912916295855
200245,0.03976961037642897
200246,0.0011188107942843267
200247,0.00318841688003498
200248,0.0005685245903866035
200249,0.008522692085571758
200250,0.000679612210536393
200251,0.0009080355642268794
200252,0.0007407858220133779
200253,0.003121178877030543
200254,0.061670944515261866
200255,0.004508010218548037
200256,0.0011883347177315704
200257,0.000485144492282906
200258,0.0008051160716407587
200259,0.0007542334544680279
200260,0.0009745796582134841
200261,0.0035106188355349148
200262,0.02267819661335207
200263,0.0004981390566734362
200264,0.0004302889395083009
200265,0.000481645727269852
200266,0.0010733423116311236
200267,0.0014475115432109643
200268,0.0013524730018945775
200269,0.004925279037094679
200270,0.004558871207047969
200271,0.0009113332684766696
200272,0.0006698672414587365
200273,0.0012883431452303997
200274,0.07502934887993493
200275,0.0012289088998765105
200276,0.0008487244329088106
200277,0.0007611194051808645
200278,0.0005164441639878387
200279,0.008911702728245832
200280,0.00745683648912104
200281,0.03219669953716539
200282,0.0006012789225156211
200283,0.016581810990764903
200284,0.015222134342707864
200285,0.0008628575118425127
200286,0.0008944796843633346
200287,0.0004385057506795082
200288,0.006032431370555407
200289,0.0005742658574653352
200290,0.005365668862166649
200291,0.0007495472608681306
200292,0.0014716676862850371
200293,0.0020969633238726313
200294,0.002738562279014694
200295,0.0007305504837535894
200296,0.0009879942606904812
200297,0.0007840197321674158
200298,0.0075653772608210886
200299,0.0005223094819629331
200300,0.0010207562306399093
200301,0.00048792925983053443
200302,0.0021560448681165354
200303,0.00361733307737309
200304,0.0005917279560203024
200305,0.0005425328030749509
200306,0.08263989398582904
200307,0.000874325155607361
200308,0.000658772225525591
200309,0.0017465328988745202
200310,0.004288591669437436
200311,0.0008101648516487473
200312,0.010912932543554278
200313,0.0006529473006945894
200314,0.002728425585144223
200315,0.0008869952035284012
200316,0.0005097281828896561
200317,0.0009028897524438477
200318,0.000856911922145175
200319,0.0006670956176434242
200320,0.0019413818296641731
200321,0.001209780684234456
200322,0.0006171340180532151
200323,0.0006088624123645155
200324,0.0006007611387502108
200325,0.0031271709382098413
200326,0.0006050904349855333
200327,0.0006884245489771027
200328,0.9944544163315931
200329,0.0040939573049788335
200330,0.002126195882520586
200331,0.0035881932793121914
200332,0.000520052834023466
200333,0.0007210612623357177
200334,0.0008432989425580954
200335,0.0010774805387294493
200336,0.0015799592650068471
200337,0.9812963337137465
200338,0.0009807741151791716
200339,0.0007450929418834018
200340,0.0004381177178177897
200341,0.004013099366704903
200342,0.0008123448030450311
200343,0.0007016076483995887
200344,0.0013676596574648194
200345,0.001268050431966253
200346,0.00043021568680165343
200347,0.0010050682122488288
200348,0.0027257168657335313
200349,0.001715900729342368
200350,0.0036347359464747814
200351,0.0006421712499291207
200352,0.0007511577168046743
200353,0.0007858819603339798
200354,0.0019420203253099808
200355,0.004305319876258416
200356,0.0006099558616728024
200357,0.006393652112754368
200358,0.007473961927796017
200359,0.0020195182196418387
200360,0.0006834528635420477
200361,0.0010884225375417
200362,0.001023573828746959
200363,0.00131382887790596
200364,0.001040147040323
200365,0.0032725312356497458
200366,0.0018441041787709916
200367,0.0007191327792873419
200368,0.0006040173536820252
200369,0.001102669970306379
200370,0.0011711536625161518
200371,0.0007599831853429982
200372,0.0011685654483430921
200373,0.9986732415237529
200374,0.001049079546692469
200375,0.0005903580152676262
200376,0.0008641800664228399
200377,0.005379772298090969
200378,0.000614706640232329
200379,0.007039957637240794
200380,0.0019358932051905032
200381,0.0053145808840973
200382,0.0040023213386763574
200383,0.001194907346296602
200384,0.0015960618340773226
200385,0.019202697476233193
200386,0.0006496360606787256
200387,0.001528623433540275
200388,0.0008555032629374369
200389,0.0004238934437524512
200390,0.0021190513839716095
200391,0.02152060056145421
200392,0.0005870263495076952
200393,0.0006063888636679367
200394,0.0006413932079953929
200395,0.0006691621276755672
200396,0.0006052661386356354
200397,0.006798690919286228
200398,0.0004436088759154612
200399,0.0017158783517574835
200400,0.0008202055021505772
200401,0.0018574146866062488
200402,0.0005088087646041778
200403,0.0012940260423685889
200404,0.0006304591442597403
200405,0.0009415235792815278
200406,0.0003400330274973269
200407,0.0011979453272314808
200408,0.004207179703223187
200409,0.002588983315529437
200410,0.9874565164723772
200411,0.0008276467558177539
200412,0.0007198219068107669
200413,0.00044498186140370753
200414,0.0010089961514172514
200415,0.0005812458766050952
200416,0.004592653030802918
200417,0.0008098174801101064
200418,0.0010893875022865958
200419,0.0006609110946324083
200420,0.0005082115929135639
200421,0.0007694442471265193
200422,0.0022245771509648866
200423,0.0006394482895515405
200424,0.004712023955529101
200425,0.0015387254520470902
200426,0.0008714628690300308
200427,0.002193687451959721
200428,0.0030368355968446274
200429,0.0006437782874073035
200430,0.001242827685756664
200431,0.0012224060487031948
200432,0.0006057847394043867
200433,0.009047066343518085
200434,0.0007934451638144978
200435,0.0004505013630352167
200436,0.0015214945051154854
200437,0.04686859786829957
200438,0.00039348427341350444
200439,0.0016796689136905983
200440,0.0012489530013240786
200441,0.004378181242861911
200442,0.006210998351053047
200443,0.005192141070442748
200444,0.0009114369738123521
200445,0.0021352142223282043
200446,0.0011161795429923812
200447,0.0022467867477990984
200448,0.002263938256983269
200449,0.02183008009273549
200450,0.0006820725062703142
200451,0.0010891349692848627
200452,0.00783373988036312
200453,0.0006435781595442281
200454,0.0008598393418256391
200455,0.0078023944624166786
200456,0.001900631966956823
200457,0.00042643899206668614
200458,0.0016821196844848476
200459,0.0010148449140996748
200460,0.0006619381237763952
200461,0.0017940037599865665
200462,0.0016469335805759857
200463,0.009882169913408824
200464,0.007883166029909069
200465,0.0008029322467354752
200466,0.0019868722323866483
200467,0.0315643848129229
200468,0.005298302706138274
200469,0.001742626013345104
200470,0.0007933258692448898
200471,0.0011086971840119325
200472,0.0008932269809340146
200473,0.0028208364719587604
200474,0.0005630814511683074
200475,0.04259855089515798
200476,0.0006216344577058437
200477,0.0010112128172018188
200478,0.004314540191752085
200479,0.0017123027535510794
200480,0.0023020876678921227
200481,0.001092340047871319
200482,0.0006728410544930624
200483,0.0015977717682752865
200484,0.002656270179301292
200485,0.0018440351653572508
200486,0.0005160306321651271
200487,0.00043433232286250545
200488,0.001194463290335151
200489,0.000493530768749153
200490,0.002503373441934269
200491,0.00041428298532048094
200492,0.002823850296720212
200493,0.0007868463583276832
200494,0.0007774476795971055
200495,0.0010639895081247849
200496,0.000581897456081195
200497,0.001909377177759052
200498,0.0016101753358303767
200499,0.0010411784304172895
200500,0.0017007426992588417
200501,0.0006528970035530227
200502,0.008612364214742006
200503,0.0019766573518797403
200504,0.0006883348564635448
200505,0.0034406577494096313
200506,0.00894056858148894
200507,0.0029315670424687437
200508,0.0024091111644048164
200509,0.0006059176789128227
200510,0.001448080672061989
200511,0.006561602939333088
200512,0.0003560507926245942
200513,0.0006858774609001719
200514,0.00595754195527526
200515,0.0005379033113673897
200516,0.0334045387719744
200517,0.0006702279785130216
200518,0.0007819566472013529
200519,0.0004685511409788925
200520,0.0009826251636301372
200521,0.0005076988276192432
200522,0.0004136951387418142
200523,0.9944978148652706
200524,0.0006858493024643843
200525,0.0004891155408888992
200526,0.0030853332082766676
200527,0.001867570009559533
200528,0.0005732174893464507
200529,0.0007866362981246265
200530,0.0008785138767438363
200531,0.00077092738931793
200532,0.0005949873212523172
200533,0.0012786991502685297
200534,0.0015667650843746452
200535,0.001152284974842751
200536,0.004127489971849664
200537,0.0014059815979871513
200538,0.0071833227694599044
200539,0.001530757391049331
200540,0.0027201289801933506
200541,0.001193726278784637
200542,0.0006623156764310174
200543,0.006830781463472414
200544,0.0009008337085419769
200545,0.0032462828390868417
200546,0.000529341428263637
200547,0.006397861432701337
200548,0.0014491401665718052
200549,0.002566313397677753
200550,0.0008432253302959208
200551,0.0021872294083230253
200552,0.0005849926133225349
200553,0.0005768183897864919
200554,0.0005817127349452595
200555,0.004873849934288102
200556,0.0014420198868840826
200557,0.00046803604593379747
200558,0.0007349469862740635
200559,0.014750500147499734
200560,0.003187496769814389
200561,0.0012896888479785296
200562,0.36785126317611655
200563,0.00032267518518949993
200564,0.0014569685733030258
200565,0.00140594810730738
200566,0.0020398121008047276
200567,0.0007011390055851373
200568,0.002604610420745842
200569,0.000831409645271886
200570,0.0005764698824097714
200571,0.003567804117613928
200572,0.0012008267984486704
200573,0.006403939005358447
200574,0.001269335914248578
200575,0.007846613345478795
200576,0.0033581060662370866
200577,0.0011629644678524506
200578,0.0048574514337303264
200579,0.0005993769333913798
200580,0.0008105169078304251
200581,0.001688468028862539
200582,0.0005585339122418718
200583,0.003556676595791726
200584,0.00782630176250743
200585,0.3911859424952653
200586,0.0006422846267372453
200587,0.002757220470358338
200588,0.20044619112185927
200589,0.00205174535481232
200590,0.00047199711066969063
200591,0.0006015671161062097
200592,0.0006545034151130445
200593,0.0007371189818011308
200594,0.0005147105027393637
200595,0.000427457226721031
200596,0.000641441600047714
200597,0.0007284516411968625
200598,0.0018120192054529123
200599,0.002164465858384865
200600,0.0011200400679752293
200601,0.0010540147374697687
200602,0.0005795127739221446
200603,0.0013641527550378417
200604,0.0013496756754422304
200605,0.0005595840257193791
200606,0.000945399925026146
200607,0.011857581080477533
200608,0.0005627446024439247
200609,0.0027306392804804748
200610,0.0017542605423973728
200611,0.0003838702594321757
200612,0.9969352349524729
200613,0.0020437145019140844
200614,0.0032265334622823523
200615,0.017429315286199076
200616,0.000869454955178691
200617,0.00036782391630913987
200618,0.0006151768727398678
200619,0.001703140673461566
200620,0.0004268085467288067
200621,0.0012966259045290168
200622,0.0009870048611033417
200623,0.0014690863958022019
200624,0.000735772382203143
200625,0.0004937761753816777
200626,0.0009906713436900927
200627,0.0006185574850905554
200628,0.013859831890370149
200629,0.000996164916329696
200630,0.007573077768362092
200631,0.0006976990686012347
200632,0.004495328790387139
200633,0.0011010366239735032
200634,0.003927233074638228
200635,0.001558594799071086
200636,0.0017249415939507874
200637,0.0034322355470916056
200638,0.003621918874001369
200639,0.018862453759881548
200640,0.0009160001067702395
200641,0.0009689586113674014
200642,0.0015420938340029876
200643,0.0033601200292997795
200644,0.0006204785655612577
200645,0.001009745527010408
200646,0.009203254140107663
200647,0.000444694881784233
200648,0.0022177419399025226
200649,0.0007572332825983123
200650,0.000766800471024663
200651,0.00519822294078813
200652,0.0008182087950039563
200653,0.0006615321305666045
200654,0.005317098438178684
200655,0.0008013493119488388
200656,0.0007269208522738311
200657,0.000795507021415093
200658,0.0026500668962716667
200659,0.000604640678488001
200660,0.0036115545734831077
200661,0.001841288899449551
200662,0.0008520651824794366
200663,0.004751727546133168
200664,0.0035294668614463303
200665,0.0038310707392668194
200666,0.000900977379657143
200667,0.005916718111862942
200668,0.0013427840102119095
200669,0.000541007960220434
200670,0.00801674300788054
200671,0.001924299158699531
200672,0.000664813300990029
200673,0.005867253655578797
200674,0.0010089496503116226
200675,0.0006843982251705524
200676,0.0010108112283280708
200677,0.0006178784349095626
200678,0.002529835542497241
200679,0.000658325197240477
200680,0.00036983006490644754
200681,0.00219276234949422
200682,0.0033660109328712768
200683,0.002106931767380616
200684,0.003865617374114852
200685,0.0005321160537028488
200686,0.0006978798277374122
200687,0.0006058382284923797
200688,0.006759966877806565
200689,0.04082409390238845
200690,0.009146179460096906
200691,0.01038790091063823
200692,0.0031666700332691595
200693,0.0006074340775043321
200694,0.0010107022916265502
200695,0.0004009184745189891
200696,0.0009521069611838619
200697,0.004813594362452748
200698,0.0005574166343164059
200699,0.0006443867599874406
200700,0.0008691844574985348
200701,0.0006471152740875135
200702,0.0011459633245642239
200703,0.0006142046809429335
200704,0.0006743638352546084
200705,0.0028580346663045824
200706,0.0008812047605226345
200707,0.9959680485953548
200708,0.0011646828627822354
200709,0.0007290214352146122
200710,0.0031506095766983436
200711,0.0011015099999918026
200712,0.00064988715442549
200713,0.0007625158345638144
200714,0.0005218195448930446
200715,0.0014653028088194558
200716,0.0011897180342454045
200717,0.00675544876443405
200718,0.0018912164843833332
200719,0.0008967451763380352
200720,0.0010255615602440978
200721,0.9894329748911819
200722,0.01190394029751812
200723,0.0017307070914314012
200724,0.0006220920077144667
200725,0.0005919134561022568
200726,0.0006467293975101041
200727,0.005625016343626816
200728,0.0019938586172380318
200729,0.0008996693750611866
200730,0.0003781568028392335
200731,0.0012087785238218012
200732,0.0015830039563724178
200733,0.020140839285587943
200734,0.0024126454440237585
200735,0.0010828662193268245
200736,0.00037381154879794675
200737,0.0005513668597649298
200738,0.0015486251723909703
200739,0.000558010397894418
200740,0.0008781137304307389
200741,0.0006220822956295651
200742,0.0042102561337059785
200743,0.006025557588345629
200744,0.0022006937426330606
200745,0.0009478071808115498
200746,0.0005494388941517809
200747,0.0024017969063542394
200748,0.0008383767407582391
200749,0.0008331829255434388
200750,0.000934740965956871
200751,0.0006958361610873043
200752,0.0006496983172616377
200753,0.0011494612572577538
200754,0.0014098429718361629
200755,0.0008558485635350522
200756,0.0007819816049882242
200757,0.019470167331306475
200758,0.011058360109119439
200759,0.0006071402060925683
200760,0.0009758275518186918
200761,0.0059584155106324485
200762,0.0007365215495928867
200763,0.005354034943988427
200764,0.0009079869437998204
200765,0.0005316571377370774
200766,0.0008056987857359651
200767,0.0006193907643747521
200768,0.0011660012625393768
200769,0.0024121299516613034
200770,0.0005734308905496947
200771,0.001771096009853727
200772,0.017444752094418328
200773,0.0008787451201810768
200774,0.0012582435833911158
200775,0.0006502082783616566
200776,0.0007690087795191517
200777,0.03250961202792665
200778,0.0005024326715590774
200779,0.00274243781636518
200780,0.0005408965388139603
200781,0.0008101628343527277
200782,0.0005864153249828643
200783,0.0029743903570225412
200784,0.0009510960386540553
200785,0.0030940894624052803
200786,0.007440359269193066
200787,0.00198929357985738
200788,0.001775474320101725
200789,0.011998300334554513
200790,0.0006137525236468329
200791,0.0005646413556277606
200792,0.0006648615380343621
200793,0.001039637258006427
200794,0.00046713455589653287
200795,0.0005597726284162539
200796,0.0005567531351444651
200797,0.0008310902966181721
200798,0.0005166781580599497
200799,0.0037561794030711473
200800,0.0006488349376932577
200801,0.0006629128479208347
200802,0.0016742892158951527
200803,0.0009519514748967443
200804,0.00042416054424354306
200805,0.9931472514676829
200806,0.0035483351295264
200807,0.0010911648565662827
200808,0.0039754569557972
200809,0.0036331800489654135
200810,0.004351107195987594
200811,0.00498716545643374
200812,0.0020152212717470773
200813,0.0005360158805931153
200814,0.0008252019594344727
200815,0.0009274310269305676
200816,0.0007136094899233796
200817,0.00898471309347115
200818,0.0024454950021062976
200819,0.025407883643874148
200820,0.0014585839035546949
200821,0.9934584186315107
200822,0.000619275592434666
200823,0.0028719680284637252
200824,0.0008725721450401332
200825,0.0018765962291429246
200826,0.0009505663439570862
200827,0.0006816743220520987
200828,0.0011630268796056832
200829,0.0004717302903890304
200830,0.000491001713777882
200831,0.009407278658123124
200832,0.00215972603669772
200833,0.0008425161438183897
200834,0.000635903975848843
200835,0.0006182172950352745
200836,0.0070045195117779974
200837,0.002119195160827367
200838,0.004342898005939118
200839,0.00048807090963732375
200840,0.004465612794739115
200841,0.002284620489037272
200842,0.0004299254335638356
200843,0.0005747648508571022
200844,0.006212085454725671
200845,0.0025110862685978792
200846,0.0068810230952008646
200847,0.000640265676088601
200848,0.00029540353183938727
200849,0.003539929447705359
200850,0.0004464876443135045
200851,0.001156719496807849
200852,0.0011877100687010338
200853,0.0014631092989994404
200854,0.0018252238337916902
200855,0.0009576014550662483
200856,0.0017376889190192995
200857,0.0009908245844412755
200858,0.0016136173989132513
200859,0.005258100951758299
200860,0.0009954110959157986
200861,0.001537866119615956
200862,0.002349499545984155
200863,0.0006695641600129338
200864,0.0016732814723858297
200865,0.000754330773179777
200866,0.0008753637804496148
200867,0.00046018084331822995
200868,0.0042118238946266895
200869,0.00048491856360820664
200870,0.0005208635980190249
200871,0.0011135915658574873
200872,0.0015654361867764287
200873,0.0005689792684123772
200874,0.0008960900750865212
200875,0.000689900038760505
200876,0.0006675997680292867
200877,0.0009425214847876401
200878,0.000573816399007755
200879,0.0005947256006133445
200880,0.00044938673700778957
200881,0.037078046279265656
200882,0.0035931711938302557
200883,0.0008870436381561201
200884,0.0012654132258355165
200885,0.0007375005267081646
200886,0.0019610698671565217
200887,0.0005147477600950721
200888,0.0006480703847211174
200889,0.00059391736030545
200890,0.002261447046692272
200891,0.0006889463075203082
200892,0.0013405468511064574
200893,0.0005152915436284715
200894,0.000596445700154357
200895,0.0003276896841130959
200896,0.017933216495322174
200897,0.0004724373219911832
200898,0.001542038271406615
200899,0.0016352552781754084
200900,0.012628918770451693
200901,0.0010351524028899904
200902,0.0012668243369969973
200903,0.0009597986473756784
200904,0.002960265930581853
200905,0.0026910846347981713
200906,0.0010372063828441868
200907,0.0008860093190567735
200908,0.0029514996199181158
200909,0.0006567785625119975
200910,0.0009468956214562653
200911,0.0017004376973634334
200912,0.001292446105133324
200913,0.0006083213685613902
200914,0.0008174442293488331
200915,0.00042442178039098596
200916,0.0018470854191620614
200917,0.0005816603215623709
200918,0.0004629761172733565
200919,0.0006599395919636283
200920,0.0047950829640615155
200921,0.02308875938139543
200922,0.003916081835197084
200923,0.000499883753188595
200924,0.0012903656005253258
200925,0.0008055882975797858
200926,0.004668059186051123
200927,0.06954939220465006
200928,0.00334486553961402
200929,0.0009268441187331704
200930,0.004062626712235255
200931,0.0007192927102677065
200932,0.0004013030852403838
200933,0.000688233622261907
200934,0.0005957654282650228
200935,0.0005199106084181734
200936,0.0007066259963505937
200937,0.0009128565548317117
200938,0.000981178840067047
200939,0.0020434943708579224
200940,0.0019897033938049416
200941,0.00197262221391098
200942,0.0009276387117253107
200943,0.0010015190362997624
200944,0.005332986559383145
200945,0.00044905333417594265
200946,0.005535341730099561
200947,0.0009339553133241849
200948,0.0008181145178472286
200949,0.0014281220716361952
200950,0.001083180090693618
200951,0.007620871116878059
200952,0.002256688933229345
200953,0.0006685181463947195
200954,0.20032975474216477
200955,0.000533331070252614
200956,0.0023455623479319092
200957,0.988993099136115
200958,0.0005959273917204659
200959,0.003045345479560563
200960,0.00966292605878856
200961,0.0016582819059737463
200962,0.00046362847421707956
200963,0.000695476502077256
200964,0.0017698913282250105
200965,0.0007738537978674979
200966,0.0006916721464971126
200967,0.000700091451849157
200968,0.000645581155628308
200969,0.0010461588200525774
200970,0.0007008661410339958
200971,0.0020375165104169913
200972,0.0007893645379191437
200973,0.0006127094274436091
200974,0.0012521333544738477
200975,0.000812597482488809
200976,0.006334285202811111
200977,0.0015551181847280366
200978,0.0008647045345512546
200979,0.0008484551569455312
200980,0.0010257868699633077
200981,0.0009898174189128324
200982,0.00615554513904343
200983,0.0055678419712891485
200984,0.03856965604069726
200985,0.0005668189030838697
200986,0.0010813598987327567
200987,0.005549859611913909
200988,0.001163262658097187
200989,0.0009667435566157411
200990,0.001643133870473809
200991,0.08243797015959017
200992,0.0007920418984691396
200993,0.0006403338496927524
200994,0.0036216703589919286
200995,0.005668988122522319
200996,0.0033065098275276046
200997,0.0015786884860385082
200998,0.0007642166976558507
200999,0.0024908277725600022
201000,0.0008171038570388696
201001,0.0004394873738821433
201002,0.0016308252576421435
201003,0.0008675384223550118
201004,0.0007925535057747682
201005,0.005067430446583392
201006,0.0015203965161659561
201007,0.000491522500100284
201008,0.0010411261723400848
201009,0.0004184269057577082
201010,0.0005818722711471274
201011,0.0009762093711525047
201012,0.0006634083371160141
201013,0.9951877936177504
201014,0.0038840960004947974
201015,0.007074595020509757
201016,0.0012230775491694546
201017,0.0005625600803377107
201018,0.0004564070483949856
201019,0.0009655850531172627
201020,0.0006735811570723188
201021,0.003209597699641367
201022,0.004410135051532408
201023,0.08586211238536173
201024,0.002370747507676995
201025,0.012227379952563866
201026,0.009423873414309215
201027,0.0014359474807022145
201028,0.0007166022564685601
201029,0.0007407455357917534
201030,0.007422682766591555
201031,0.000982785013913141
201032,0.0005167092807211376
201033,0.0006097929825493403
201034,0.0009496739757629765
201035,0.0016209442753073995
201036,0.0006192037789912565
201037,0.001278484171927692
201038,0.0006617625603329182
201039,0.00048538831121658403
201040,0.0026965823492065845
201041,0.002264848883908395
201042,0.0006997995490893554
201043,0.001443733233628407
201044,0.004621068972821647
201045,0.011740557958227052
201046,0.0024007390977985807
201047,0.000888971026072593
201048,0.0007840559062741259
201049,0.0012947641430512244
201050,0.0023937177342291303
201051,0.001497730597912889
201052,0.003775306135482189
201053,0.0007517588749284055
201054,0.0026513413296198507
201055,0.001763165329685192
201056,0.0014179326111675452
201057,0.005986489344468252
201058,0.0022402346461757217
201059,0.0005168161239760348
201060,0.0016464202345593368
201061,0.0007800269231924229
201062,0.0008360587152981287
201063,0.000404367089429886
201064,0.0006938414536398163
201065,0.0011511434613780745
201066,0.00043265344858066585
201067,0.007366526016710029
201068,0.0011950629903265978
201069,0.0008295547771302683
201070,0.0008302770738148597
201071,0.0021925646675412715
201072,0.0007714827815293094
201073,0.000494538421388839
201074,0.0006111465277048992
201075,0.9956365369614064
201076,0.047992535999588734
201077,0.002487957416094018
201078,0.0005970130907365736
201079,0.003791511061033685
201080,0.008281344834387552
201081,0.0010888982497430518
201082,0.0017989967541746144
201083,0.019689817348664
201084,0.024135571397596194
201085,0.002542586410786968
201086,0.0028535244809584272
201087,0.001032040195805758
201088,0.0004552192508419972
201089,0.0008838927394932812
201090,0.00366989816941562
201091,0.0005705554367160929
201092,0.02914502354514005
201093,0.0010554323365711067
201094,0.0008072054655740718
201095,0.00138101631427347
201096,0.0016568326887561498
201097,0.0006406148601548937
201098,0.0008501123891627179
201099,0.0012025074552010698
201100,0.0018895810854235881
201101,0.0013683111310284985
201102,0.002907205664241881
201103,0.0012540325860872276
201104,0.0029000378123606326
201105,0.0027899276405432202
201106,0.0016020079210373839
201107,0.00041855297384057235
201108,0.0011795476197964242
201109,0.019469187230157288
201110,0.005303176713575481
201111,0.0008209439104176625
201112,0.0007647538596239265
201113,0.0005279619613787966
201114,0.0012419855681093748
201115,0.0035068198251659638
201116,0.0020945895434965655
201117,0.0006824821221304408
201118,0.0026715944450677338
201119,0.0005826338309294386
201120,0.0018908661916479854
201121,0.0006259581490716522
201122,0.0016353823538180173
201123,0.0005121854780926413
201124,0.0004980612509873217
201125,0.024122083661938763
201126,0.00046248469617520487
201127,0.00776256479254671
201128,0.004466479889365858
201129,0.0007965612732680309
201130,0.002209260371283376
201131,0.0006060234741684749
201132,0.0018770718911225556
201133,0.0007143900828618308
201134,0.0006515608347569795
201135,0.0032503368384323664
201136,0.0006036020706405936
201137,0.0006396564654188472
201138,0.0015822966802637888
201139,0.0029028077362272366
201140,0.024532792305183487
201141,0.002963049040661218
201142,0.0006755583061102314
201143,0.0009185045144532919
201144,0.0005810771701784594
201145,0.0006496960573028746
201146,0.0006461240460057572
201147,0.0005968706844539361
201148,0.0009436089895310587
201149,0.007508637843490902
201150,0.010183893756497083
201151,0.001264106333867642
201152,0.0006897962175826446
201153,0.017655699248736275
201154,0.0008024341896014505
201155,0.001515322770938079
201156,0.0005577212690075254
201157,0.0005423404260887847
201158,0.0011738560339730267
201159,0.0006130957392679402
201160,0.000958162900543444
201161,0.0005480747617615657
201162,0.0025606385412010276
201163,0.0032791814040604183
201164,0.0008621007176026513
201165,0.010362303380094896
201166,0.005298636436450534
201167,0.0008349736422609854
201168,0.0005951400220225522
201169,0.01584569903724892
201170,0.002201317186473788
201171,0.0019164118909009726
201172,0.9990758562614708
201173,0.0008316531233342656
201174,0.0010811329907826049
201175,0.006258052308176206
201176,0.0004694759220363176
201177,0.001619993732009088
201178,0.0022301265354093495
201179,0.010778448872888112
201180,0.006339354995565218
201181,0.005480746794650909
201182,0.0012902353104486427
201183,0.009842629178172876
201184,0.000670973199766746
201185,0.000951808511391015
201186,0.0032006173452701556
201187,0.0010235294715308652
201188,0.00470651109631863
201189,0.0005427396498264017
201190,0.0015536293723039116
201191,0.0007767350100454692
201192,0.0006070836864711998
201193,0.0014165244632595518
201194,0.0025856383583746545
201195,0.0005935546509550828
201196,0.0006173333952970439
201197,0.0008546774175868038
201198,0.0007580161014860479
201199,0.000553194498830258
201200,0.0029191709159616186
201201,0.0010929536247653217
201202,0.005007228175204336
201203,0.0006332515968871844
201204,0.0006697669701892848
201205,0.0009728757017439227
201206,0.0009041872379877228
201207,0.001499520258927185
201208,0.0016345302871629205
201209,0.000624479582669975
201210,0.006566440423260924
201211,0.0017827350570701942
201212,0.004127460532799572
201213,0.0005278604381363009
201214,0.025623993045531163
201215,0.0016835593073541296
201216,0.0011670057884877142
201217,0.0006139924366332896
201218,0.0007880369356935185
201219,0.000730637939793867
201220,0.0006978859880808822
201221,0.0038177959238683435
201222,0.0008487618316893267
201223,0.0005835869822547413
201224,0.015696703930158387
201225,0.0004237927077491578
201226,0.0007044996314280818
201227,0.003743494044526047
201228,0.0004647166776133067
201229,0.010289125381755202
201230,0.0010237866904607572
201231,0.000788659774786885
201232,0.0014101743231667266
201233,0.0012758036755445442
201234,0.0006732215279557567
201235,0.0022381804014147354
201236,0.0021570511269470346
201237,0.0015588460785166765
201238,0.050043124941940714
201239,0.0007883392649655769
201240,0.0009413651518967692
201241,0.008504585843721112
201242,0.0008452862072495159
201243,0.0005159442340059797
201244,0.0007803430096037724
201245,0.0005329170549373203
201246,0.013801216672500557
201247,0.0029079678888165677
201248,0.0005617260981394662
201249,0.014344918719725739
201250,0.0007081781629723956
201251,0.0006499713630081568
201252,0.005640646310274965
201253,0.0005284116842334095
201254,0.0009532502633796862
201255,0.0037575113542329696
201256,0.003299957877021135
201257,0.0006144840185864091
201258,0.0009937736183610133
201259,0.009516425183136445
201260,0.0018558375839513937
201261,0.0007463902344247511
201262,0.0016289134402883193
201263,0.0022052079218371915
201264,0.0007656050482679139
201265,0.000659119779730704
201266,0.0017773325886310662
201267,0.004890534243450815
201268,0.000726409441955367
201269,0.0004983111068507916
201270,0.0011465782205949088
201271,0.0012214649009059794
201272,0.0005248720971117016
201273,0.00451405478876553
201274,0.0008196756068736453
201275,0.0008856110473057634
201276,0.0005448657912700903
201277,0.0006368450218366535
201278,0.0007976523805925
201279,0.00449885768214643
201280,0.0009567693088979934
201281,0.0009964772783876436
201282,0.000653904563163647
201283,0.0008408000232859212
201284,0.0008698621649288332
201285,0.004861125370516445
201286,0.007938574713912669
201287,0.0009206323244046187
201288,0.0011033763074550114
201289,0.00312115716094528
201290,0.005595787390192278
201291,0.0009305355797708751
201292,0.0005434730695221833
201293,0.13357701338723071
201294,0.0011104720057574674
201295,0.0008622510054098369
201296,0.0006801978987442121
201297,0.0005586171883006504
201298,0.0005070121166208528
201299,0.0007712238557706734
201300,0.0009083482989387273
201301,0.0007147078052520616
201302,0.00329742288793707
201303,0.001773339708285793
201304,0.0008395963277235165
201305,0.0006011553302165698
201306,0.0011943369011948334
201307,0.0016286087232986932
201308,0.0007058058890491885
201309,0.00391959964846356
201310,0.0025000303649866497
201311,0.0006648946319011075
201312,0.0015100779056854067
201313,0.003326986198620251
201314,0.003913554677659961
201315,0.0035385981933640552
201316,0.001344228309671625
201317,0.001778915318034825
201318,0.004214586714810558
201319,0.09014239254024883
201320,0.0021440577657546667
201321,0.00046627468832150366
201322,0.0035854154890280136
201323,0.0007087650292504558
201324,0.0013095387566583786
201325,0.01823591343575848
201326,0.0007585643775564755
201327,0.0008892204033357966
201328,0.0004796885686192762
201329,0.0007573125106813123
201330,0.0012673363105608422
201331,0.0012509940767186536
201332,0.0007285056552324187
201333,0.0012586466186649892
201334,0.006061854011486704
201335,0.00687905770048867
201336,0.002561225263219346
201337,0.0008987129182604224
201338,0.0013646587772726468
201339,0.0008043716686725025
201340,0.0006555093190925034
201341,0.0023846228872718912
201342,0.0023049912262558007
201343,0.0037212343929371302
201344,0.0018008034190171904
201345,0.000570795687899361
201346,0.0006387404992548528
201347,0.003354499039962438
201348,0.0007535245534745114
201349,0.0004911956058603806
201350,0.0010843341470742611
201351,0.001955827545598116
201352,0.000703191584456216
201353,0.0008548809827918735
201354,0.0013664034761617057
201355,0.0011671584292636625
201356,0.0009523535590724413
201357,0.0007497381244631597
201358,0.0007238640614419993
201359,0.0007603414262194661
201360,0.0007068296408492015
201361,0.0009510982009012328
201362,0.0005251759841201587
201363,0.0003935037464586848
201364,0.0005902144995082919
201365,0.0024877921182074963
201366,0.001008464160377154
201367,0.0008119366397541206
201368,0.01365994786712472
201369,0.0017212265805346706
201370,0.0054267053211173
201371,0.0007247766582948896
201372,0.0012678234013952835
201373,0.0036955884226126394
201374,0.0007843334900711474
201375,0.006914122910086462
201376,0.001366020496933113
201377,0.0015065668340373743
201378,0.0014283781691821218
201379,0.0005965803582980943
201380,0.0010413140526072911
201381,0.00048372398855801087
201382,0.0007743156460357082
201383,0.00105066432616218
201384,0.9966695258707314
201385,0.0007636512497758939
201386,0.0015941634238206158
201387,0.0010705126300853335
201388,0.0008579079846911437
201389,0.000767598489870476
201390,0.000591514391206367
201391,0.0007263364338045633
201392,0.0018132857286760197
201393,0.0012586678309234405
201394,0.002832290905712709
201395,0.000980566302936687
201396,0.0016507729568696313
201397,0.01719025687690165
201398,0.0016017364869067093
201399,0.001219296390801191
201400,0.00041821047207609525
201401,0.08492111097543495
201402,0.000606581231079414
201403,0.0025740325358400984
201404,0.006755736289313091
201405,0.0011446808031738184
201406,0.0012408717041767084
201407,0.0007786157076333366
201408,0.0012474725317591709
201409,0.001476433470379941
201410,0.002486965484125285
201411,0.0016213900986834194
201412,0.0008592927598726526
201413,0.9975668796929543
201414,0.0017517125896986164
201415,0.0010045107843915742
201416,0.013622012035070559
201417,0.003963452156371719
201418,0.0004768920958673411
201419,0.004419237587219483
201420,0.004575956984702862
201421,0.0007056966524954073
201422,0.0066047614551290506
201423,0.00042557400141487935
201424,0.0024716443592961773
201425,0.0005817315093107254
201426,0.0006362181077069069
201427,0.0006245586829411847
201428,0.005644604345353644
201429,0.0015831461669913373
201430,0.0025191879442930678
201431,0.0005823686645879329
201432,0.00962234465941235
201433,0.0007126885407745321
201434,0.008003877062117743
201435,0.0008327455859015571
201436,0.0005663659008408341
201437,0.0006737573641216308
201438,0.01347624206769879
201439,0.0003762445637567136
201440,0.0013457285033736585
201441,0.0029952121331154186
201442,0.0007911758690440397
201443,0.0019634956111225757
201444,0.00048266407945040995
201445,0.0010690141316337415
201446,0.001387319779318274
201447,0.0006481733888899432
201448,0.0012631582367267737
201449,0.0011192238139348626
201450,0.001506729447314296
201451,0.0020262762583279806
201452,0.001355859072198518
201453,0.0007148916821530773
201454,0.0004922578048916377
201455,0.0007282150729458635
201456,0.0007666222815813678
201457,0.001957095764339131
201458,0.0007136937165069528
201459,0.0011636231328009965
201460,0.0005499099095611095
201461,0.0023891142293143925
201462,0.0005750143868842508
201463,0.0026066853167055256
201464,0.009351461128706778
201465,0.001955627075013514
201466,0.0024003016442751155
201467,0.006831435601792139
201468,0.01789771165363917
201469,0.0005317759165663648
201470,0.006631726287581439
201471,0.0604228250451958
201472,0.0008961001847882674
201473,0.00822067360204175
201474,0.006232465345799366
201475,0.0008391721124975565
201476,0.0030509270432719157
201477,0.0011212985251628903
201478,0.004708583420272539
201479,0.0012675677085937647
201480,0.0007157764507644845
201481,0.004836295180571296
201482,0.003912141472444149
201483,0.004090854030521664
201484,0.0007540858806771335
201485,0.000706187048204491
201486,0.0009834335684836479
201487,0.0005831226141478937
201488,0.0053689759874005205
201489,0.0015488845708389598
201490,0.00047137743638330827
201491,0.0025125390873135985
201492,0.004176609055567662
201493,0.9949743130609375
201494,0.002886930801719015
201495,0.0010982294314702329
201496,0.0005322307022040826
201497,0.0034523364593261456
201498,0.004173744151470561
201499,0.0013090053074555296
201500,0.001707243053658384
201501,0.0009593821014648532
201502,0.0006786568616350159
201503,0.0012715751113804106
201504,0.0007092368672333446
201505,0.0007693966419426471
201506,0.0006651114055375273
201507,0.0018041580590958672
201508,0.002182665202789397
201509,0.0012592439951939803
201510,0.00044264220722078164
201511,0.0005456510021330072
201512,0.006004055461283519
201513,0.0005139840253089329
201514,0.006293838212342463
201515,0.0009083887545556326
201516,0.0019978255942212798
201517,0.0014938740177004293
201518,0.0018285198146303903
201519,0.000758468163218082
201520,0.991854838372868
201521,0.00309362751660785
201522,0.0008050988870290442
201523,0.0004394037629111199
201524,0.0015543395135493487
201525,0.0005287708503472901
201526,0.0006352032949474837
201527,0.0007381242571062553
201528,0.004553869346341695
201529,0.0016244526030652028
201530,0.0008826421081004393
201531,0.0020383691005665607
201532,0.000665928924449757
201533,0.003171059664438267
201534,0.0013307176426887181
201535,0.0006726321322415358
201536,0.0011596910329834164
201537,0.0006711179113078861
201538,0.000760481468479272
201539,0.0008388106479111515
201540,0.001772774455062765
201541,0.0006611814199588165
201542,0.9968713983037978
201543,0.004241510085138656
201544,0.000890244270600647
201545,0.0005996211055981212
201546,0.004236428959752008
201547,0.0014467763258328619
201548,0.0005957207296862362
201549,0.0031706761744662937
201550,0.0023420384392043277
201551,0.0009922108396680598
201552,0.001696885215799045
201553,0.003873319556857741
201554,0.0006421990944523734
201555,0.0019357349886321756
201556,0.01236808216170145
201557,0.0009709139996527282
201558,0.001736831919508408
201559,0.0006042453518346343
201560,0.0028069736504800795
201561,0.0015659202607836535
201562,0.0006744804128223443
201563,0.002906956360518742
201564,0.2006557151840371
201565,0.008443790513334623
201566,0.0022563424093167764
201567,0.000953529648691017
201568,0.001717201049241804
201569,0.0015317137501818497
201570,0.0004668708041333547
201571,0.005165296648167101
201572,0.993161499850487
201573,0.003894067630291479
201574,0.0007171272975890348
201575,0.018383941261726967
201576,0.0008482824087911841
201577,0.000736848047235442
201578,0.0005149209861680422
201579,0.011986724538446477
201580,0.0006955043567202038
201581,0.004391161729438845
201582,0.001038273124814344
201583,0.000795959362506285
201584,0.002015525764170101
201585,0.0026111464104350483
201586,0.008257784519751671
201587,0.0006219532533831493
201588,0.000596839139448882
201589,0.0009300763471955538
201590,0.0012502322429757459
201591,0.015280292416589333
201592,0.009668411288656996
201593,0.002103089392732553
201594,0.0006382627815861
201595,0.0013487294562853358
201596,0.0006631556198432423
201597,0.0009146443805380686
201598,0.0016017383699290513
201599,0.0007721113295600027
201600,0.0004241366352792282
201601,0.006161352716896729
201602,0.0010351793402448056
201603,0.0006631582254055344
201604,0.0008358716938818851
201605,0.0013340958575485044
201606,0.01146212450695361
201607,0.0007997498676453178
201608,0.0005960789839444796
201609,0.001815811666245848
201610,0.007237653640459882
201611,0.0006411482612484871
201612,0.0008154262640784054
201613,0.000519139652767529
201614,0.0005735074966543645
201615,0.0029140560109068552
201616,0.019870471359885646
201617,0.000547102883500298
201618,0.0015249531496686237
201619,0.00047912168781039734
201620,0.001100125908384032
201621,0.0005544691466094396
201622,0.003166976803681654
201623,0.0019616701723024436
201624,0.0006973088469261282
201625,0.001331627119698544
201626,0.00040446102569097057
201627,0.0016232931304923609
201628,0.0008495186845251869
201629,0.002105866695804463
201630,0.0009294915629708192
201631,0.0019558575870792794
201632,0.0013930707216708166
201633,0.0007662981723901968
201634,0.0007032453147881631
201635,0.002631629442082722
201636,0.0018685324375904407
201637,0.0011556960863445217
201638,0.0009583633290137013
201639,0.0026321207190628908
201640,0.0006649285860395407
201641,0.0003809847068980681
201642,0.0006928030590505866
201643,0.0038932454766828816
201644,0.002504855949754822
201645,0.0006299529477313051
201646,0.006539468068593717
201647,0.002685406521211016
201648,0.0009174482828178301
201649,0.013332411659908904
201650,0.0018141173850927143
201651,0.010752887112623288
201652,0.0007214001684470873
201653,0.0006237216327911197
201654,0.0016369736597795792
201655,0.0014313968972948453
201656,0.005691852771949174
201657,0.0006636240559504288
201658,0.0004813640293548351
201659,0.001113272286461343
201660,0.0005512975984145858
201661,0.0011780549091875998
201662,0.0022686994425522747
201663,0.0009796216276045067
201664,0.004545164729522595
201665,0.000615433661384388
201666,0.010093920914727831
201667,0.0011705395936765768
201668,0.200914910538145
201669,0.001389001162967132
201670,0.000698373973044892
201671,0.0013583369105645104
201672,0.0008852896952572002
201673,0.0004921740340793663
201674,0.001034887479082732
201675,0.0007343267923046088
201676,0.000529807626965927
201677,0.0009204475011393095
201678,0.0005492372761007789
201679,0.012531026847446065
201680,0.000896710185451286
201681,0.0321205203925826
201682,0.0006563719559981465
201683,0.0006265980921857309
201684,0.005133388836632667
201685,0.06831431108986535
201686,0.002862520472828053
201687,0.0004776834848831886
201688,0.0006265347688781761
201689,0.0023012736202040114
201690,0.001481126838372232
201691,0.0006096604758249761
201692,0.0007669359061289744
201693,0.000759001104711812
201694,0.0010384620324883785
201695,0.0007742947488087798
201696,0.0007483651895886049
201697,0.0007756650735649703
201698,0.01078620115812861
201699,0.010519158294856754
201700,0.0005057514428201749
201701,0.000735726616083661
201702,0.0007185299393107105
201703,0.006250446539547485
201704,0.014366404311582065
201705,0.0007405010407906304
201706,0.02027829561991568
201707,0.0007079026174699998
201708,0.0021341280978857107
201709,0.012693411367846179
201710,0.000588553802659286
201711,0.0005734913945071916
201712,0.0006883045345305977
201713,0.001000714180801121
201714,0.008861631557985524
201715,0.0008213339857462056
201716,0.0005740379837164944
201717,0.0006993506449915252
201718,0.0018050782480861986
201719,0.002799582115057609
201720,0.004453122355266913
201721,0.0008684461796149437
201722,0.003217827308619397
201723,0.005727390765738926
201724,0.0007462945144676783
201725,0.0005686157601199778
201726,0.004630756070863935
201727,0.000459049689908984
201728,0.0006477569225885325
201729,0.0013879944452629268
201730,0.0009186242781479539
201731,0.0014630271621737948
201732,0.007611758850128929
201733,0.0015897587132791308
201734,0.0032314447242089324
201735,0.0008798416959962815
201736,0.0014804817843888283
201737,0.0021200759793474685
201738,0.0007420034272659531
201739,0.002734757187649392
201740,0.007047851909552757
201741,0.004266629864420479
201742,0.0012221543820245652
201743,0.0019517229105961488
201744,0.0011357512357906604
201745,0.0005487605013486468
201746,0.015187662272223137
201747,0.000571645628772526
201748,0.0023728525888937727
201749,0.005608682437516655
201750,0.0006946550856289833
201751,0.00230367991799763
201752,0.004336180737809128
201753,0.0004304266112123776
201754,0.0011098462396379452
201755,0.0005225221655740681
201756,0.0025596306317344445
201757,0.0016964445720356576
201758,0.003100592178371791
201759,0.0042461222615559095
201760,0.0007057688430588723
201761,0.007478633550231496
201762,0.0026606419146867274
201763,0.0007578386897501009
201764,0.000656016547791101
201765,0.002164037837088031
201766,0.0006603918732441249
201767,0.0006718773712221103
201768,0.0007412854852035133
201769,0.0033722694763079464
201770,0.0022336564909338687
201771,0.0005689010284795129
201772,0.0007916085311689747
201773,0.0020237913900407285
201774,0.0005585982975045169
201775,0.0019997969840800647
201776,0.0005420137102755914
201777,0.0005281555351763856
201778,0.0006020764232495045
201779,0.0008646411245202293
201780,0.0006462563220222169
201781,0.001959366833550376
201782,0.0006936174912288233
201783,0.0013688444931712798
201784,0.0011266215954773742
201785,0.0016697934953374312
201786,0.005294937972031431
201787,0.0023511643336278426
201788,0.0014481015814709441
201789,0.0016286645521290009
201790,0.002474330114115068
201791,0.0009320722117099918
201792,0.022978592410686543
201793,0.5307702731116456
201794,0.000574436181580483
201795,0.001381601334838693
201796,0.0009462167074354075
201797,0.0013475290401147165
201798,0.0012854969012111954
201799,0.002865379154286844
201800,0.001000234121232494
201801,0.0005693755157824728
201802,0.0076973202580196635
201803,0.0013303982151495906
201804,0.0005254329035667122
201805,0.0007466151429092048
201806,0.0029974734884588676
201807,0.0016252584888243266
201808,0.005450517430026251
201809,0.0025463212762845194
201810,0.0015814942524323863
201811,0.0005920934887184286
201812,0.000644953625646568
201813,0.0011597431422670436
201814,0.0011309421556320184
201815,0.0015474304926158468
201816,0.9819494128230482
201817,0.0006078217070728651
201818,0.0005671462442557414
201819,0.001289492543549352
201820,0.0009171153168523231
201821,0.0030623068223709247
201822,0.0006148018988595268
201823,0.0034461582350209
201824,0.002698315929119426
201825,0.0006664584634116023
201826,0.001210015432361588
201827,0.0006644215270981983
201828,0.0016377634602628291
201829,0.000609392081746991
201830,0.0005630234295563788
201831,0.0006481128002145257
201832,0.0010786250076332486
201833,0.0006982059803213572
201834,0.0006035747537182164
201835,0.0009874891700451928
201836,0.005691722944949995
201837,0.0008170613891504312
201838,0.0005097992979743651
201839,0.0005989347800679636
201840,0.0008324277855783727
201841,0.000602336648112803
201842,0.0029796460395905998
201843,0.0005590885545860297
201844,0.0026709048529206495
201845,0.0014958284579169943
201846,0.0011406722643236907
201847,0.0006332363502686893
201848,0.0010385339077418885
201849,0.0007590408453861019
201850,0.0011681016902649088
201851,0.0006043607976050376
201852,0.0006390935552446745
201853,0.000561853405001763
201854,0.005766780526834603
201855,0.0005380696313119239
201856,0.004325866897285685
201857,0.00198042089762299
201858,0.012550676465264612
201859,0.0033882575977051276
201860,0.0008571725080531721
201861,0.0006505656431754517
201862,0.20067334402985237
201863,0.0021682534021422077
201864,0.0008524925321357123
201865,0.006868166674885375
201866,0.0013483593487479155
201867,0.0016319707341061035
201868,0.001592455629750043
201869,0.0006684941396444408
201870,0.0005619531578772778
201871,0.00441979457410972
201872,0.00048675202812351265
201873,0.007537466905373621
201874,0.0037253822888363023
201875,0.0006020288058131561
201876,0.0005911918354271526
201877,0.0016645792907540335
201878,0.0009989439965608486
201879,0.002031046922762997
201880,0.0020214634584150037
201881,0.002935070348732976
201882,0.0010871609622579198
201883,0.0022770197393742553
201884,0.9864128482986789
201885,0.0006547108601073234
201886,0.002244916177202196
201887,0.0010567276874060044
201888,0.005917292955603247
201889,0.0018306842501391602
201890,0.0017915934399211015
201891,0.0011433619288050442
201892,0.0006528790003081051
201893,0.0011954237061559628
201894,0.00037466842945824326
201895,0.0013964800936942245
201896,0.0008670142713283366
201897,0.0004256037427770492
201898,0.00070119025878272
201899,0.0013401256165098796
201900,0.0007762938462213524
201901,0.006918218583375374
201902,0.0006059034152665501
201903,0.0012448657330316549
201904,0.0008175742906076871
201905,0.0007802069410262063
201906,0.0006977895035554713
201907,0.0036936241123017516
201908,0.0005046110723505226
201909,0.0008426996530962224
201910,0.007352199322474969
201911,0.0020507515104937015
201912,0.014612069553459828
201913,0.00506511198913629
201914,0.001309261224453706
201915,0.0015388851453402486
201916,0.0006183195213133984
201917,0.0011937614699786118
201918,0.015145492194284373
201919,0.000600638388363201
201920,0.0011311830630113102
201921,0.0005888269667361033
201922,0.0019438074786736685
201923,0.0005865595668918851
201924,0.0006534920626623553
201925,0.0006226207509430664
201926,0.004885143380694028
201927,0.0014860724183787788
201928,0.0014820408377334508
201929,0.0007825009763749234
201930,0.0005789610550114887
201931,0.0039327140839119975
201932,0.004068387353482365
201933,0.0010928683802659748
201934,0.0009228790851766096
201935,0.0006463320335359199
201936,0.0006598217743625531
201937,0.003040468439972902
201938,0.022205092585012205
201939,0.321048420799455
201940,0.002009623809238923
201941,0.0004879060708193554
201942,0.0007663622675697446
201943,0.029304754548791556
201944,0.00043277082335537186
201945,0.000917005856171064
201946,0.021620547501333017
201947,0.0008308691502141321
201948,0.0008189428799479669
201949,0.0005726610075743222
201950,0.0010629950909061443
201951,0.0019484339563267746
201952,0.001843506984168419
201953,0.0008402447894851357
201954,0.0006411039817348465
201955,0.0007045514980465418
201956,0.002747970796763143
201957,0.0011360599712058224
201958,0.0007765276552184506
201959,0.0012332611391505522
201960,0.09992621195684276
201961,0.0015325000041437299
201962,0.0006026712944086193
201963,0.0037721188513777336
201964,0.0008837564393135482
201965,0.0014364071961255544
201966,0.002059889950133576
201967,0.0012825478095929233
201968,0.014443462865775566
201969,0.00048756406292788427
201970,0.0003568266429403436
201971,0.0009287552766335454
201972,0.0008886169972339574
201973,0.0007207046884250689
201974,0.00135633663077581
201975,0.0006354319392291937
201976,0.0018723132238812209
201977,0.0016692926750380935
201978,0.00055253017201402
201979,0.0008841438015620804
201980,0.0010536077324731395
201981,0.0005332603435399696
201982,0.0005901594090417287
201983,0.0007646906075535125
201984,0.005603945143364207
201985,0.006251348631621174
201986,0.006019204185803713
201987,0.00145340947134555
201988,0.0019204252107934893
201989,0.0020485388998193357
201990,0.007789403584192808
201991,0.0006246761246475468
201992,0.0006032286500004434
201993,0.0007648082229945963
201994,0.0038586367213272613
201995,0.002706729912644591
201996,0.008782682112961002
201997,0.00851089030293181
201998,0.00035676550542473894
201999,0.0004664206209172339
202000,0.009347335197433325
202001,0.9937320265204408
202002,0.0015780071925625178
202003,0.0010493544663542388
202004,0.18918554893216188
202005,0.0008149496539919749
202006,0.0028293026321078254
202007,0.011615418527469216
202008,0.006762837682696489
202009,0.0007010273302370882
202010,0.0008443541316961859
202011,0.001465915679482096
202012,0.0025066444974524687
202013,0.00874740505289736
202014,0.0005104786857140012
202015,0.0016895841407629135
202016,0.0007428542192927811
202017,0.0035352280101907784
202018,0.000994866502283222
202019,0.0011152079980220261
202020,0.01655689376112341
202021,0.0008994921649019307
202022,0.001014727158410311
202023,0.006543700279011061
202024,0.0005717336790773545
202025,0.0008448852079471833
202026,0.0006575113432387219
202027,0.0008850960425526742
202028,0.001369042064737193
202029,0.0011266591374769611
202030,0.0012233626927185494
202031,0.0005397154307174824
202032,0.00212901539721848
202033,0.0020530570878730245
202034,0.0005815619586957079
202035,0.00048397923019292716
202036,0.0009478502609332983
202037,0.0013916386810248961
202038,0.002212341422226362
202039,0.0007132508859699647
202040,0.0007664712480230053
202041,0.003532025362067208
202042,0.001025532670031552
202043,0.000811693580460641
202044,0.0006909720462709728
202045,0.0016784675116533656
202046,0.000696281888686201
202047,0.007589008412740017
202048,0.0007188422344975792
202049,0.0007197966014069678
202050,0.0019148775759670954
202051,0.0011379421364953748
202052,0.000471507979286052
202053,0.0006463602158429159
202054,0.013721168225997003
202055,0.0010524898956319998
202056,0.0009735075897137988
202057,0.0026784339156790352
202058,0.016975739405176778
202059,0.005209328420586919
202060,0.0031717444138969564
202061,0.0034482799307262325
202062,0.0008035302352540584
202063,0.9875731515934243
202064,0.008664732127314652
202065,0.0016959320219847572
202066,0.005687229089127893
202067,0.0013918943251182807
202068,0.003714788839227456
202069,0.0011673662336189393
202070,0.0016164987094988083
202071,0.0007455565937643338
202072,0.0015983849065221661
202073,0.00041249627245814935
202074,0.0018202950161175756
202075,0.0007741608670715962
202076,0.0051786450608619266
202077,0.0012561686652861608
202078,0.001857511766675584
202079,0.0004469771259251517
202080,0.009849253029288182
202081,0.0012287765071517607
202082,0.0007283347290624837
202083,0.0002613359859328709
202084,0.002216868756208243
202085,0.00056093205717348
202086,0.006408962653022536
202087,0.0006953945529912877
202088,0.0014903196443281541
202089,0.0007634594953751065
202090,0.01346368347028064
202091,0.0008837158797451699
202092,0.0007665394541813667
202093,0.0004873098428599697
202094,0.0005092455463767462
202095,0.0034582608304881877
202096,0.0009596399617725019
202097,0.0028150767281983698
202098,0.0018646078654178705
202099,0.0004177629211630997
202100,0.0013223324876570305
202101,0.9954127083709701
202102,0.9962312844974255
202103,0.0005393508919989977
202104,0.0012773623213668268
202105,0.0011944921486180832
202106,0.0004298853248043535
202107,0.00383984715509823
202108,0.0030607730682795362
202109,0.006596762798464348
202110,0.0006072135078806669
202111,0.0011085095830659071
202112,0.0006368812983299827
202113,0.005555087480714184
202114,0.010995715169298958
202115,0.0033514681433273116
202116,0.0007652524052611323
202117,0.0011550391275910606
202118,0.001648617812291749
202119,0.00048343396380537065
202120,0.9970166642600086
202121,0.000849322593834747
202122,0.0014342114474601743
202123,0.0015372386507329701
202124,0.0009976747709628695
202125,0.01746910978048919
202126,0.0013420873342528238
202127,0.0005704064436543178
202128,0.0005838583249278023
202129,0.0009179796165183652
202130,0.0007705095979216135
202131,0.0004896970000974282
202132,0.0013695150927873303
202133,0.002080577591604987
202134,0.0006172087607292549
202135,0.010083274351456777
202136,0.0007782493544950702
202137,0.000522379309251843
202138,0.0007834651343351527
202139,0.002300170801451063
202140,0.0006997432407727159
202141,0.001486725038423458
202142,0.007966078302127562
202143,0.002804231688331347
202144,0.0008290430495757913
202145,0.0008837436058304771
202146,0.0006028490944872592
202147,0.005794172356602656
202148,0.0008479927723668186
202149,0.0018178404777754733
202150,0.0011150627150673944
202151,0.0005091600442053056
202152,0.006150750574971713
202153,0.0008875121094825732
202154,0.003166256508349803
202155,0.0007710343567724996
202156,0.0008666486874994608
202157,0.0006624545216953306
202158,0.0005677273787175857
202159,0.001125736982493913
202160,0.0006359883693418111
202161,0.0025271895167571015
202162,0.0007922548137226891
202163,0.0005445423306093768
202164,0.0005306831501208714
202165,0.0008674969569587361
202166,0.0004309971511574218
202167,0.0005768915477675616
202168,0.0010370552785300448
202169,0.0005026252192378802
202170,0.0023120300408036214
202171,0.0005600888604669091
202172,0.005883116780675358
202173,0.0006323157422142751
202174,0.0007867502367360718
202175,0.0007208756254089623
202176,0.000885426397150558
202177,0.0072224185746760875
202178,0.00042162091932596414
202179,0.0019904586202135633
202180,0.0008731325635162575
202181,0.012503467449700847
202182,0.004673279988964384
202183,0.003290553564484558
202184,0.0012522740392662032
202185,0.0007917880066936209
202186,0.0084368704494748
202187,0.006774048717878472
202188,0.0009322720310334361
202189,0.0005174229606201983
202190,0.0007058031989143542
202191,0.0014715438661435406
202192,0.0038389743401010847
202193,0.0008676837769211977
202194,0.003800362920489975
202195,0.0011599738701633538
202196,0.0009492988687574599
202197,0.000525004250020136
202198,0.010429373024487291
202199,0.0011405484568187815
202200,0.007892761256002795
202201,0.0009779622196016058
202202,0.005415706801380676
202203,0.0006431420545745908
202204,0.0007403266184567092
202205,0.0005179705857604002
202206,0.0010786563024273786
202207,0.0006069607567781487
202208,0.0005203808013120254
202209,0.0024016523762316203
202210,0.004031362869658578
202211,0.0006784351437282476
202212,0.0007969989887977187
202213,0.0014804352377992258
202214,0.0007935524073127619
202215,0.0006692558139369855
202216,0.0018779971306131596
202217,0.0008958396653142036
202218,0.0009521027836320728
202219,0.0004997525995345531
202220,0.0007352540001722872
202221,0.0005666423089732869
202222,0.005604539282651227
202223,0.0006037166154194867
202224,0.000519245079344019
202225,0.0007843722765163079
202226,0.0009118210794558581
202227,0.0004639115031350551
202228,0.0025871155139275837
202229,0.0004779371903358278
202230,0.00045407321141277334
202231,0.0015346661281340319
202232,0.004782767188679409
202233,0.0005770319440015167
202234,0.0009741939715254056
202235,0.012739487868296302
202236,0.0008245356996962995
202237,0.0007575647081610425
202238,0.0011787212247926615
202239,0.001278740393015632
202240,0.0030134947171782007
202241,0.006148398444025491
202242,0.0006535480962141853
202243,0.00370571370733708
202244,0.0005360101740457436
202245,0.0007416924106347367
202246,0.0011907631986050556
202247,0.000565685273317647
202248,0.0005758624592165439
202249,0.002335509347566516
202250,0.0005365307925082036
202251,0.001438995922021033
202252,0.0016165954454064493
202253,0.0008013465304669481
202254,0.004817237390923481
202255,0.00199411603922063
202256,0.0007470108901284637
202257,0.0005887717420190861
202258,0.001539252361520075
202259,0.00045792289689036464
202260,0.002164063047692069
202261,0.0007443208021780934
202262,0.0006919724408192473
202263,0.0006683234768962936
202264,0.002115500459374115
202265,0.0006070067351138228
202266,0.00172354743736398
202267,0.014573741379446115
202268,0.000825550943129579
202269,0.0010287563379537273
202270,0.0005493696082672524
202271,0.0008194710100937329
202272,0.0006349521765349216
202273,0.0006564244021535386
202274,0.0014562692266870052
202275,0.0008169364998549156
202276,0.00047523002292760354
202277,0.000920146656256376
202278,0.0006563416234877399
202279,0.0012684538026995276
202280,0.0006557206977820291
202281,0.0016577711911337938
202282,0.0007078751464388067
202283,0.003268464744678489
202284,0.005104646607617847
202285,0.0004985844415860656
202286,0.003952394556305962
202287,0.002529878059674709
202288,0.0008744380567484749
202289,0.0012203999197445987
202290,0.0009596283570493712
202291,0.0009348997398939243
202292,0.003953557219022191
202293,0.007361990786137775
202294,0.0007499468063876303
202295,0.0021258771109162362
202296,0.012514244768077443
202297,0.0018325529895098142
202298,0.08426023103902847
202299,0.006065463492587877
202300,0.0005489613362809585
202301,0.0012876844454141312
202302,0.0014190974028509304
202303,0.0018044270756226092
202304,0.003720919210228028
202305,0.000773478969280133
202306,0.000646408284040525
202307,0.0008745471740156886
202308,0.007038401826516102
202309,0.004669874971062029
202310,0.000907293292624603
202311,0.0006344308581437734
202312,0.0006412288330795633
202313,0.0006222109993648706
202314,0.0015551584121381665
202315,0.004213757349967632
202316,0.0007682336259054481
202317,0.0012914247945953086
202318,0.001154577917024589
202319,0.0033205120683563933
202320,0.0006510902988492812
202321,0.000599784432548554
202322,0.03931304366081364
202323,0.00048057722594981413
202324,0.0015084015900977276
202325,0.005055361039024257
202326,0.0011641136203306198
202327,0.0006852204175752224
202328,0.0018719904852430424
202329,0.00066190373395799
202330,0.0008945024540335349
202331,0.0011691623896833369
202332,0.0005187569555237239
202333,0.0034302804561345116
202334,0.005881976408800492
202335,0.0030512519547406204
202336,0.000600801544195625
202337,0.0015930480097787387
202338,0.0005118298788599885
202339,0.0005486442001755439
202340,0.007882535329493914
202341,0.002340716819796336
202342,0.0007749608300444775
202343,0.0012535337886164129
202344,0.002608987363331132
202345,0.0006730846675683095
202346,0.0006967906424855241
202347,0.0011398752108820061
202348,0.0007755987159140179
202349,0.0006616372040146653
202350,0.0005250742540928044
202351,0.0005398243443747555
202352,0.0007028174720938351
202353,0.0007579506820971529
202354,0.0007927367350389606
202355,0.0006756971582934322
202356,0.0010273500969629223
202357,0.0008745245835028558
202358,0.0013174533300785675
202359,0.0005858527432938805
202360,0.001082872592709036
202361,0.0079950650059912
202362,0.0004535425294390103
202363,0.0005778760943838369
202364,0.03174475774859995
202365,0.9988582514761195
202366,0.9920498573457092
202367,0.0068901990613113966
202368,0.001580875462300502
202369,0.0005583714110477538
202370,0.0005434304534209718
202371,0.0013017026325396713
202372,0.0008205267924637565
202373,0.0005696157356156332
202374,0.0012988648468672506
202375,0.001534865657541584
202376,0.00095157808206441
202377,0.006131166898451836
202378,0.0013252087864698732
202379,0.0009754893086295548
202380,0.00045558152462940414
202381,0.0013474340692344782
202382,0.005313904352723079
202383,0.0008702831622504591
202384,0.0027561773745781153
202385,0.0014728800219330359
202386,0.006959480744521078
202387,0.0016840205855542742
202388,0.005830035105204698
202389,0.0013876071554760941
202390,0.0013482053832750808
202391,0.0011375432278687872
202392,0.001005965921222018
202393,0.0005115164880082993
202394,0.0007128012272338323
202395,0.004502450229675258
202396,0.001260888541652901
202397,0.007999168506618932
202398,0.004136822590826112
202399,0.004825796481297577
202400,0.000553700042967947
202401,0.0007186710673413247
202402,0.0009959895037442946
202403,0.0005852484300464534
202404,0.0009147179774958937
202405,0.0013335291795719387
202406,0.0016636771763107543
202407,0.0007261672069399081
202408,0.20045585844846087
202409,0.0009984787235542613
202410,0.0006644492925721551
202411,0.0054922588476430155
202412,0.002125436743159164
202413,0.0004864017983260524
202414,0.02784368861019479
202415,0.0007777885556728493
202416,0.003925780998650706
202417,0.0009829497515126905
202418,0.0018400709185651262
202419,0.0013617176017380055
202420,0.0009875409205583022
202421,0.0005464090958307797
202422,0.0017174394952594188
202423,0.0007338013461787262
202424,0.000560449214205735
202425,0.0010261694679006336
202426,0.00047331338889030624
202427,0.0005245407907676751
202428,0.0008922796307081622
202429,0.003126319214149762
202430,0.0005025539156390058
202431,0.009028072618856723
202432,0.0011504837329508364
202433,0.00047876360197967644
202434,0.0038456549387372303
202435,0.001163202264024947
202436,0.0030830665654912777
202437,0.0007709276294149412
202438,0.0015773686304180966
202439,0.001807132172188611
202440,0.0005219432359582703
202441,0.0010779367201091492
202442,0.0020214437078046772
202443,0.000864294954757859
202444,0.0008825054412167851
202445,0.0016179094741475318
202446,0.0014086673221241257
202447,0.0006566822935337242
202448,0.0007528993688604375
202449,0.0005403872165955912
202450,0.0006977929800985421
202451,0.003066188151604611
202452,0.0006022615515771995
202453,0.0009251710308607844
202454,0.0005908412857666876
202455,0.0014091701811744946
202456,0.0007535660958889895
202457,0.004776616438170714
202458,0.000691716821874725
202459,0.0015719544146910688
202460,0.0027410895509777937
202461,0.00045117986823273355
202462,0.0005929574770630463
202463,0.00053705079120243
202464,0.00151249861553052
202465,0.0005598884598459746
202466,0.021306363229347057
202467,0.0023353082999984925
202468,0.010626172665209661
202469,0.0016665563510938363
202470,0.0005598371099576839
202471,0.0025789418297850475
202472,0.0009820821088139529
202473,0.0007294464458324121
202474,0.0006034898534654322
202475,0.0005547695477055891
202476,0.04875426645994352
202477,0.000575885137421708
202478,0.0009046317620077804
202479,0.0004876443138974399
202480,0.0005866296471561017
202481,0.9840789678191796
202482,0.0014573512597522709
202483,0.0010857615448120917
202484,0.0006646754434078043
202485,0.0013555420412262472
202486,0.026936649511491332
202487,0.0011586397690655065
202488,0.0009233015244612985
202489,0.0009103763098357669
202490,0.0007894906992245254
202491,0.002027709121085544
202492,0.016283462295193667
202493,0.0005760406056319131
202494,0.0037580945875278285
202495,0.001562166589236572
202496,0.0010422618310303416
202497,0.0005077268628651469
202498,0.011582568819622528
202499,0.0039285428180996455
202500,0.0013985538572038221
202501,0.000918510091302212
202502,0.0008360526045857096
202503,0.001383475088112613
202504,0.0017480953084771456
202505,0.0018963596241211675
202506,0.0005296914397685461
202507,0.0024679932710508098
202508,0.0030500537698875045
202509,0.0007552759641143427
202510,0.0007971644711078108
202511,0.0006970852165217777
202512,0.0005934044134892905
202513,0.0022579679032607176
202514,0.003514101101609838
202515,0.9963760560200297
202516,0.0016312584198361329
202517,0.0006432156823001268
202518,0.0008698384874608089
202519,0.005774366152237695
202520,0.002334046699992716
202521,0.002038835068661895
202522,0.0008030425410702857
202523,0.0020544853483183707
202524,0.003383977477305711
202525,0.00043581544289878285
202526,0.00105340588970758
202527,0.0008102005019303118
202528,0.0006923543839915477
202529,0.0006141786679519578
202530,0.0007389096589256803
202531,0.0056080126534400945
202532,0.0016402097284813257
202533,0.0010548931109399555
202534,0.008309020487707012
202535,0.0007172802102523714
202536,0.0010621750806588646
202537,0.0005448329478018784
202538,0.0006261697075761282
202539,0.0008026397882086979
202540,0.018724098868459257
202541,0.000545008696750459
202542,0.0025280141550246306
202543,0.0007446031943394593
202544,0.006289489579328101
202545,0.0023614885140504217
202546,0.004231053087332735
202547,0.008042201933449214
202548,0.0018960427056004953
202549,0.0008469975515411162
202550,0.0005000316762677349
202551,0.011695343413105075
202552,0.0012369163712650992
202553,0.0007372637783198651
202554,0.0014814474745565116
202555,0.00853796661460449
202556,0.0007150059230751549
202557,0.0011948963397302227
202558,0.002809181668923347
202559,0.001459167546008878
202560,0.07142281091674353
202561,0.0008649910503831695
202562,0.0008087754026481909
202563,0.0006293444911583374
202564,0.03569587985600868
202565,0.00044596276063970676
202566,0.0028330897529328983
202567,0.0005715391432975466
202568,0.0007264352277974658
202569,0.2006659831364508
202570,0.0008749108389929073
202571,0.0007953734334771285
202572,0.0006789157579358919
202573,0.0007091952539165125
202574,0.0005653126085880162
202575,0.0008043736184553176
202576,0.001364977419233587
202577,0.000841275262342265
202578,0.0006576707884423637
202579,0.0008079144116574145
202580,0.00040406765276326063
202581,0.0007767779740228861
202582,0.0005248219520407588
202583,0.000847849469539241
202584,0.0006748502059388082
202585,0.0013290019124216595
202586,0.0036245731164847687
202587,0.0005928404394126348
202588,0.001687636166892739
202589,0.0005808611350069517
202590,0.0005128828852381287
202591,0.0006074410420328321
202592,0.000483073740208543
202593,0.0009450028521329353
202594,0.0005818118895574475
202595,0.003387556238330036
202596,0.0007365419664090574
202597,0.0015710350708911369
202598,0.000991351927246637
202599,0.003922068824133613
202600,0.001748409942902891
202601,0.0005044373581723899
202602,0.0006976824313605645
202603,0.0017016067670703218
202604,0.0012603219306004962
202605,0.0005765689082369418
202606,0.9953338890600006
202607,0.0007356936247060682
202608,0.0005608853337994872
202609,0.0007423350221330159
202610,0.003047496950444151
202611,0.0005226892170595603
202612,0.000557542123483474
202613,0.0009047361143986095
202614,0.00066153257694424
202615,0.001839877361445402
202616,0.0011057799769574204
202617,0.9955349952387731
202618,0.0011849743053431502
202619,0.0009125705412676285
202620,0.0022519526942717002
202621,0.0005284115125153933
202622,0.0007043750554005699
202623,0.00595955829840611
202624,0.0005664896358797968
202625,0.011006474521051428
202626,0.0036297740582214195
202627,0.0012649325387543305
202628,0.0006869658244882151
202629,0.0020731041682083657
202630,0.000449859283633847
202631,0.0010142558782196688
202632,0.0024999255179146613
202633,0.0004657343369442655
202634,0.004442125356472543
202635,0.004102153346203478
202636,0.0034321029371748813
202637,0.0006089246330231746
202638,0.001755645495402085
202639,0.0009558410135531252
202640,0.0018833394703136872
202641,0.0004886842997829258
202642,0.0009115703534078301
202643,0.0015179737086277595
202644,0.00048263777035479147
202645,0.011918135545891793
202646,0.0021028530720374233
202647,0.002281280461867069
202648,0.005266862271245764
202649,0.0012448889928211595
202650,0.003084731733788656
202651,0.0011013258605228342
202652,0.0004962599212616941
202653,0.007139405990194435
202654,0.0004723622903262703
202655,0.0017817659120642681
202656,0.007866346342422004
202657,0.002083461734743478
202658,0.00077623871295876
202659,0.0009665830164582677
202660,0.01624518811218364
202661,0.0013234002150006262
202662,0.0063228232682079055
202663,0.0006783528312740453
202664,0.0014333118378648461
202665,0.0006049515681302943
202666,0.0031544080257051186
202667,0.001414469720439412
202668,0.0005972313260202887
202669,0.0007843338434543586
202670,0.0011772042667185373
202671,0.9851846461160136
202672,0.0003841246004943063
202673,0.0053965158382448045
202674,0.0006442256538591227
202675,0.0017175713300086118
202676,0.0018067231943430448
202677,0.0008370675359360343
202678,0.0021751951573963633
202679,0.0006070363404422965
202680,0.0005465804547896063
202681,0.000695629118656801
202682,0.0010638406290387316
202683,0.0010997477658353269
202684,0.000613363945666732
202685,0.0023976039656433018
202686,0.000703364940990612
202687,0.0013130812588408702
202688,0.0007891274347048018
202689,0.0009981588270547774
202690,0.001222059774159878
202691,0.0005965762280626429
202692,0.0008457083785495468
202693,0.004745918996991792
202694,0.0005771614298291267
202695,0.000567305102646545
202696,0.0006956230662410376
202697,0.9974492906432311
202698,0.0008016704381468452
202699,0.1306861598298137
202700,0.0008228995966906732
202701,0.004329606729606685
202702,0.0006240442318403651
202703,0.0007624396922053056
202704,0.9989044611725199
202705,0.0017524522114850485
202706,0.0005660803357752968
202707,0.0013818158543314105
202708,0.007147355626347487
202709,0.02338986857004207
202710,0.000584522782986083
202711,0.0006853360451233395
202712,0.0016315624025527334
202713,0.0018409950962578081
202714,0.011203669648435749
202715,0.001255550193698708
202716,0.0005404380139855925
202717,0.0005765468489209614
202718,0.0035259299376370233
202719,0.00600825228886769
202720,0.0006702133639220273
202721,0.0006231004620996738
202722,0.003494740047542114
202723,0.0017861798153143609
202724,0.0008748938289245124
202725,0.0011089198147377632
202726,0.002612679931447124
202727,0.0004884290341054888
202728,0.0010729051282249641
202729,0.0005116238537959226
202730,0.0011136406542779586
202731,0.01729112501930995
202732,0.0008621599375670158
202733,0.0009824854137737392
202734,0.0006213236513491957
202735,0.0012428554182110166
202736,0.0018492677099707017
202737,0.0007289057034244626
202738,0.003793022773693165
202739,0.005170616549798439
202740,0.0010514919380603632
202741,0.009857512251261993
202742,0.0005453438358754081
202743,0.00048822164346422987
202744,0.0008757981839084238
202745,0.0007360912715142617
202746,0.00048494158145207406
202747,0.008830885013469882
202748,0.0009498740484195616
202749,0.0005510228354807765
202750,0.000387510547129722
202751,0.000800748706903024
202752,0.007967254884614564
202753,0.000982086190203957
202754,0.004185009567609383
202755,0.0013150016562806077
202756,0.004024516857553388
202757,0.005602935889346551
202758,0.003962686677754098
202759,0.0004797391592564382
202760,0.0004742988931382972
202761,0.002354897231475286
202762,0.000892118527600814
202763,0.0008213020890006689
202764,0.03700010995430315
202765,0.002384230865800035
202766,0.0007885158930505881
202767,0.0013834279647839858
202768,0.0005432489325511388
202769,0.0006683809480220823
202770,0.0005965387102619012
202771,0.007527491351593616
202772,0.000681374493926856
202773,0.0022088414178061695
202774,0.002893674358119624
202775,0.0005568758986499561
202776,0.0023471092929431303
202777,0.003477768538347346
202778,0.00033981410848319196
202779,0.00503434120944071
202780,0.0006251887579772364
202781,0.0008333023080164692
202782,0.0007797006922684923
202783,0.008557792569883049
202784,0.0006179011316362762
202785,0.0005205527512744987
202786,0.0016349317184739015
202787,0.0005743858887673973
202788,0.0045348814241883695
202789,0.000982684009858962
202790,0.0007057903920896576
202791,0.0007954541492585395
202792,0.0018923248710492964
202793,0.0011254317405947852
202794,0.0014879240617373343
202795,0.0005214667808982338
202796,0.0016519340009713474
202797,0.0006151305707805083
202798,0.0007972126226583941
202799,0.00044248016325395385
202800,0.0018366638831209662
202801,0.0018315504491615464
202802,0.00062799393967036
202803,0.0006725696009156148
202804,0.0005926586941479112
202805,0.0006832751920084098
202806,0.0006391442495669507
202807,0.000703190429377086
202808,0.0009650430372669684
202809,0.000572380123514171
202810,0.001966605404499046
202811,0.0008314158824966687
202812,0.0004852372379789031
202813,0.005203640066445914
202814,0.0008923528241606654
202815,0.004755965077977631
202816,0.007315624642297871
202817,0.0006093715674098176
202818,0.0027496072641941876
202819,0.0006872865079751777
202820,0.0018388781299005239
202821,0.0005930065422249032
202822,0.0020124913658001817
202823,0.0012351279512218894
202824,0.0007374971042920573
202825,0.0013615270980652941
202826,0.0005430320838658055
202827,0.0005778904945249564
202828,0.0009086709771824015
202829,0.0009221904299680917
202830,0.3755940486099612
202831,0.0010330984651350365
202832,0.0009272459027212772
202833,0.003203111622882578
202834,0.0006138044620276136
202835,0.0006993129149911263
202836,0.0005356711436620032
202837,0.0005210443996012502
202838,0.0055672747090422334
202839,0.0014787386145152757
202840,0.00046941073077103377
202841,0.002513820149655007
202842,0.0008450194052369412
202843,0.004977893954803714
202844,0.0011997803461684465
202845,0.000583063074533767
202846,0.0028262666056253286
202847,0.9978019693199706
202848,0.012376524743545624
202849,0.0009136430968804888
202850,0.005812452425101925
202851,0.0007420674059898248
202852,0.001981327459436695
202853,0.0010367432701315427
202854,0.0004373421437784128
202855,0.0005726748722813301
202856,0.0007329910114156963
202857,0.0006945198632364037
202858,0.002713389345288902
202859,0.0014119609449970976
202860,0.0007472110110691349
202861,0.0009393026043927849
202862,0.0014064515959039334
202863,0.003098777017514813
202864,0.0026121972573015517
202865,0.0010410734189290338
202866,0.0014079866642261584
202867,0.000670255966535727
202868,0.0026395903775069283
202869,0.00037037954442738425
202870,0.995256679435977
202871,0.0035524492315229016
202872,0.006560611273724766
202873,0.0007513643940662074
202874,0.0035641029110731123
202875,0.007408387728909756
202876,0.006279269237405783
202877,0.0005406665771475451
202878,0.0005922531794541305
202879,0.0006068993042479614
202880,0.0006364042306249442
202881,0.02606353473175918
202882,0.0011908668156463396
202883,0.03568724657672461
202884,0.000510601019403027
202885,0.001543477612052373
202886,0.9970204333106656
202887,0.0010944074662066416
202888,0.0008131693535156846
202889,0.0010113622145335225
202890,0.0015473714019393525
202891,0.0006082376033621867
202892,0.0021805763086017423
202893,0.0005647932547800395
202894,0.0050902214613801865
202895,0.0016296825337000498
202896,0.0006266643145468415
202897,0.0008401777982093915
202898,0.005385874535050178
202899,0.0009438119232407533
202900,0.0019407928294548488
202901,0.006649928692452284
202902,0.0013282918068363927
202903,0.0006571062951389925
202904,0.0006692427347381072
202905,0.0007552800855900367
202906,0.0005895769839855066
202907,0.0022974702600761566
202908,0.9872053335261575
202909,0.00077281937266982
202910,0.0019190375376248894
202911,0.00041264984558195565
202912,0.0018551324983173848
202913,0.00044222267167907606
202914,0.0007949892473822844
202915,0.002841897158683683
202916,0.0005271193616108571
202917,0.022276180718356617
202918,0.0013268846414417833
202919,0.0007569310489679003
202920,0.0006489959545922815
202921,0.0008459218801443858
202922,0.0016889675110817863
202923,0.0006541784612996406
202924,0.007801357184262501
202925,0.0008882588265025455
202926,0.000695223326401386
202927,0.0018098874741622696
202928,0.0005929087308407886
202929,0.0006306976529520691
202930,0.0006554333251768461
202931,0.0012358567564890743
202932,0.0006427585279963487
202933,0.00042370226704086184
202934,0.0006562811535002428
202935,0.000986675913528541
202936,0.0006569622597631528
202937,0.001639251118435595
202938,0.0004619770544623184
202939,0.0007626001796217925
202940,0.9937427003992698
202941,0.0005673443180480625
202942,0.001503969489741011
202943,0.0019564392780505183
202944,0.0010676074851013622
202945,0.0016541542581085945
202946,0.0007461932957429281
202947,0.0006849844658458834
202948,0.0047716845667369135
202949,0.0005693905703133739
202950,0.0005374135363643496
202951,0.01514012124402204
202952,0.001165203332543482
202953,0.000586407448023915
202954,0.0011208292215968006
202955,0.0004769248789975487
202956,0.0006982827694384463
202957,0.0011388369210124617
202958,0.0009100956401141952
202959,0.0006152602232771012
202960,0.00045320412661053176
202961,0.00048616199889382403
202962,0.002208642135226818
202963,0.0004883773413775225
202964,0.0013222424187487817
202965,0.0007957663505816378
202966,0.0011382223137905924
202967,0.0005516903060495534
202968,0.0007827708320792164
202969,0.0026184636626727757
202970,0.000517069636567907
202971,0.0018464031525279945
202972,0.0006076664757582433
202973,0.001188050825563278
202974,0.0013732940675711253
202975,0.9977393973389802
202976,0.0005313394451887174
202977,0.0024514759883996935
202978,0.0011982256839973768
202979,0.0013285135236336103
202980,0.0006769883633442005
202981,0.0009640289532159583
202982,0.001370527606634569
202983,0.0010690301223586721
202984,0.0008194672474182226
202985,0.0030786760665045213
202986,0.0004752670576260565
202987,0.006273004544606224
202988,0.002947941397841715
202989,0.0006614432791523457
202990,0.0010115372169450523
202991,0.002002708489800335
202992,0.006045894781264721
202993,0.005183718999730186
202994,0.0006251062733572666
202995,0.0015982176981763796
202996,0.0006853709390990046
202997,0.0034630150799953886
202998,0.0005498668380847881
202999,0.002766022712755
203000,0.0004673363192361897
203001,0.0019430307942699912
203002,0.0004932978350306109
203003,0.0005927325396251635
203004,0.0033651015110588564
203005,0.0012004306110438225
203006,0.0008951286137385303
203007,0.0007246482818538983
203008,0.07408342447735837
203009,0.0006296951109125668
203010,0.001543423551544295
203011,0.0007665267731189807
203012,0.0007499851263337197
203013,0.0006665541176512068
203014,0.0006214476015169267
203015,0.001246998043394423
203016,0.002543502373790169
203017,0.000629902380895998
203018,0.0007162027741320574
203019,0.0009472527334464251
203020,0.0009818868613591365
203021,0.0007435478210703406
203022,0.007364468315877864
203023,0.0009183592979849505
203024,0.0016145571378231231
203025,0.0008336826755018694
203026,0.002377356186086839
203027,0.0006557153691836602
203028,0.003643427777833063
203029,0.002022194994230765
203030,0.002111740875542923
203031,0.0006402645268352332
203032,0.01156855154284256
203033,0.001598137657961012
203034,0.0006331288777005676
203035,0.0004965716622874632
203036,0.0005873278669783626
203037,0.0006824289827042664
203038,0.0008743502294423276
203039,0.0014250623908877102
203040,0.0004822676816313462
203041,0.0023955825285600675
203042,0.0005755719805473683
203043,0.0013677502745633309
203044,0.0009550227812082487
203045,0.0022130215468344335
203046,0.0003816083843256205
203047,0.001551661843740921
203048,0.0006321076738340194
203049,0.001416291986878736
203050,0.0028151342939604683
203051,0.00038696027600658244
203052,0.001033640295821245
203053,0.0007967313590488991
203054,0.0006041434955963256
203055,0.0014434452680795072
203056,0.0006846688491839616
203057,0.0008230216905137859
203058,0.0015266818535938156
203059,0.0013393516635267224
203060,0.0008468592205041727
203061,0.0006432049026503848
203062,0.0008552875581787891
203063,0.00790434809978369
203064,0.0016938073614990124
203065,0.001539084476862314
203066,0.004492275912234047
203067,0.006498089123994364
203068,0.001061841298855551
203069,0.003586015684918989
203070,0.0007025826372458337
203071,0.0007805136506499489
203072,0.0006321416061913206
203073,0.0007231234794048976
203074,0.027416993791991227
203075,0.0009271208176619362
203076,0.0006872335184227752
203077,0.0004363496132919351
203078,0.00063556051908254
203079,0.0008855148553063215
203080,0.006513829152312265
203081,0.0005356518416857598
203082,0.008666032451249295
203083,0.002925372783414151
203084,0.0012894216047556646
203085,0.004629536054695164
203086,0.0011001575723508066
203087,0.0016276141790147567
203088,0.003915296316342529
203089,0.0018763959445780183
203090,0.0004907467344480233
203091,0.0008815229428703384
203092,0.0006500472173123068
203093,0.0013240390667169054
203094,0.000970605574255315
203095,0.0006369448432399321
203096,0.0011219950796602504
203097,0.004424506736223917
203098,0.0010150639365088642
203099,0.001035532329952254
203100,0.002042763434976627
203101,0.0010795382798702768
203102,0.0006402488650440714
203103,0.0016435961498576725
203104,0.004395646402047404
203105,0.000970603214317626
203106,0.001173787865915031
203107,0.0007661970531803973
203108,0.0006925401114739453
203109,0.0008089915649901844
203110,0.007711925711670743
203111,0.0030136748187902336
203112,0.0011324875575349823
203113,0.0009384807400431682
203114,0.004569352257290017
203115,0.0015874494949047126
203116,0.0008027553937557865
203117,0.01879228156248746
203118,0.0011866304444959517
203119,0.0006544197161952333
203120,0.0006039732471302706
203121,0.0029949094550723037
203122,0.013913046357451036
203123,0.0010002375920229985
203124,0.007734098855293447
203125,0.00043956890435817026
203126,0.0006637227582589359
203127,0.0005577892864962031
203128,0.20039474240016303
203129,0.006603527192715824
203130,0.010920682533858271
203131,0.0013193232770463714
203132,0.0255895419411349
203133,0.002568580121238635
203134,0.0006308698617714336
203135,0.0007199708353616602
203136,0.004385702629068459
203137,0.002594939712268623
203138,0.0006203605557135346
203139,0.001631554334136772
203140,0.0011879423316771922
203141,0.002323316247555064
203142,0.0006249166859561488
203143,0.0008888018137231008
203144,0.002616571264356793
203145,0.0006107310898260312
203146,0.0012732542646085442
203147,0.0034712036824914435
203148,0.0014941499232535003
203149,0.0006148684197082267
203150,0.0012069071124082534
203151,0.0007266498942868116
203152,0.0011814412125987178
203153,0.0006039495062532528
203154,0.0011854360316793592
203155,0.0005440431974304802
203156,0.002442215432166713
203157,0.025002558311459963
203158,0.0019316571118699255
203159,0.0014319769307000135
203160,0.0014864570065282498
203161,0.0007726317972837633
203162,0.0010220144762911063
203163,0.0008725413139887292
203164,0.002740887216082636
203165,0.0019315540512309425
203166,0.0008334089542443033
203167,0.00065154031822295
203168,0.006007569947779684
203169,0.000494723261117376
203170,0.0007003086643645652
203171,0.0013653305037054021
203172,0.0005657739233728626
203173,0.004764506322436848
203174,0.9875353126157589
203175,0.004648300481460374
203176,0.0005378911470163767
203177,0.0010011523963247703
203178,0.013948840733522611
203179,0.0006925592973625462
203180,0.002155435885480976
203181,0.0015612305342998759
203182,0.0006224111641258631
203183,0.0021325387055149683
203184,0.0010290225444072247
203185,0.0017021657085922572
203186,0.0018431842405924638
203187,0.000594652367304431
203188,0.001121868050560499
203189,0.0005724004241364757
203190,0.0006287902564626633
203191,0.003992873920241648
203192,0.000534597143404988
203193,0.007044584930858419
203194,0.0004830318408856361
203195,0.0020017970477544736
203196,0.0007597790145898061
203197,0.001246753048404162
203198,0.0008330561021144885
203199,0.0005944384320531726
203200,0.012242243982694231
203201,0.011758571236860988
203202,0.0011439543642198136
203203,0.0007761303759481066
203204,0.0018826431476637354
203205,0.0008929071543716451
203206,0.001586986576692694
203207,0.0010485700655493843
203208,0.0006130004044038302
203209,0.0005784780722688742
203210,0.0064817954491681005
203211,0.0004048851615938964
203212,0.0009546193671925188
203213,0.000759247712830958
203214,0.0005721091986887162
203215,0.0015953099731219238
203216,0.0011638236057654853
203217,0.0011626167685390046
203218,0.9904693573821094
203219,0.0004870481347615047
203220,0.0023105048777826145
203221,0.0005808546996638035
203222,0.0005977585719175523
203223,0.0005175818689486616
203224,0.003754810670382502
203225,0.0021038616589335313
203226,0.0013564697562442113
203227,0.006154509373712465
203228,0.0005379359092835235
203229,0.0006166324214794685
203230,0.0007805361972774629
203231,0.000515424014298406
203232,0.0006021306690808143
203233,0.1477168485151833
203234,0.003419535911371572
203235,0.001816585811324559
203236,0.0006220139154583033
203237,0.0005639568960709442
203238,0.0007112424026601912
203239,0.020287174808563516
203240,0.0029026719537515984
203241,0.004188959358040768
203242,0.0006706279750938833
203243,0.0006801922120751145
203244,0.013375067382908291
203245,0.001145540176948171
203246,0.004888878363248184
203247,0.0007367157519034867
203248,0.0008265546370836536
203249,0.0016083210961182143
203250,0.0011477370946042197
203251,0.0005324608548486373
203252,0.003251644191431814
203253,0.0009412400001458336
203254,0.006143826229927598
203255,0.0010893243876073995
203256,0.00046158471828544476
203257,0.00092751933033778
203258,0.004796106899420521
203259,0.0015204301938776027
203260,0.003526372482890623
203261,0.0006770462175043442
203262,0.00718484464026305
203263,0.0045025437028038615
203264,0.0006588234992501607
203265,0.000705755136797178
203266,0.004696532473002043
203267,0.007751265104276506
203268,0.002662268013405629
203269,0.000573962090955776
203270,0.001851279623546497
203271,0.0005079591059939999
203272,0.0007424061822469087
203273,0.001291840582975013
203274,0.0009340275537722575
203275,0.0008431680802620653
203276,0.001638707500456991
203277,0.001106695255973934
203278,0.003400681140763467
203279,0.0193502958768332
203280,0.0005742699274990372
203281,0.0009712791603328921
203282,0.0005964860296827178
203283,0.0013575824308638134
203284,0.0007966325371263063
203285,0.0005784477848252007
203286,0.002719491875566279
203287,0.0004322750461434664
203288,0.00039691588668045336
203289,0.0007352109914075632
203290,0.0020601992572225614
203291,0.0006465123099251075
203292,0.0006663926232470098
203293,0.004007428121434592
203294,0.0006839260283089356
203295,0.0032261861534767246
203296,0.0004384428952215223
203297,0.0019025650058179006
203298,0.0007019843171255657
203299,0.0008194972020786806
203300,0.002984041985844707
203301,0.0008417113292766439
203302,0.0007036946411338265
203303,0.007295917223352167
203304,0.0005912981995457871
203305,0.0027586496792505015
203306,0.0009815511940760243
203307,0.003386690541625238
203308,0.0006788513596338561
203309,0.0009143162985027033
203310,0.002158459014625212
203311,0.0007562069473176853
203312,0.0012291306843857847
203313,0.08492111097543495
203314,0.000974011469841897
203315,0.0008573509506374431
203316,0.0007282255029977076
203317,0.0011814859978081472
203318,0.0009373102269408088
203319,0.011542065616445647
203320,0.0009144126009815654
203321,0.0010439532135633838
203322,0.0010040650293136116
203323,0.0007310144764715774
203324,0.0015481123500763199
203325,0.002233417972887029
203326,0.000513352374370621
203327,0.0007165130418806597
203328,0.0008522140344238682
203329,0.0008171821054747275
203330,0.005923969609816682
203331,0.0011009832836108037
203332,0.0004874093921607188
203333,0.0015185320114683876
203334,0.000576346130579344
203335,0.0022301738432220024
203336,0.0007716109915176863
203337,0.0013946428195821719
203338,0.0011485226289566456
203339,0.00047543868247453897
203340,0.001897379118729091
203341,0.004241031783453457
203342,0.0009165872514718069
203343,0.0028465813937870767
203344,0.000697266503750077
203345,0.0007614160109840813
203346,0.0037137005093171548
203347,0.0008375548787147987
203348,0.0006814548896021411
203349,0.0008692057697230122
203350,0.008647050648337576
203351,0.004027990260447718
203352,0.0006479296199525772
203353,0.001043080652384223
203354,0.0005297212173169871
203355,0.0016843327211855511
203356,0.0005299437906498547
203357,0.0005583794082216194
203358,0.0010194447008578592
203359,0.016157704614863207
203360,0.0006945753506175563
203361,0.0006301896566554591
203362,0.027481781161305195
203363,0.0006153842186167916
203364,0.004983835893768688
203365,0.001354543780763289
203366,0.0021111100273443102
203367,0.000601115602569279
203368,0.0014976243445853736
203369,0.9947503135273438
203370,0.000686081817771164
203371,0.10622637679804518
203372,0.00033613927103492655
203373,0.0012879796577779212
203374,0.0007805121558678897
203375,0.0007015564220518009
203376,0.0013437678199353998
203377,0.0005612237372477218
203378,0.01455875145092127
203379,0.0006023509600698991
203380,0.0006641931650321265
203381,0.000579150528714887
203382,0.00043874418907296266
203383,0.0011105225457382654
203384,0.0008038270746132215
203385,0.0025109174561882587
203386,0.0014038088974318028
203387,0.0012084180023965354
203388,0.0009455097534503754
203389,0.0007079213861608956
203390,0.0012110605992722086
203391,0.0011226019443639494
203392,0.0007750913452709831
203393,0.0006088566430012081
203394,0.002534667884745363
203395,0.0057210966967874664
203396,0.0007041946672663467
203397,0.0014001465228520198
203398,0.008100899746069158
203399,0.00049115377171614
203400,0.9937464863654188
203401,0.0006020888313713427
203402,0.0007012048447276451
203403,0.0006963026446546658
203404,0.0011064192833859935
203405,0.003912809508990452
203406,0.001087416902851099
203407,0.0009091248672829156
203408,0.00141692053932381
203409,0.0015143102226878925
203410,0.0019011669057708526
203411,0.0019355992935870606
203412,0.0014745687136342508
203413,0.002966468504035225
203414,0.0006067319673511949
203415,0.0005209657693857044
203416,0.00044330584827985864
203417,0.0038511779015020205
203418,0.015811121913559815
203419,0.0006496415455071191
203420,0.00046838637841453576
203421,0.9977407283663984
203422,0.0003900258690166502
203423,0.05245015213497695
203424,0.0016392131762066166
203425,0.0023338735937629314
203426,0.0004177480063790134
203427,0.0018428273658580656
203428,0.0004753090083503722
203429,0.0007909628330221676
203430,0.0006533344872965001
203431,0.0010601767896764452
203432,0.0012378579369637644
203433,0.005246479851325717
203434,0.0006285501536221504
203435,0.007306007838543861
203436,0.0010048153245935882
203437,0.022415058236007288
203438,0.001202772762675817
203439,0.002042798222081073
203440,0.000714474729954088
203441,0.009860172796776595
203442,0.0005251451802784418
203443,0.0015793646928660252
203444,0.0008442319776505354
203445,0.0008354181914423378
203446,0.0017165808989003226
203447,0.00047025815177280795
203448,0.005022769134794325
203449,0.00614879252817279
203450,0.0005091582177733586
203451,0.0012012540064453864
203452,0.0019781157936858726
203453,0.0057084037872625355
203454,0.00148095554999223
203455,0.005328457673818768
203456,0.0015145258044184167
203457,0.0006195934533312836
203458,0.0025524718413423853
203459,0.00104992753055732
203460,0.0004929888611419152
203461,0.000760826558003951
203462,0.01570871761876864
203463,0.0007569006812803431
203464,0.0006154543225543748
203465,0.001089156394383428
203466,0.0008948492182419533
203467,0.0008236346719753796
203468,0.001280789860292023
203469,0.0031746006344008752
203470,0.01277277775317617
203471,0.0008353257303370276
203472,0.0007487247197336528
203473,0.0004072092525255518
203474,0.005950216701457846
203475,0.0006403716501849357
203476,0.0007368454765516484
203477,0.001467545411345209
203478,0.0049820784141708305
203479,0.0023812098301310806
203480,0.002283373840493996
203481,0.000420179786528972
203482,0.004177007980455618
203483,0.001229801580116434
203484,0.006804577978320238
203485,0.002073476045739372
203486,0.993497492885966
203487,0.0016114820651747267
203488,0.0021767234898200255
203489,0.004446590002373524
203490,0.004564194927609958
203491,0.0007985011524791737
203492,0.000900530052431933
203493,0.0072770396096725355
203494,0.0006570400029469348
203495,0.0016936947416783853
203496,0.0006413473838321286
203497,0.0006311852308558165
203498,0.0010110656360566113
203499,0.0014020703768252846
203500,0.0008379876588992692
203501,0.001963458084321786
203502,0.0025710288835556804
203503,0.001785863415821239
203504,0.010429553453351578
203505,0.0012866510910288392
203506,0.0047850544639578205
203507,0.000519793448522768
203508,0.0010449669865758397
203509,0.0007386242767682683
203510,0.007467209600677307
203511,0.0007992585814126161
203512,0.0006674873479724571
203513,0.0007903109989628354
203514,0.003139470551637158
203515,0.0012405004297482995
203516,0.0011358553332211697
203517,0.0011336922443528409
203518,0.0014385738745805758
203519,0.000578893973957378
203520,0.00550498985203676
203521,0.0005250524513895127
203522,0.0008772965935915156
203523,0.002251707049309595
203524,0.0007495578661567387
203525,0.004534625146991359
203526,0.02271261133014385
203527,0.008490714141611896
203528,0.006241749566447959
203529,0.00909664117394205
203530,0.01225412588085521
203531,0.0009514701807089725
203532,0.0013323015269631187
203533,0.005990273673733646
203534,0.0006517510849182455
203535,0.0007106673092432726
203536,0.0005625714980990477
203537,0.0011326774511993187
203538,0.000847997205577173
203539,0.0006152231541838951
203540,0.9900744571685175
203541,0.0008040560597457932
203542,0.0008207581011312419
203543,0.0004911976124948631
203544,0.00856147186115393
203545,0.00032897966173487585
203546,0.020704425811618313
203547,0.0028983261600770797
203548,0.0008372715399839058
203549,0.004210602992871925
203550,0.0012674227067256932
203551,0.007421954395864492
203552,0.006223727204985041
203553,0.0010710696916044508
203554,0.0010289934841031616
203555,0.002766472834745158
203556,0.004325757783099855
203557,0.0003970993645431437
203558,0.00031090678295482387
203559,0.0006379479940336566
203560,0.000344439629593175
203561,0.009310801610757348
203562,0.0008794646417828418
203563,0.0007930446320656012
203564,0.011264513029352647
203565,0.005549859611913909
203566,0.0008338192740177841
203567,0.0007809340851574039
203568,0.007821959295614852
203569,0.0005156039820025856
203570,0.0006716959074690677
203571,0.0008338515726601197
203572,0.0007006697612285612
203573,0.0016879771246085297
203574,0.006612389599360344
203575,0.009237909444080414
203576,0.0009308819548179356
203577,0.015361301382371496
203578,0.0020526987404133547
203579,0.012376191079878213
203580,0.005941702753662237
203581,0.00044676628293491505
203582,0.0006643523736070089
203583,0.0048583070959264275
203584,0.0005996989673207841
203585,0.0006964457776646125
203586,0.0005775315190108439
203587,0.0007904931973045708
203588,0.0006458082915959276
203589,0.003330408323640557
203590,0.0005702036795951004
203591,0.0009931879175813746
203592,0.005254257489190517
203593,0.000771622709743458
203594,0.003652048319284668
203595,0.007504982220080605
203596,0.001586050696334676
203597,0.9967056502834224
203598,0.002838901425282314
203599,0.03294998295222534
203600,0.0006062522081830818
203601,0.0006241315917005209
203602,0.0013747832861150644
203603,0.0005058744796069391
203604,0.0005516265022021927
203605,0.001016929528194848
203606,0.0018791899091766668
203607,0.0006927457046413879
203608,0.0011813527263886353
203609,0.0005839515929790571
203610,0.0012135681069564076
203611,0.0029290984596873804
203612,0.0005895336385507997
203613,0.011928778792753583
203614,0.0012093820706081788
203615,0.0005614482581000696
203616,0.0010657539706376928
203617,0.0007105915419687962
203618,0.0006491971912125866
203619,0.006890834615929406
203620,0.0031471008063712344
203621,0.0023050626475125467
203622,0.0007403563395392555
203623,0.0012188886969445264
203624,0.0007962617173700658
203625,0.0012458367702647662
203626,0.0009789375846532087
203627,0.0006161980602248268
203628,0.0007094344442147382
203629,0.0022022769065111387
203630,0.0006482842184440496
203631,0.0006876010802480799
203632,0.0008186821758442366
203633,0.005763242862892972
203634,0.0022439488955257724
203635,0.0008262425699288188
203636,0.005608322365759632
203637,0.0005214354059560857
203638,0.0004882584911428141
203639,0.0007734253895719581
203640,0.0006035291864954344
203641,0.007086915338311456
203642,0.0008983382975280126
203643,0.0006806550318734772
203644,0.0004383379462618472
203645,0.007398534723967442
203646,0.00044566355978560763
203647,0.0006646359616295095
203648,0.024746525627161238
203649,0.0056905475257073585
203650,0.0010872665116602284
203651,0.001374454398281055
203652,0.0017004795550102417
203653,0.0005404752057623901
203654,0.0005114508794155401
203655,0.0005736245697796575
203656,0.0008772360709032609
203657,0.0021531495972712334
203658,0.00042345602974032024
203659,0.02128207043482514
203660,0.0007801449800290874
203661,0.0009057697961690149
203662,0.0008247412293428466
203663,0.004488285664465629
203664,0.010589262277457035
203665,0.0013598848842738193
203666,0.0009698015981269361
203667,0.001899796514989718
203668,0.001465934892760574
203669,0.0047419181703731725
203670,0.0008089048962051288
203671,0.0013207219077441394
203672,0.0047658100015854216
203673,0.0016199345839325446
203674,0.0017800609290459604
203675,0.0006047329277745213
203676,0.0006378820511996082
203677,0.0010723263114446276
203678,0.0007121420054141396
203679,0.0008490052237588462
203680,0.005787649921539654
203681,0.00402829246309825
203682,0.004484308755975067
203683,0.0032966416237358758
203684,0.002202068480026934
203685,0.0004239100539937544
203686,0.0007098321162196841
203687,0.0005773336551431404
203688,0.00045988913300222826
203689,0.00048132098501800844
203690,0.0006349321688939179
203691,0.0031667398541548866
203692,0.0009812338817038525
203693,0.0004992706359613307
203694,0.018459833741332664
203695,0.0006345348672870117
203696,0.0005658847561651088
203697,0.0007741588886676285
203698,0.0068568468612030375
203699,0.0007062192771557108
203700,0.0010292038270471686
203701,0.0028282187910652415
203702,0.0012956874557422632
203703,0.0006881243121818936
203704,0.0006025660810655026
203705,0.0008732341360809968
203706,0.0006002676492473645
203707,0.0005460672672784063
203708,0.007202826706146746
203709,0.0006196604666311383
203710,0.0009131967410234163
203711,0.0007176171859339188
203712,0.0010618079931187414
203713,0.002275751200023969
203714,0.0008811909239886196
203715,0.0005979385810225238
203716,0.000515908227424143
203717,0.003523740811471745
203718,0.0013793409996955956
203719,0.0016595567922525348
203720,0.0005774801327342122
203721,0.0010688923442477342
203722,0.0006936909465175069
203723,0.0039017676664629105
203724,0.0034266074288320327
203725,0.001790302197622029
203726,0.0006656408465981706
203727,0.0005701024871883472
203728,0.0008972153904236318
203729,0.004507697964784603
203730,0.005146662066635101
203731,0.0006783650839858031
203732,0.0014516759439813724
203733,0.0003466205286401329
203734,0.0006348317790065947
203735,0.0009023524220269098
203736,0.0011032409971963447
203737,0.004255965784865661
203738,0.006109042066666593
203739,0.0012374270993651853
203740,0.013930032281392493
203741,0.0015078198053469897
203742,0.028266343088019362
203743,0.0009087504757594952
203744,0.0010062849814355724
203745,0.0019614998831961336
203746,0.001358512901003142
203747,0.0007292096407045031
203748,0.0008838337487183032
203749,0.0004956937970530951
203750,0.000529060373933994
203751,0.0006914844495102309
203752,0.001218303217581901
203753,0.0016781464518454872
203754,0.00041878229461218055
203755,0.0009013504610537407
203756,0.001021458139034846
203757,0.002233858345365757
203758,0.0009847993562638816
203759,0.0005583981875233019
203760,0.0027027359240892634
203761,0.0015638124401627564
203762,0.0029443905715125654
203763,0.0005554092584779223
203764,0.006127503783020457
203765,0.0009826945420126642
203766,0.0006825626511843538
203767,0.0007755328292885699
203768,0.0018050111903196884
203769,0.0007955976762807578
203770,0.0005769021656225838
203771,0.006428504523127905
203772,0.0007333603173515374
203773,0.0009265979446746331
203774,0.00045043478323945164
203775,0.0013723143826858022
203776,0.0027334899496943314
203777,0.005594137295181663
203778,0.0017170584203560974
203779,0.0005203167901349449
203780,0.20313533686429583
203781,0.0007603738730884258
203782,0.000523036516974704
203783,0.0037898789480370933
203784,0.0009217056554770172
203785,0.0007186437413173837
203786,0.0004542731545698196
203787,0.0007283384574315661
203788,0.0010215859928148713
203789,0.03614821610083664
203790,0.0004726072054928723
203791,0.005536975072843842
203792,0.006988619395111816
203793,0.00383560691580408
203794,0.0005441543992161164
203795,0.0007191938710780612
203796,0.019577141200997163
203797,0.0009989599662360079
203798,0.003365916241828308
203799,0.0018008899246496747
203800,0.0018664101489504555
203801,0.0013107229256822106
203802,0.0005023077590376383
203803,0.0003007886812515793
203804,0.0005297647681513026
203805,0.0007746525750363671
203806,0.0007083592634596572
203807,0.002214701421308609
203808,0.0003951093787917836
203809,0.0007910032754920937
203810,0.0007206750663127726
203811,0.0005856496771069179
203812,0.0006695711658098091
203813,0.0012096268315151567
203814,0.0044555916431698655
203815,0.30200202457748293
203816,0.0004825112816380508
203817,0.0006320548294155854
203818,0.0006250303506677577
203819,0.013349370520017789
203820,0.000545685633426935
203821,0.0021103040589493583
203822,0.0013840602488475818
203823,0.0036734069965875223
203824,0.0006500884221308292
203825,0.004377234640437579
203826,0.00040110246185215404
203827,0.0022262905836567468
203828,0.0007971490890023101
203829,0.010715001728089537
203830,0.0022260749088554525
203831,0.0009223411446963336
203832,0.0006687030968380432
203833,0.0010411730589847987
203834,0.0010576508028797178
203835,0.0007056677177228471
203836,0.000667947037113331
203837,0.0042898510102595
203838,0.015386858546499094
203839,0.0006533486289391768
203840,0.0004624229207067248
203841,0.0013967801406435333
203842,0.0005831881185538501
203843,0.0014733694238290036
203844,0.001643916933689579
203845,0.004381940063175122
203846,0.001663331809299938
203847,0.008381013870076785
203848,0.004602549919243643
203849,0.0047807562358746745
203850,0.00566274317811805
203851,0.00960561383564564
203852,0.00252358902225199
203853,0.0005694184539376822
203854,0.001023129558755431
203855,0.0036528721012144003
203856,0.0014552355787291866
203857,0.0006399367038311779
203858,0.0027776945813543317
203859,0.0007056946507647786
203860,0.011698672387351436
203861,0.0026106101505030356
203862,0.0008207986227799937
203863,0.0008388110836588395
203864,0.11569533559344009
203865,0.0007696097919931354
203866,0.03835799455507053
203867,0.006834266461235901
203868,0.0014899624701289148
203869,0.0016273088736018333
203870,0.004048187871706637
203871,0.0019999027017832253
203872,0.0007776313412036651
203873,0.001106980955923278
203874,0.002815508748090157
203875,0.012603366142723586
203876,0.0015191712137200175
203877,0.000980772633477534
203878,0.0013077150690017423
203879,0.0015655521946652446
203880,0.0011059198700550444
203881,0.0012042348339849213
203882,0.004006980145124594
203883,0.0007568057170851756
203884,0.0008552247147129025
203885,0.0010199803852061584
203886,0.002015864801065321
203887,0.0023920977859906898
203888,0.0011420557306818604
203889,0.004375200903518276
203890,0.000756840323571036
203891,0.0002895821088675327
203892,0.0012575164122342625
203893,0.00048724706197268643
203894,0.0007098828513473151
203895,0.0006793024374781274
203896,0.005259846673201125
203897,0.0008293811658205616
203898,0.06032896404755006
203899,0.0008045452388934543
203900,0.0006562097894269005
203901,0.0012342118474513648
203902,0.0006678713428682097
203903,0.0004101004553943618
203904,0.0017032153983716188
203905,0.002808738057552155
203906,0.0008750030480761036
203907,0.0005452459550506799
203908,0.011275252023986403
203909,0.002690187899867745
203910,0.0011472100538601382
203911,0.0005914905493267007
203912,0.002572868404026483
203913,0.0008055733946904423
203914,0.024472030186048203
203915,0.0007290075676292128
203916,0.0005756811666524555
203917,0.0007769115251851273
203918,0.20120906957565743
203919,0.00046887982006632383
203920,0.0007358012302593315
203921,0.0004533691915355692
203922,0.0013103331197557994
203923,0.0005531975080621729
203924,0.0004145872283411993
203925,0.0014259146732894853
203926,0.0006545103351737751
203927,0.004242860698641669
203928,0.9973927746897319
203929,0.0018842510456055618
203930,0.0014538133423006782
203931,0.0009838648336266084
203932,0.000641851321518945
203933,0.0016009228816865522
203934,0.0004075611206187946
203935,0.002695183552061578
203936,0.0008605449685253994
203937,0.000609385594402305
203938,0.000870543521946045
203939,0.0006248353899934269
203940,0.013832196842122654
203941,0.0015717324749650004
203942,0.0025123274228216184
203943,0.0007584375406795495
203944,0.0013478675228117399
203945,0.0005260120125609384
203946,0.0031375274077475425
203947,0.0004784786634703045
203948,0.0006575587138826044
203949,0.0005597814279377451
203950,0.0006389527366469075
203951,0.0005660490800529998
203952,0.0054148781717377375
203953,0.002566775350859491
203954,0.0021898154277628463
203955,0.007354307150139468
203956,0.0008288714891793442
203957,0.0009924825773360469
203958,0.013581831122045456
203959,0.0006984254386189399
203960,0.0004704766413820153
203961,0.002735915419245537
203962,0.0011037709587675604
203963,0.00160248645594234
203964,0.0006711735245540276
203965,0.011427623516937048
203966,0.0028028084471450037
203967,0.003530643227077854
203968,0.0007087924767824734
203969,0.005955733807430251
203970,0.04500663050419727
203971,0.0038544235593727496
203972,0.001082159353073037
203973,0.0004819265298221678
203974,0.0013266875812132303
203975,0.0013302001437081993
203976,0.049437114569888134
203977,0.0013700716338870531
203978,0.002592230398548799
203979,0.0009260678648533426
203980,0.015541854609008523
203981,0.0006781179158013563
203982,0.0006611090368627776
203983,0.0005168416198263773
203984,0.0009647743544600114
203985,0.001368041241264928
203986,0.00072450754370926
203987,0.0009654973573281519
203988,0.000522510922900662
203989,0.002482506043651757
203990,0.07992287389801259
203991,0.0005431585335387995
203992,0.0005324203656783858
203993,0.006648992216759674
203994,0.0005398728607505576
203995,0.0006449512776093276
203996,0.0022308306105705807
203997,0.0005728206248328792
203998,0.0007872944558926819
203999,0.0008197616996945389
204000,0.0005283369601578765
204001,0.0007761563607432643
204002,0.0018834230070624383
204003,0.012215592508454
204004,0.002732582654413966
204005,0.0004989180680568263
204006,0.0007753823212456952
204007,0.0004283098681738077
204008,0.060356188666585917
204009,0.002006470254656792
204010,0.010756438013960727
204011,0.001060441822014451
204012,0.0008917495391439713
204013,0.0006522671260967112
204014,0.0006512870660119021
204015,0.0006450008777724148
204016,0.0008152938880396712
204017,0.0013046384755088633
204018,0.0008441563778836364
204019,0.007602701534922843
204020,0.007449166936020293
204021,0.0009259995325468615
204022,0.00035033298463831876
204023,0.0005579473160990736
204024,0.0009203709263175898
204025,0.0009101537116033532
204026,0.0006119061311462478
204027,0.0012617459169677729
204028,0.0005150015127360854
204029,0.0008739266788313415
204030,0.007600422173649516
204031,0.0014509475543744402
204032,0.0005117277720214287
204033,0.00120854554560613
204034,0.06713233703556815
204035,0.004298694053467374
204036,0.001609058030301556
204037,0.0015206028422249651
204038,0.0012587208260831676
204039,0.0025606282824353717
204040,0.001408633734522416
204041,0.0034603149295130307
204042,0.0025193539823591643
204043,0.011876253229876768
204044,0.0009223329812437522
204045,0.009595257230965538
204046,0.0009721125906419312
204047,0.0008692455265476987
204048,0.9910127090474566
204049,0.0006691082470539273
204050,0.0015033118094524816
204051,0.0016738826177078961
204052,0.006408499554903254
204053,0.001023881559561232
204054,0.0007090639146226957
204055,0.0033613837624645697
204056,0.0009722989357736036
204057,0.0013915073395796328
204058,0.0008100791744164828
204059,0.038402714548127714
204060,0.0031815045790549506
204061,0.0007920245414373382
204062,0.0006604548314312519
204063,0.0019062201685317848
204064,0.0009990542396431908
204065,0.0005944397416168733
204066,0.0007738975533554926
204067,0.0013169544751681097
204068,0.0003882759906635019
204069,0.0005892295830699925
204070,0.0014856742870126846
204071,0.0004539746316520979
204072,0.0014432325340608205
204073,0.007938851133165729
204074,0.0006598027491467891
204075,0.000645960951269463
204076,0.0012690866888917837
204077,0.006307981273353626
204078,0.0050125872496181315
204079,0.0005333666858896485
204080,0.0010305694052535285
204081,0.0007523614053086417
204082,0.0008404022962115595
204083,0.0006636527433836936
204084,0.0006578485089601526
204085,0.0018215749405847588
204086,0.0023403653933403556
204087,0.0038968019714854495
204088,0.0007821346233987579
204089,0.0056539175602835084
204090,0.0006487991888990076
204091,0.002196865269254603
204092,0.0006145140854631232
204093,0.000662459365206357
204094,0.000533102601352692
204095,0.0008282459346642229
204096,0.00048339197968740754
204097,0.0009069615767897111
204098,0.007944011532793973
204099,0.0010164210280756004
204100,0.00893836350837936
204101,0.0024329654306495755
204102,0.0005631651222209853
204103,0.0017913276285095971
204104,0.0005506747674521714
204105,0.0008022325934231164
204106,0.002576589951548581
204107,0.0024568930536450154
204108,0.00045781684484907015
204109,0.0006197219765914114
204110,0.0005369808492034338
204111,0.0011702045231484614
204112,0.0045605601811813945
204113,0.0010676574339031973
204114,0.0006012956781195636
204115,0.009444336483422702
204116,0.0009836401253358754
204117,0.0010107588907304586
204118,0.00249360757993237
204119,0.0019621978262370932
204120,0.008118222420777818
204121,0.0009287640005581937
204122,0.0005492283030825256
204123,0.0007044267002094951
204124,0.0004994001818711126
204125,0.003300030478162662
204126,0.0007693164417172747
204127,0.0009439316087455668
204128,0.004067105756580076
204129,0.0005715403746750108
204130,0.0006580763750078931
204131,0.0006188783122506873
204132,0.09088348691487842
204133,0.0005587914767016934
204134,0.002353035769151739
204135,0.001358281194467285
204136,0.0005960237790037826
204137,0.008103180058688224
204138,0.0007335212446492766
204139,0.0006498321703684255
204140,0.001518038863174715
204141,0.0008214542654407745
204142,0.0004637263348862346
204143,0.004393959644372175
204144,0.0005857279377356213
204145,0.0008937042369263663
204146,0.0006994135513042245
204147,0.001857212205155155
204148,0.013794983054472772
204149,0.0020724648067174337
204150,0.004635887900385458
204151,0.0013077194031513796
204152,0.05654130686196554
204153,0.008284514403862174
204154,0.0009557241893084411
204155,0.000489649445993281
204156,0.0011746299559349206
204157,0.000672226129962756
204158,0.010284596047680887
204159,0.0021260256544425823
204160,0.0007049198832346948
204161,0.0025049609933383925
204162,0.0007019665845377492
204163,0.0012919863949486026
204164,0.0008826214406582808
204165,0.0010745212476642105
204166,0.00868645946614293
204167,0.000757847956435594
204168,0.01931473414924379
204169,0.002529495960683047
204170,0.9970406933258458
204171,0.000616546975012743
204172,0.0007660236465371311
204173,0.0016245710131633194
204174,0.002436010983663149
204175,0.0008309150714336475
204176,0.0029703883273688694
204177,0.0007747345748698566
204178,0.008263700818366469
204179,0.004521539658223939
204180,0.0010138418634420884
204181,0.0007500436525365457
204182,0.0009574040290790732
204183,0.00098764882336211
204184,0.0016223040021096902
204185,0.0009240439061573638
204186,0.0005480739697351646
204187,0.000986606142658168
204188,0.0006451516967068529
204189,0.012540198945761557
204190,0.0024672107350594023
204191,0.0006290953117273011
204192,0.006462557121879056
204193,0.0017767184479951517
204194,0.997199985843513
204195,0.0022200072508210913
204196,0.0005585974279335626
204197,0.0018515947108199643
204198,0.039465523524432236
204199,0.001364611493268545
204200,0.0006800892911082619
204201,0.0026014206651210703
204202,0.005451766585174855
204203,0.0008048071127144755
204204,0.001150797292150387
204205,0.0005264310638307355
204206,0.007832958042710073
204207,0.0009768207877824014
204208,0.0008784076874974898
204209,0.0005299263301735776
204210,0.008126465057300747
204211,0.002740534166983047
204212,0.0007995868631263964
204213,0.0015647117846789521
204214,0.0010332692499131304
204215,0.003711500743362086
204216,0.0020047925055675674
204217,0.0010929161901648034
204218,0.0005550323065740594
204219,0.0006324050498866489
204220,0.0021697902649076557
204221,0.0012496315876009358
204222,0.0006075008608175509
204223,0.00048428236880944695
204224,0.0011161143255957067
204225,0.9976584338686064
204226,0.0005759273320519704
204227,0.003582475697795945
204228,0.0005334169570915441
204229,0.000566815595818461
204230,0.0016515203976284307
204231,0.0005189795677532659
204232,0.0008180866129388448
204233,0.0015172042208716299
204234,0.002198023528824343
204235,0.0005838711347982735
204236,0.0007023460525604583
204237,0.01153753324326223
204238,0.0005294792620789437
204239,0.0007838327082554043
204240,0.001338529123369312
204241,0.0006212994961205004
204242,0.0005270451491022751
204243,0.0010674669509251962
204244,0.0005400096035441255
204245,0.003071761918008179
204246,0.0005416618370917488
204247,0.0008341940914463432
204248,0.0006546487716015668
204249,0.005307427724763104
204250,0.0005420767205075855
204251,0.0004909329246907274
204252,0.0005665843742708828
204253,0.0023997993372329336
204254,0.004092514355739384
204255,0.9946509277956899
204256,0.005962376639716286
204257,0.0021461005092890915
204258,0.0007861127574392673
204259,0.00044847958726541956
204260,0.0007945894132569052
204261,0.0004322822503142718
204262,0.002089909964851898
204263,0.0005369159324861237
204264,0.0104553864694496
204265,0.0018510794731544694
204266,0.007612432356855329
204267,0.0016142406469082933
204268,0.0008045224503511255
204269,0.007546246602677031
204270,0.0007021275557944058
204271,0.0007072131505369925
204272,0.0005587278243200096
204273,0.002114136516339463
204274,0.0009777411722503863
204275,0.0006796814888506713
204276,0.0029338298608405644
204277,0.0009142215160203578
204278,0.0006531789276462254
204279,0.0011612647724604849
204280,0.00079041810436616
204281,0.02127000439676498
204282,0.0004626887886923874
204283,0.0015645188444011156
204284,0.0021381425810828524
204285,0.0004367864593752388
204286,0.001779131380593055
204287,0.0023143751495898522
204288,0.0008754409068284858
204289,0.0022000441179033
204290,0.002358367746666914
204291,0.002865832696942402
204292,0.004724049951035798
204293,0.0010083127727370065
204294,0.0027561955511095325
204295,0.0006937818235468778
204296,0.0005817359209545508
204297,0.000709609281460459
204298,0.0023897706743499295
204299,0.0029635649745629092
204300,0.000420269293595343
204301,0.0005585827034002134
204302,0.00114758414582177
204303,0.0026738761836867784
204304,0.0005355156894253227
204305,0.0007989104056566137
204306,0.0012487376172219513
204307,0.003291750205896936
204308,0.0004136255423554366
204309,0.0006581914515981339
204310,0.007246308016927119
204311,0.00047973860647712303
204312,0.0005636377892272113
204313,0.0019531754033107365
204314,0.001001979996664153
204315,0.0009270341756867011
204316,0.0005338699745761241
204317,0.0013112822367035812
204318,0.0008582174377891546
204319,0.001903409455926122
204320,0.0009762834349532328
204321,0.0007431036564335373
204322,0.0006701863526360691
204323,0.001323927432450136
204324,0.0007869550007317621
204325,0.0006974651880706888
204326,0.0006805667389562445
204327,0.0008547820663787111
204328,0.0006499809921304211
204329,0.004569622341686962
204330,0.010717163309814145
204331,0.0005715454673198324
204332,0.0013019999328776214
204333,0.0023656780565017225
204334,0.0005416596629303143
204335,0.000707948961040447
204336,0.0016908078160569134
204337,0.000982555715918064
204338,0.00033014644775422423
204339,0.0006717537154491235
204340,0.0043264490496170305
204341,0.0008110612755029253
204342,0.004790379279312631
204343,0.0007407874789012502
204344,0.0031529458797558982
204345,0.0005055860504668978
204346,0.0007239303507547363
204347,0.0008444734240580494
204348,0.001949870182186746
204349,0.00045248233887711195
204350,0.0008666606806618164
204351,0.000546738715789261
204352,0.0005044235213985542
204353,0.006839420824830959
204354,0.0011840482558232298
204355,0.006160272441711355
204356,0.001072169658885227
204357,0.003958916759857413
204358,0.9965398529590643
204359,0.003655699116059505
204360,0.0010908484351871812
204361,0.0011612421988447985
204362,0.0019347494845994928
204363,0.0037560291918882207
204364,0.009777267542228166
204365,0.0004963990131238824
204366,0.014129498658375001
204367,0.0036717079022333897
204368,0.0007976397284770425
204369,0.0021635721729314776
204370,0.0006539693778459398
204371,0.0006528115441567885
204372,0.0008522498311914668
204373,0.002681218967849551
204374,0.0015528445316137466
204375,0.0008962456055378973
204376,0.0008288574485482885
204377,0.028925373988962708
204378,0.0006050313828249414
204379,0.008751291456467466
204380,0.0006631740032397998
204381,0.04970453331075416
204382,0.0005932844217566361
204383,0.0005205454859136012
204384,0.0018388138414188293
204385,0.0016801947504758827
204386,0.0007112889047424019
204387,0.0006297127464612514
204388,0.0032442597297646938
204389,0.0017192944603338371
204390,0.0012630822808259309
204391,0.0018871497039481787
204392,0.003844808109636968
204393,0.000672792146511931
204394,0.001104788738836829
204395,0.0007952248839950893
204396,0.003053965939688412
204397,0.0008642257560414096
204398,0.002280659619488412
204399,0.002999456710871412
204400,0.0012511031368948869
204401,0.0031755924103066616
204402,0.0004942554380743052
204403,0.0030943836832653926
204404,0.0006402821913105873
204405,0.0028862556901790007
204406,0.00044097731721439543
204407,0.00046558987313787166
204408,0.059508158845107746
204409,0.0030223896778544196
204410,0.001430132335634592
204411,0.0007881320407936541
204412,0.0024148299863329583
204413,0.001271145658948411
204414,0.021600312197540477
204415,0.0007430142870796648
204416,0.0022108358771473938
204417,0.003352017991160917
204418,0.000972438323307223
204419,0.007946133798348886
204420,0.005533400224067052
204421,0.0013428427157849906
204422,0.00067224463176171
204423,0.0007529031101781998
204424,0.0006862571497978132
204425,0.0013372671573642233
204426,0.002765765806550557
204427,0.0028657337883500394
204428,0.0019987175082483814
204429,0.0026224785845834564
204430,0.0011238780389040274
204431,0.001161619028873788
204432,0.005101979593281313
204433,0.003031653450539948
204434,0.0005978094428214407
204435,0.0015368541790706303
204436,0.0005782214177310091
204437,0.0005963112178150175
204438,0.0006488035867016169
204439,0.0013542555643881757
204440,0.0006145790303090503
204441,0.001269909256878777
204442,0.000721731309271757
204443,0.0006735612296558578
204444,0.0554514118593013
204445,0.0011521898954544765
204446,0.0004812612353514327
204447,0.0007441130994879615
204448,0.00038241028233961666
204449,0.0015491819916076907
204450,0.0005776418123280701
204451,0.0006520247537175189
204452,0.000943257896231895
204453,0.0024788609156996327
204454,0.0025666519642312483
204455,0.0012330896477561462
204456,0.000727338046995139
204457,0.004260423541919734
204458,0.0009184818578423283
204459,0.0007327470486311089
204460,0.0007095572993130784
204461,0.0005019980418429556
204462,0.017094504240933197
204463,0.001564504153343315
204464,0.0009327655936502576
204465,0.000724349108485012
204466,0.0020787871386121915
204467,0.0011249182511981163
204468,0.0005235113146785877
204469,0.0008690763023515605
204470,0.000536547957054562
204471,0.0006949353394533435
204472,0.0010113602790627842
204473,0.0006338033920365548
204474,0.0007235164996129517
204475,0.0019044340617430247
204476,0.0004979267156775682
204477,0.0005829475004104942
204478,0.0022362006409308807
204479,0.0015312923696238667
204480,0.0006216512874094761
204481,0.005467155733897678
204482,0.0008263184853515852
204483,0.0004845251892928137
204484,0.0006604163909377076
204485,0.003656448330160829
204486,0.000658266873066238
204487,0.11051547366612735
204488,0.0031160948915666415
204489,0.0013051528510338898
204490,0.0011623829627612234
204491,0.0005398406368970699
204492,0.004952283167230025
204493,0.0010565153267018262
204494,0.0008567797441711984
204495,0.0007528588357994684
204496,0.0017397957676014942
204497,0.0004924044383109337
204498,0.00358292472446242
204499,0.0006557624923288769
204500,0.0005183134864002294
204501,0.019194525821499428
204502,0.0006754139494779027
204503,0.0010904216350680618
204504,0.000670416294498526
204505,0.002533953487909106
204506,0.00048629955069864634
204507,0.000998113616323998
204508,0.014703903829729362
204509,0.0023813840688423817
204510,0.0006961165087502586
204511,0.0046469658790180765
204512,0.0009810210765980646
204513,0.0008823483477552606
204514,0.0008048411393389046
204515,0.007379588320922379
204516,0.0009146491448871444
204517,0.0009803374701532102
204518,0.0006254106356836219
204519,0.0005928610097685751
204520,0.0013161530789587012
204521,0.0014075587900067043
204522,0.0010009234513366056
204523,0.00232329586237314
204524,0.00046506398042927774
204525,0.0007245900786071965
204526,0.0015391902955417026
204527,0.0006740473605905344
204528,0.0027652165268349863
204529,0.0011335167874852962
204530,0.0006636954611526848
204531,0.0083892467643173
204532,0.0028927668152923785
204533,0.0009074590159439742
204534,0.0007667766747043126
204535,0.007499512732937048
204536,0.0008452725224151953
204537,0.0007219454668810253
204538,0.001954659172085749
204539,0.0006909382944238448
204540,0.0004665021569204076
204541,0.0021240166787681765
204542,0.0033365817195623914
204543,0.0005671978136955987
204544,0.0008029631664149943
204545,0.00133670804575699
204546,0.0006081443393668823
204547,0.0011988923967457075
204548,0.0008376879970799891
204549,0.0006370692056358396
204550,0.000612913283063979
204551,0.0018163016653323322
204552,0.0004603336720389139
204553,0.005302914795324231
204554,0.0007527384394364104
204555,0.0020234890582085732
204556,0.0017072613121302204
204557,0.0007513747344439721
204558,0.000611020703804879
204559,0.005457902928148602
204560,0.0008101295319386346
204561,0.0016213627370391896
204562,0.0017509331813909273
204563,0.0006643346544492406
204564,0.0004911894471477888
204565,0.0006942581343578293
204566,0.028633295935966578
204567,0.0006459633254191151
204568,0.02252905771609176
204569,0.0007272440795971218
204570,0.0031082931586898415
204571,0.001905370775422571
204572,0.004063824441515958
204573,0.008807156453209303
204574,0.0007251148116348787
204575,0.0006196284006695731
204576,0.001202986161891702
204577,0.0009812275149090558
204578,0.0006648279459665129
204579,0.0014291765049063282
204580,0.0014908217777844118
204581,0.0006061004457575831
204582,0.0007762557677572493
204583,0.0009860982309939314
204584,0.00045099426044512995
204585,0.0028942832172087897
204586,0.0007057972505573148
204587,0.0007638590798522394
204588,0.0016487249208602742
204589,0.0013883368557266777
204590,0.0008253959176046205
204591,0.0005409251156903922
204592,0.0006481433136101568
204593,0.000534251246171153
204594,0.0007639609662633759
204595,0.001197264340591005
204596,0.0004739738600081371
204597,0.0013156456787483976
204598,0.0006719769884340319
204599,0.0014703710373248848
204600,0.0007543126406732012
204601,0.0026386549839733557
204602,0.0006352330731763841
204603,0.02582156601813453
204604,0.006639316793855737
204605,0.0017262984142116821
204606,0.000690652908551505
204607,0.0009500341026918999
204608,0.0007080580045364109
204609,0.0026742081360676363
204610,0.0009154522320003818
204611,0.0022665710570194844
204612,0.0005546663712796805
204613,0.007547391347490532
204614,0.0010076307315385973
204615,0.012329511445653734
204616,0.0006706435634379716
204617,0.0005221795795841079
204618,0.017908695036812597
204619,0.0011553287415866844
204620,0.0058569924422438675
204621,0.005023420213624519
204622,0.0007159144720978715
204623,0.9752494068027994
204624,0.0008193422788694896
204625,0.0028391697205458616
204626,0.0010894667601336018
204627,0.001424532511580566
204628,0.007513299229467833
204629,0.000953977794442623
204630,0.0012443308015061003
204631,0.0024683039702758877
204632,0.0009203384042363134
204633,0.003379018241925477
204634,0.03257685922997572
204635,0.0006038661850306782
204636,0.002122661609063913
204637,0.0009776181555853328
204638,0.0012401696300109043
204639,0.002760753165657263
204640,0.011661211320975102
204641,0.0011352535640431899
204642,0.0022277657160515974
204643,0.0006882459281303618
204644,0.0006957044321277178
204645,0.000634990690837116
204646,0.0006294798242400795
204647,0.0011631582434879387
204648,0.0008020540051913527
204649,0.0006435482781844619
204650,0.0008177782466406593
204651,0.0018976839920521024
204652,0.0024281445324218377
204653,0.0008352149725746629
204654,0.0005533807828059319
204655,0.0011690441264131431
204656,0.004581352569595929
204657,0.04007534232266455
204658,0.007385649411578661
204659,0.0031592088825310866
204660,0.0011830582741919496
204661,0.0018317566316304892
204662,0.01882952563262248
204663,0.0005202315423732439
204664,0.003253832556584249
204665,0.0006615269831050813
204666,0.0005656755863846159
204667,0.0009271713047581822
204668,0.0006746636189814764
204669,0.0007730223521725504
204670,0.0005977753155361098
204671,0.016728621343206324
204672,0.0017571665800392594
204673,0.0005874202011596625
204674,0.000714779316761191
204675,0.0012910673101133243
204676,0.0011848329753610565
204677,0.0017790565213340794
204678,0.002226819342351063
204679,0.0008617842713585375
204680,0.0005577407784270411
204681,0.003310929749288069
204682,0.008097861992012512
204683,0.0006722993779992322
204684,0.0003216780547205804
204685,0.0008828886150888764
204686,0.12072018929654742
204687,0.0007455056052374209
204688,0.0007602983964894748
204689,0.0005824627322921069
204690,0.0016116739416132638
204691,0.0007625179937536094
204692,0.001573109314694595
204693,0.0007171435138005936
204694,0.0006750286258333455
204695,0.0019099141830566744
204696,0.000693131749915459
204697,0.0006838396123699682
204698,0.001076502294970397
204699,0.0007785874555232516
204700,0.0005156361411554361
204701,0.0013647276157048316
204702,0.0006341887311464332
204703,0.0013997687412960584
204704,0.0033268263434459914
204705,0.004764309753713624
204706,0.0006576086475637746
204707,0.0014989989795386083
204708,0.01325033735368051
204709,0.0006719735376690462
204710,0.9624364995164225
204711,0.018299517409694464
204712,0.0025635539598875164
204713,0.000639970033742264
204714,0.0005241032584337389
204715,0.0012262534691113746
204716,0.004481826025093545
204717,0.000540122480697802
204718,0.0021237732862967483
204719,0.030500390965228226
204720,0.0012696879046733217
204721,0.003306103393311082
204722,0.001428434153264773
204723,0.00041823155151499386
204724,0.0007858242509845287
204725,0.0019932879324662534
204726,0.0005189168271429782
204727,0.0015956652101314014
204728,0.0003922452533401831
204729,0.0012239271174240998
204730,0.0010461210152162622
204731,0.01941569432219052
204732,0.0005791994085849289
204733,0.0022166655938661737
204734,0.004006717874049906
204735,0.0006646194449682199
204736,0.0005460352553120176
204737,0.014488366548040107
204738,0.002859274148000009
204739,0.0006816354636802831
204740,0.00065553504852487
204741,0.005503481748353759
204742,0.000965321316479311
204743,0.0014158122801747395
204744,0.001381020732688061
204745,0.0003661434921524117
204746,0.0006532990515338176
204747,0.0036816957397596568
204748,0.0005825257861919752
204749,0.0008685792155869378
204750,0.0029264175635863197
204751,0.005497332153930861
204752,0.00332690160034357
204753,0.0005096942269719976
204754,0.0019988659825531468
204755,0.0008141336524688358
204756,0.0049217511862466624
204757,0.0055554868506367296
204758,0.0006283692232694143
204759,0.0005537032216830371
204760,0.0006734274180615865
204761,0.0006683044764521821
204762,0.0017222404282642466
204763,0.007986469605874255
204764,0.0015910958424146754
204765,0.014269430037832905
204766,0.0006065464555733141
204767,0.0013941370659656333
204768,0.0006453216238745587
204769,0.011219179213408799
204770,0.0048957964246236895
204771,0.0006995698518664627
204772,0.0006315670543985185
204773,0.0038614045678161974
204774,0.0004625129611942063
204775,0.0008559178150903666
204776,0.0011005489772424129
204777,0.0053510346308041625
204778,0.0004613111716168879
204779,0.0007938105048458271
204780,0.00850508788153403
204781,0.0005701613477146688
204782,0.021108870575107547
204783,0.0018110051940771195
204784,0.026846013685723896
204785,0.0024432932394363206
204786,0.000623315288661708
204787,0.001833087812356721
204788,0.0010418937821705682
204789,0.0015375536170867533
204790,0.0012402093682237982
204791,0.0005483417373939499
204792,0.0006342460889569157
204793,0.0008078123229076474
204794,0.01840717389593026
204795,0.003691359847634078
204796,0.003204030731300429
204797,0.0013236376967335286
204798,0.0012023959749847244
204799,0.0005743229407691194
204800,0.00204419065158779
204801,0.0012045939150952096
204802,0.003398278069794171
204803,0.0007030700583665968
204804,0.9909723789347707
204805,0.0008186193246062101
204806,0.0013018336454426183
204807,0.0008348192682045728
204808,0.9968021815009842
204809,0.032913777298798685
204810,0.0006788218463952162
204811,0.0006128745516644329
204812,0.0016943913694108532
204813,0.0003786072258311822
204814,0.0006757075048177047
204815,0.005096089754594429
204816,0.002109822116495153
204817,0.0007803953351978739
204818,0.00045118013117314594
204819,0.011864727548901707
204820,0.0006418846672515675
204821,0.0010695558928136071
204822,0.005024615834979547
204823,0.0007257924637143491
204824,0.0023145577147118744
204825,0.9963238342057926
204826,0.0006794282256300288
204827,0.007696416525858888
204828,0.00776855307229023
204829,0.0017484569872673044
204830,0.0010420867188126643
204831,0.0005140934088553187
204832,0.006814424722848129
204833,0.0006968585646608628
204834,0.0018858568681074178
204835,0.0039053723373045175
204836,0.0004677996781278195
204837,0.0022389710752901554
204838,0.004718619902416026
204839,0.0006283062927127192
204840,0.006340753641373481
204841,0.0011705273004927364
204842,0.004107752975788644
204843,0.0008076998357531823
204844,0.007370795998243843
204845,0.004186729177631408
204846,0.0007979743646068318
204847,0.002334556762816892
204848,0.0015512327098010567
204849,0.0005587650347758108
204850,0.0016467748875157238
204851,0.0005121991087811605
204852,0.0011916936985432126
204853,0.0007175888844340858
204854,0.9894007112546604
204855,0.0005507283516208686
204856,0.001820115809813715
204857,0.0007393764768320242
204858,0.00062801403417807
204859,0.0007397524592076429
204860,0.002513570463405129
204861,0.00395948118858517
204862,0.0009647893289799357
204863,0.00194587271009618
204864,0.0004920202187283279
204865,0.0009237020613377751
204866,0.0011635423288356398
204867,0.0011785348185388354
204868,0.002564021305322518
204869,0.0013126197957647038
204870,0.0006452260668029402
204871,0.00115205059761672
204872,0.9983243076226924
204873,0.000982587878057628
204874,0.02375813089670438
204875,0.0007181898808914987
204876,0.0011164705999672977
204877,0.0017165289189735571
204878,0.009671368905345371
204879,0.0010227727358660672
204880,0.0012470771808147743
204881,0.000867832920214262
204882,0.0005916392950806755
204883,0.000686513510944995
204884,0.0005130888246930766
204885,0.0012829507876341527
204886,0.0005404966138681586
204887,0.002049367543600024
204888,0.023814055761425514
204889,0.0029342720281018073
204890,0.002138056447021271
204891,0.0008919431656070481
204892,0.0010907275749889472
204893,0.0005295065654710174
204894,0.0029127606968399125
204895,0.009224752284800228
204896,0.0005942263678809394
204897,0.0023706816263054354
204898,0.003073344440740975
204899,0.0016212593461453033
204900,0.0005656264990344002
204901,0.0011743451049821816
204902,0.0007262992390597261
204903,0.0009916471533549251
204904,0.000999663607937048
204905,0.0006215032941198806
204906,0.0006048416602187157
204907,0.0007819695991930624
204908,0.0006727532805757463
204909,0.0007223856282402176
204910,0.0009656152901721632
204911,0.0006765009508768515
204912,0.0005989977714171941
204913,0.0008704599489074841
204914,0.0029505538538136724
204915,0.0011684475496365017
204916,0.0018701876386458096
204917,0.0007337956444508555
204918,0.0011564962763360327
204919,0.00162783696966218
204920,0.00045649653178210666
204921,0.001042164087996733
204922,0.003225724693323497
204923,0.0005914501450848765
204924,0.0033301861522147245
204925,0.0007408702024398509
204926,0.0006721209304493182
204927,0.001124127128717261
204928,0.0018912939753394512
204929,0.0007272095969365339
204930,0.01159642656795698
204931,0.0014874750900158722
204932,0.000619374679375575
204933,0.011987079900681548
204934,0.0005663032403588134
204935,0.0006459431490536258
204936,0.0022017119450482405
204937,0.0011121844503050112
204938,0.0047577456048490535
204939,0.0011237028868911546
204940,0.003157618309704835
204941,0.0005470262454521502
204942,0.2005911000188401
204943,0.0033246447816083265
204944,0.002062910145921182
204945,0.0007217115255351199
204946,0.0009670138390861269
204947,0.007027489858390655
204948,0.0015253135877695795
204949,0.0027551057086464387
204950,0.0007027463791697841
204951,0.000702742489087798
204952,0.0010555037498209301
204953,0.0013795844973783662
204954,0.0007355408521356048
204955,0.0032160626652417094
204956,0.001424820003034431
204957,0.0006074328429373848
204958,0.0014199009512934659
204959,0.0007848582814313748
204960,0.001636322708070387
204961,0.0016829736160694337
204962,0.005549859611913909
204963,0.0015464500317214714
204964,0.0009424377404966596
204965,0.0006708232312189648
204966,0.0013250605585986347
204967,0.0014664146715017488
204968,0.0012734784477989912
204969,0.0007117548013896692
204970,0.0006665338542081514
204971,0.0006005561413139806
204972,0.0009807577256168798
204973,0.004599787208312493
204974,0.0007727533688096193
204975,0.002734387415085246
204976,0.0019951309992115134
204977,0.001176719277427616
204978,0.0007163587173804758
204979,0.0007254331607082689
204980,0.0012285998136099896
204981,0.0015508610384687071
204982,0.0014455222439645503
204983,0.005687504866772379
204984,0.0010893301954397507
204985,0.0016398363467763342
204986,0.0008992485463729582
204987,0.002966225442533956
204988,0.0007387781151227826
204989,0.0007797530002725565
204990,0.0005185313070881167
204991,0.0006185740545367681
204992,0.000566892426006512
204993,0.0006999959036568669
204994,0.0019667865766407945
204995,0.0010129747433115662
204996,0.016091251357228914
204997,0.0010240923494641643
204998,0.0009270428202191758
204999,0.12672630447943223
205000,0.0007640002235874572
205001,0.0007324086432336202
205002,0.053388311108345174
205003,0.0012682141921519059
205004,0.0009617283399692353
205005,0.001894873625085613
205006,0.0014082184442198386
205007,0.0007019961705684675
205008,0.012371278350184114
205009,0.0010933779869426725
205010,0.0010519911375374935
205011,0.0006894601136446666
205012,0.02108988004471251
205013,0.0010045876406978077
205014,0.0010577589209155428
205015,0.031167242157618943
205016,0.002278159169287453
205017,0.003811554195529709
205018,0.0021357073587364023
205019,0.0005434589355928267
205020,0.011226604116902537
205021,0.0060153901454469754
205022,0.003612052658859644
205023,0.003653439028240302
205024,0.0010735435336589549
205025,0.003314812881528844
205026,0.0008546742023216218
205027,0.0006663711323564587
205028,0.0005794171681281008
205029,0.0009815900943491262
205030,0.0019052169664770839
205031,0.0006991698120093488
205032,0.0016538718915766065
205033,0.02658657848006515
205034,0.0033209911116637222
205035,0.0037347035880775214
205036,0.0005119790585295433
205037,0.0005496995716668999
205038,0.0006326254111098857
205039,0.0005592691453735876
205040,0.0004880130144989343
205041,0.004367505152238215
205042,0.0006751393460246275
205043,0.00108803241550281
205044,0.002870811249684676
205045,0.0007666157237295195
205046,0.00047147254988203575
205047,0.0005454250535746191
205048,0.0024900988636729214
205049,0.002067691799580762
205050,0.005239094271728049
205051,0.0006468043129667689
205052,0.0018915216422463357
205053,0.0019152406668182416
205054,0.002224513407569322
205055,0.0015658385937571415
205056,0.0017076324732435617
205057,0.0009718843901494766
205058,0.0005826080242927161
205059,0.0014091214739225977
205060,0.002280088215963785
205061,0.0005571310960744111
205062,0.000555427850173001
205063,0.011638613268005657
205064,0.009971285209110333
205065,0.0034961932007241594
205066,0.0022186060287559114
205067,0.005593383875011816
205068,0.0007218071473639638
205069,0.004113830267793741
205070,0.001412567349791975
205071,0.008717807308772295
205072,0.005415877757416298
205073,0.0007718423734855243
205074,0.0012374134959690685
205075,0.004238839002720676
205076,0.0026175945346662666
205077,0.0004491077804763827
205078,0.9425040936744024
205079,0.0009753804230145411
205080,0.0015669854672270664
205081,0.0069430198802636674
205082,0.004484859542961777
205083,0.0006516658573313532
205084,0.0006897161386114431
205085,0.00041681727393491733
205086,0.0006969974418571685
205087,0.0009860080146085212
205088,0.005419423469818186
205089,0.0009056615277981241
205090,0.0012768440841026503
205091,0.0008141057676986255
205092,0.001232477651056918
205093,0.0010386121061993518
205094,0.0016279802800322945
205095,0.0006018756829772602
205096,0.0009014927791971845
205097,0.0009485192049864524
205098,0.0018321240537644847
205099,0.09388290774347784
205100,0.016467364964430117
205101,0.0012353324913090887
205102,0.0004376117208064126
205103,0.0008030894279275832
205104,0.004069919103983505
205105,0.0005351995963110338
205106,0.017251373088653942
205107,0.004181802792105779
205108,0.001530222855605589
205109,0.002156107423000292
205110,0.006378610184323268
205111,0.0008954509606784806
205112,0.001365115798510339
205113,0.0006475587533113366
205114,0.004341646466227317
205115,0.0007906177049002994
205116,0.0067480305346332954
205117,0.0017245073856966917
205118,0.003116018921037
205119,0.0027075804244451563
205120,0.0005584338486186793
205121,0.0014313395322794842
205122,0.0011629174285028888
205123,0.0006024837601502895
205124,0.001708028979396101
205125,0.0008361891671990147
205126,0.0060461073885137925
205127,0.0043539521611110224
205128,0.008141195872641206
205129,0.18408798991299127
205130,0.0007291131339071629
205131,0.0007303001345140201
205132,0.0015409850249047084
205133,0.005600042081366576
205134,0.00719738017272117
205135,0.0045958876175504
205136,0.006486055660698042
205137,0.003918301469576756
205138,0.0005260008877758591
205139,0.007070290734981858
205140,0.0003683860175405121
205141,0.0061057405290556675
205142,0.0014441548033081513
205143,0.0012757546491197176
205144,0.9955311681265859
205145,0.0008586392160493321
205146,0.001822228407280736
205147,0.0005917952436713409
205148,0.00036387986631974316
205149,0.0009190696162563549
205150,0.0006308211061268195
205151,0.0006641668950166441
205152,0.0006890779511900927
205153,0.0005901764486364572
205154,0.000657290230549132
205155,0.0005417641958270383
205156,0.00100685648390934
205157,0.0006916261850795989
205158,0.0005875127895986968
205159,0.0008668624463893448
205160,0.0005235733739786855
205161,0.0007985509380130649
205162,0.0029907802671443823
205163,0.0010028816381303257
205164,0.0007031598680039116
205165,0.005754043419563251
205166,0.0004895299365335923
205167,0.0005638996994240591
205168,0.004269505667643676
205169,0.0017593978908261023
205170,0.002585018109182989
205171,0.011790182582705002
205172,0.05859645860737499
205173,0.001161982426156983
205174,0.0006636581600268858
205175,0.0015817486752478316
205176,0.002022753917058283
205177,0.0007318691924701268
205178,0.0007376471017856588
205179,0.0007933107181450074
205180,0.0048626799055945845
205181,0.000600902048961292
205182,0.0032718569459895637
205183,0.0004991022450876309
205184,0.0006189693919463065
205185,0.0006315375496973562
205186,0.0010725484712368813
205187,0.0009284848308872128
205188,0.9595568061013735
205189,0.0016878014144334236
205190,0.0008503162791513499
205191,0.0011969708004407682
205192,0.0006313173946551618
205193,0.0010242234787052448
205194,0.020260244979933232
205195,0.0010607778268962732
205196,0.0008068047396598336
205197,0.0005439856570178129
205198,0.00100523148116695
205199,0.0011157381448576725
205200,0.003071648848078121
205201,0.0006451640597926564
205202,0.001339840727934181
205203,0.0035743296937795037
205204,0.000691446374436774
205205,0.003714618939369237
205206,0.0023464914734741514
205207,0.994527499815317
205208,0.004836111506918416
205209,0.0007201651026312486
205210,0.000888365266974481
205211,0.0015354983316670295
205212,0.011871662527074051
205213,0.0005658023463148638
205214,0.015638328526549807
205215,0.005626919719812231
205216,0.0013481035994031385
205217,0.0014650662803119177
205218,0.0018531587565626486
205219,0.0005107506912359702
205220,0.00047733256026077583
205221,0.00366068032185593
205222,0.0007169932841976889
205223,0.0006316527099999451
205224,0.00216380710973873
205225,0.0005663196440505826
205226,0.0004807645919774386
205227,0.0018079688875837414
205228,0.0015477352974380496
205229,0.0020504700272075283
205230,0.0071512142075136655
205231,0.0037460648955503005
205232,0.0017900938517073253
205233,0.0009738446437956374
205234,0.0012613312299035145
205235,0.0012372918915984537
205236,0.0014585048547822253
205237,0.0010046039614916738
205238,0.000626764650205382
205239,0.0005747657978976215
205240,0.0009499945533895471
205241,0.0005500590220506973
205242,0.0016628189658719917
205243,0.00040977269592308146
205244,0.044399829597082344
205245,0.0027607759279986784
205246,0.0008800374116663244
205247,0.0006905631559280523
205248,0.0009183741915079331
205249,0.0016946137677494796
205250,0.0010920284570710087
205251,0.0008207695724562652
205252,0.0007719157204399431
205253,0.004132520994629964
205254,0.0004993616366024864
205255,0.0013675312204945458
205256,0.0004586861991790992
205257,0.0006321072816458348
205258,0.0028770441780406253
205259,0.000815581340686566
205260,0.0007101956171786325
205261,0.0020058042342883386
205262,0.0011627962544914288
205263,0.0009223658437372871
205264,0.0004460811777239988
205265,0.0016198793836991535
205266,0.0009970764125253363
205267,0.001891988775714047
205268,0.000758684243052053
205269,0.0021114034676793987
205270,0.0016282669892923015
205271,0.04349243756535506
205272,0.0007682716165220683
205273,0.0014787308628811291
205274,0.004115626593555424
205275,0.0009191477851451062
205276,0.0007942132566931928
205277,0.000523616109964486
205278,0.0007557871682571772
205279,0.0020469159678515245
205280,0.002101760029826002
205281,0.0024564863965497357
205282,0.0007059103594999282
205283,0.001362210586319927
205284,0.000862200316956081
205285,0.0006883701634448586
205286,0.0007264305301503411
205287,0.001444023967263667
205288,0.0005660346659914364
205289,0.0014222979566702746
205290,0.0014443343710886583
205291,0.003969455866291716
205292,0.0004978763467555588
205293,0.0005932819237615492
205294,0.0031763902713453198
205295,0.001201162936857565
205296,0.003600609459858771
205297,0.01227771524729029
205298,0.0004949548992271978
205299,0.005505774172560387
205300,0.0006794982445440562
205301,0.0005254647188115064
205302,0.0007389792337436634
205303,0.001350184503554812
205304,0.0018340096979986347
205305,0.0011726634318563855
205306,0.003185394073332899
205307,0.0005871420250156611
205308,0.00048823783414206026
205309,0.0006451837613516332
205310,0.0005423568025596377
205311,0.003235233749073931
205312,0.001156195922914331
205313,0.0005133289823370136
205314,0.0005110829885310501
205315,0.0005537902417118289
205316,0.0006630915610825752
205317,0.003417452293328381
205318,0.000610681820359806
205319,0.0011313346296847652
205320,0.0011909027315150202
205321,0.0005054641655023346
205322,0.0077130275095530654
205323,0.006968296824994265
205324,0.0010415212368775062
205325,0.039522851024517275
205326,0.002231438179587033
205327,0.0009934227743491279
205328,0.0010400557794183346
205329,0.005929040078178419
205330,0.0009371419184943663
205331,0.0005111362270504075
205332,0.0008347688362366793
205333,0.000663207238497911
205334,0.0006208588510656459
205335,0.0007307626118826789
205336,0.0012290884851732348
205337,0.0013670475887043194
205338,0.0008124800184537385
205339,0.00044690103690194654
205340,0.004865445998437913
205341,0.0074266796168322435
205342,0.006514991715613545
205343,0.0010223697358354733
205344,0.0008984408998090065
205345,0.0005207815294021016
205346,0.003405478358739675
205347,0.0005667052335582584
205348,0.0006370754717813422
205349,0.000669296106946473
205350,0.010635851430108758
205351,0.0005965339292897789
205352,0.010998447694526847
205353,0.0004826341620724484
205354,0.012691310635226464
205355,0.004071729959031123
205356,0.0021186857607960277
205357,0.0006962446897071822
205358,0.008898956401300201
205359,0.0006139635868918857
205360,0.001843620074341067
205361,0.0005047199133211737
205362,0.00045801568279590113
205363,0.0076348253430274585
205364,0.018929221307488885
205365,0.0007740011133872463
205366,0.0009503149709966665
205367,0.001736807766376646
205368,0.0015808026339470672
205369,0.0005722676379053442
205370,0.0007678984204408511
205371,0.0029775553532250983
205372,0.0039337161863775855
205373,0.0007325711701398161
205374,0.000703813452523704
205375,0.0011905089638242334
205376,0.000563767833840425
205377,0.00043560381638113024
205378,0.47627266195882334
205379,0.006430625495647123
205380,0.0009234050067522144
205381,0.0006881048687000853
205382,0.0007482306057597426
205383,0.0011405707031953564
205384,0.0008569079365723007
205385,0.0006995582030875125
205386,0.0007702456874509912
205387,0.0006305173422782612
205388,0.0006989428470790094
205389,0.000494800880396366
205390,0.000845401683949589
205391,0.0005768959049182117
205392,0.0005309257320985049
205393,0.00047505362223721035
205394,0.0027424292584180884
205395,0.004430455950168343
205396,0.0005300153086236682
205397,0.000549438972425596
205398,0.002036387135261811
205399,0.0007077589553611482
205400,0.006524643301041022
205401,0.0007342485486504837
205402,0.0030560568387332557
205403,0.0005989853991812228
205404,0.0029242648858770395
205405,0.0018840612773476477
205406,0.004318768810885005
205407,0.0005919485785238983
205408,0.0014867738935834614
205409,0.0005192232836332287
205410,0.0011085109447074265
205411,0.0007577339731295169
205412,0.0013162578617971457
205413,0.0005076444751955615
205414,0.0005858174443458896
205415,0.0004927308630123197
205416,0.0004054768484808156
205417,0.001252118811096167
205418,0.0005868575901838346
205419,0.001702879445666139
205420,0.2005315654054185
205421,0.0011436203376246283
205422,0.0010963072506664168
205423,0.0008752202728304569
205424,0.0006639816863981342
205425,0.0006955983922892306
205426,0.0019486425685655033
205427,0.0028229542096144403
205428,0.014249265242544641
205429,0.005942679925763272
205430,0.0010035249339973885
205431,0.0007339459252886822
205432,0.004087993788198343
205433,0.0005881290850527069
205434,0.0012186391193327708
205435,0.0005827327987335981
205436,0.038212210809038624
205437,0.00119660818430067
205438,0.0064045871466365725
205439,0.0005175516151469412
205440,0.0025599963622407003
205441,0.0005898946072980416
205442,0.0009286068111007665
205443,0.012538647905558715
205444,0.0006306964014618187
205445,0.0021938042929404563
205446,0.0006120470644791779
205447,0.00046816367964820724
205448,0.004554182197662833
205449,0.002915749952521266
205450,0.002333160107946728
205451,0.01048578924126911
205452,0.0024595866359931173
205453,0.0007309040088515344
205454,0.0004614600803254838
205455,0.008372713967244259
205456,0.007426983776646749
205457,0.00073705711250224
205458,0.0015395394896675243
205459,0.0006354817988850073
205460,0.003327740635052685
205461,0.0006578958961840208
205462,0.0009573603340519104
205463,0.0006976992945456739
205464,0.0074970136421144895
205465,0.0008142710821418817
205466,0.00047521293350663726
205467,0.00630361740555412
205468,0.0014773462573753858
205469,0.004083525650439254
205470,0.002000248781863855
205471,0.0005211937091811467
205472,0.0015906731659883116
205473,0.0016107993475357523
205474,0.001873422125568903
205475,0.0005061834717500962
205476,0.000615353095290625
205477,0.0005322763226820543
205478,0.0004899324001901847
205479,0.004310249788029928
205480,0.00291091554258452
205481,0.0012495828448549056
205482,0.0020627148942440067
205483,0.13568848362237662
205484,0.001651902169532146
205485,0.0015631825884502772
205486,0.003279585789552661
205487,0.0004604615279589546
205488,0.002684135349849651
205489,0.0011479942191991693
205490,0.0006020502303699785
205491,0.0006880602156039838
205492,0.005092160624849389
205493,0.0014635378063698403
205494,0.0005647676909877705
205495,0.00494856682627073
205496,0.0013586566040152913
205497,0.000689861985797601
205498,0.0007478331256036439
205499,0.0005669890684848437
205500,0.0022140246157535213
205501,0.001797613230417478
205502,0.00675861648650157
205503,0.0005612433030279944
205504,0.004644311982856211
205505,0.021599530772143317
205506,0.0018305851650795666
205507,0.0025691528933131057
205508,0.001931534591108072
205509,0.0005819875466439352
205510,0.0007426152289423372
205511,0.0012200801472381651
205512,0.21968904675333834
205513,0.0007307215137969501
205514,0.002298685403895993
205515,0.0018966298743500528
205516,0.0006364629833692619
205517,0.0005550023305635997
205518,0.006745360296963453
205519,0.0008754840248752258
205520,0.000907631267775557
205521,0.0013094718203731982
205522,0.001414018976938968
205523,0.00360180746456509
205524,0.0016570270246964013
205525,0.0010650877098174346
205526,0.0006947676789086183
205527,0.0014265768006978237
205528,0.0028284933816059244
205529,0.0005072172469073764
205530,0.016029536332156737
205531,0.0005396597193432277
205532,0.0009774116836107492
205533,0.000533007948037163
205534,0.0006092493980865596
205535,0.0007153244329133664
205536,0.0008227147496602712
205537,0.00815000388749364
205538,0.0024817074410694233
205539,0.001017530109855973
205540,0.0013913199357315676
205541,0.0008854716593351013
205542,0.0010661211515963693
205543,0.003188767126506464
205544,0.0006132001994642142
205545,0.000557405826993622
205546,0.0015363863223174972
205547,0.0005302113527557773
205548,0.0005122603195070198
205549,0.008952542818150465
205550,0.003185667188988907
205551,0.0007957320883001663
205552,0.0006482718626486273
205553,0.00045308945809812383
205554,0.0013013049847681534
205555,0.0006158358258115716
205556,0.003801465534564774
205557,0.0022984076153671727
205558,0.9959148881184194
205559,0.0027642118478760054
205560,0.0008902130437614762
205561,0.0019764048264063103
205562,0.0010739254002594674
205563,0.002148410151255939
205564,0.00046114862124390846
205565,0.0006882459281303618
205566,0.00675544876443405
205567,0.000997564595744733
205568,0.00044190042655710253
205569,0.005226894270282025
205570,0.002113070436505823
205571,0.0037929558139343125
205572,0.000610226949092085
205573,0.0008879442744532547
205574,0.0007497508042397087
205575,0.995701128128563
205576,0.0008499359659021994
205577,0.000525033119855718
205578,0.010637906288693934
205579,0.0007714005043845853
205580,0.009039136013533164
205581,0.0013956056507369928
205582,0.0005152962625760101
205583,0.00129004812263264
205584,0.0006681432837847222
205585,0.0007665802104059208
205586,0.0013932972426963473
205587,0.00044983523491608305
205588,0.0060032151412909695
205589,0.003017326028264785
205590,0.0012978369869510557
205591,0.0008718587802969539
205592,0.001094334571449352
205593,0.0014382110335093873
205594,0.001190519747829491
205595,0.0008650456513378845
205596,0.0010672167063376637
205597,0.002876255423669555
205598,0.0006707386220115826
205599,0.04181509233614601
205600,0.010831724336401727
205601,0.000693616796791274
205602,0.005389794443226459
205603,0.01674028231491824
205604,0.002354860460462874
205605,0.0004677497070768476
205606,0.0007210780015417966
205607,0.0007100240535827749
205608,0.009001983107442251
205609,0.0006683369222736956
205610,0.0020837583266674372
205611,0.0005502338987164658
205612,0.9951196811054159
205613,0.0043563776173767225
205614,0.0010281959175770772
205615,0.0013296442456932527
205616,0.0004463611052949848
205617,0.0006924393056030443
205618,0.0010745387677645172
205619,0.0013427318163882565
205620,0.0009185046410181055
205621,0.0023697308024325276
205622,0.00032597567183149587
205623,0.0034558424520585995
205624,0.0005459410035695007
205625,0.0006957674296497118
205626,0.0008672285853796689
205627,0.0012056521457504215
205628,0.0008240386344869114
205629,0.0006746546014785701
205630,0.002339337743765256
205631,0.0012013930992628532
205632,0.0005144588713994302
205633,0.0009803159621032396
205634,0.0005722288163198538
205635,0.0008712973369601098
205636,0.9892803046628904
205637,0.0008830760460273679
205638,0.0007036447977810118
205639,0.000562877002099054
205640,0.005827736137336587
205641,0.004798542014553828
205642,0.0013312745871336333
205643,0.0007797787347601376
205644,0.001013901104664663
205645,0.0009752722183728979
205646,0.0015279635292718237
205647,0.0014510004978882697
205648,0.0016368607015368034
205649,0.0006247969118322926
205650,0.0007715155968724878
205651,0.0009897313286179983
205652,0.000666231261039527
205653,0.0022238534229290603
205654,0.00039267369331269817
205655,0.0008607948792722856
205656,0.0005275040237380935
205657,0.001337845848220887
205658,0.019389578115233008
205659,0.0022522692191763874
205660,0.0007663763402583577
205661,0.0005410005937313491
205662,0.0016874658064406733
205663,0.0007075086786412694
205664,0.0032410822458960116
205665,0.0007362788982120005
205666,0.0008024603393340522
205667,0.0014707157579577433
205668,0.0005282856474476152
205669,0.001025528912200325
205670,0.001165137886599775
205671,0.0025811130072100723
205672,0.002054128338473587
205673,0.001743118907792142
205674,0.0008481483982746453
205675,0.001219248009846022
205676,0.0003685228979042297
205677,0.0009581862708096598
205678,0.020490280303256572
205679,0.0011869012463111466
205680,0.0006412239426491124
205681,0.0008481479158765154
205682,0.0008237446043772249
205683,0.0007183530503274583
205684,0.0036987844731268997
205685,0.09862662285553342
205686,0.0006008972232446644
205687,0.0010581672952300765
205688,0.0006455304935577858
205689,0.0015691098165506825
205690,0.0014264824739278234
205691,0.0013427117906856956
205692,0.0007847575633033717
205693,0.0010320235341103458
205694,0.0026031418062077696
205695,0.001435136595602585
205696,0.006511354503585158
205697,0.0019769444545712704
205698,0.0013627269506344501
205699,0.0004813635204696531
205700,0.0012783847120739706
205701,0.0006957636944907772
205702,0.0007812337927884598
205703,0.0030269391294141393
205704,0.0009533362478928019
205705,0.0006618958233937102
205706,0.0011756085034066903
205707,0.0019806875413322933
205708,0.0027342411948922856
205709,0.0004853890868858388
205710,0.0015372886532628157
205711,0.0006430425696055719
205712,0.0011442362558058844
205713,0.0016791497915698513
205714,0.0006066268443638671
205715,0.0006718688155633808
205716,0.0028952200240019367
205717,0.0011655826198635128
205718,0.009313885149933046
205719,0.0021337694523484675
205720,0.0007526882858891841
205721,0.01051078221158993
205722,0.0005245126133810765
205723,0.0008147291536368133
205724,0.002135349234586109
205725,0.001406107239079309
205726,0.0013196534682926645
205727,0.005626846012435856
205728,0.0006842117844375584
205729,0.004323552489737349
205730,0.001677350205795831
205731,0.0011167363848798633
205732,0.012420993021144496
205733,0.0013661754242915267
205734,0.004284544422571027
205735,0.0021049200148104334
205736,0.0007088651555002145
205737,0.0006395977952313469
205738,0.0007547520120085812
205739,0.001015238885297153
205740,0.0005606004803601802
205741,0.0016082056275922069
205742,0.0005674123011859067
205743,0.0008482235752625643
205744,0.0007507189812655281
205745,0.0006797692405148295
205746,0.016669476796626496
205747,0.0009601610433355473
205748,0.0037881397248102034
205749,0.006234371566679463
205750,0.0005119567982091499
205751,0.002268348292787512
205752,0.0012402438518908337
205753,0.00041574900503190125
205754,0.0007920000314022346
205755,0.007103330556141617
205756,0.0007098191154904898
205757,0.001144805426783331
205758,0.0009969105787840332
205759,0.0006421378747112376
205760,0.0006171243390898065
205761,0.0006394357718146557
205762,0.0017427733320485288
205763,0.012153719161791074
205764,0.007193868485364947
205765,0.0005360886665165787
205766,0.0054451779853606115
205767,0.0007405580711146096
205768,0.005907345954319236
205769,0.0013252828932683587
205770,0.00039783456323402134
205771,0.019125525538475532
205772,0.0014710022396944096
205773,0.007448695386969466
205774,0.000622756779123233
205775,0.007091627601455583
205776,0.005220115615179397
205777,0.010277579871688465
205778,0.0007761287410306178
205779,0.008522692085571758
205780,0.0015542232349124317
205781,0.0010914160847089996
205782,0.0010487366954660155
205783,0.0014297159220343185
205784,0.000539900733905812
205785,0.001319887643736212
205786,0.0004548292100579527
205787,0.0012428758552689668
205788,0.0017848263401637064
205789,0.00044086295629455985
205790,0.0013788361944245264
205791,0.0036095225436213532
205792,0.00042060357255112535
205793,0.0058351470195219315
205794,0.0007009906093337776
205795,0.0007989325391984906
205796,0.004200129035454872
205797,0.03346521473045272
205798,0.0007462149824140848
205799,0.001052532169841225
205800,0.0011872445744066048
205801,0.010428870591123202
205802,0.0040974266561816675
205803,0.005753623346186673
205804,0.0005526062330431644
205805,0.0018999807498936568
205806,0.0018243770452587207
205807,0.0006694352519594025
205808,0.013985116442779201
205809,0.0006270194289851824
205810,0.0005353753860725349
205811,0.0007130236443993101
205812,0.004486498200402396
205813,0.0014825981872687703
205814,0.0008309692538005708
205815,0.0057247076163214235
205816,0.004317528234077063
205817,0.00033947994772341744
205818,0.0006469363983820026
205819,0.0010700070857833802
205820,0.0010073223277207244
205821,0.0006802035182422937
205822,0.0009521542952341745
205823,0.0005218329562264542
205824,0.0005178628323441627
205825,0.00043978330256958176
205826,0.0006109198828782615
205827,0.0012377635813900479
205828,0.008350223391628202
205829,0.21875194844405255
205830,0.002327859703575981
205831,0.0032859730743550124
205832,0.0009818544870343997
205833,0.0008117434317622181
205834,0.005418075315349379
205835,0.0018749469139251857
205836,0.02409662319816354
205837,0.003960023462044415
205838,0.001299151705222936
205839,0.000882226137286555
205840,0.0008696463659137842
205841,0.0007396544159903029
205842,0.0020161349067991936
205843,0.0005902125285503745
205844,0.0025240130299190133
205845,0.0034130953882540484
205846,0.0007293687334593849
205847,0.0013968580926339833
205848,0.0005827847483509546
205849,0.000811351840594527
205850,0.0006069051130960035
205851,0.22133167847035184
205852,0.0005800312472264012
205853,0.0008266295436485495
205854,0.0008506175298077514
205855,0.0010916938472094856
205856,0.0013980763693218694
205857,0.000490878701916415
205858,0.00282439412631707
205859,0.0007488407198271321
205860,0.0005551563892942056
205861,0.0008419894100140187
205862,0.0029221448943041115
205863,0.0007391296594344066
205864,0.00036175842378727903
205865,0.006061897108648561
205866,0.025803217017781196
205867,0.0006214827914285426
205868,0.9971780788200807
205869,0.0034159157952389795
205870,0.0005760322256580256
205871,0.0013536526016838658
205872,0.004221365144725098
205873,0.0008539777520212195
205874,0.0016152625917468136
205875,0.0026265157646447193
205876,0.0008369687953130813
205877,0.0003088068720023847
205878,0.0012542510089994744
205879,0.0017733508616462534
205880,0.0008548897530554603
205881,0.0008331780412268786
205882,0.007325095916649631
205883,0.0007131814784062534
205884,0.0006812376220532319
205885,0.0007644380846260084
205886,0.0009012726425573763
205887,0.0008680724487076702
205888,0.0005857753804661388
205889,0.002464813617414377
205890,0.018819916616655732
205891,0.02936894895574419
205892,0.0005242621232008036
205893,0.0006043344410649454
205894,0.0023468597806965926
205895,0.00438953981902856
205896,0.002276551062958377
205897,0.02025453777211952
205898,0.0012573559571868943
205899,0.0014789373173143096
205900,0.0006258113238123733
205901,0.002030235037086138
205902,0.0005450529519703315
205903,0.0050051033449898304
205904,0.0005445727022161582
205905,0.0007589750831652062
205906,0.0004597198857117695
205907,0.002761625130059868
205908,0.0019152880445805062
205909,0.0020908381390847435
205910,0.10677548115622094
205911,0.0005634422095045326
205912,0.0028227163280000528
205913,0.0005350669588037103
205914,0.0031442729102304575
205915,0.00037710724285362047
205916,0.0028421890281968183
205917,0.004468744994580526
205918,0.0007692469768924997
205919,0.0017645180302037584
205920,0.0007545443450877562
205921,0.0011295189739367584
205922,0.0005631475701284546
205923,0.001350144164128563
205924,0.0007411948132401004
205925,0.0005751881750728377
205926,0.0006295001807765507
205927,0.0005931557093979101
205928,0.9984035773091355
205929,0.0003616028506663458
205930,0.006673761174749677
205931,0.0013842728981445587
205932,0.0019487217224226534
205933,0.0004817623067336969
205934,0.0009514701807089725
205935,0.000473165815677063
205936,0.0006258801609262966
205937,0.9697797242441795
205938,0.0008470236167107592
205939,0.0007939830062802838
205940,0.0015078468759832098
205941,0.00095645243989499
205942,0.0020416651569505058
205943,0.001047357440979466
205944,0.008254620132444459
205945,0.013106403216347097
205946,0.0022973309445976095
205947,0.0009287790302576601
205948,0.0006569703352521967
205949,0.004555258206452421
205950,0.0013969190043442074
205951,0.0011318067569206698
205952,0.015893946374459858
205953,0.0007777410450982851
205954,0.001825967678439223
205955,0.0024764728245122154
205956,0.0010064103958844191
205957,0.002668138616207516
205958,0.0024255503531708305
205959,0.002949234261240707
205960,0.0006785778289056378
205961,0.0003995699832878653
205962,0.0007375477726996401
205963,0.008478024866348905
205964,0.0034957067149643537
205965,0.005540844148169096
205966,0.0006988918890874819
205967,0.0006897248288360355
205968,0.017991294710144934
205969,0.00405882651450506
205970,0.0021344990442949434
205971,0.0006053193637853039
205972,0.0024279175018907086
205973,0.0005469828407859647
205974,0.00464399743381236
205975,0.0007735028959606311
205976,0.0007924808823191674
205977,0.0005450797551777777
205978,0.20052877268532437
205979,0.0008863766138544284
205980,0.003620860712566484
205981,0.0186599793033025
205982,0.00257860022867081
205983,0.0005553908259859238
205984,0.0007089954256534102
205985,0.0006293606557591681
205986,0.001114527108704702
205987,0.00799139746422021
205988,0.0005001471243681203
205989,0.0007382156604578588
205990,0.01679878996686367
205991,0.0007773280455391973
205992,0.049646035500219454
205993,0.0022505960114078995
205994,0.0071971138155291926
205995,0.00045277630477976653
205996,0.0010504461615191685
205997,0.0008522597264480954
205998,0.0019220656489236654
205999,0.010843141848645233
206000,0.0014704735045759187
206001,0.002943011319421632
206002,0.0006892479388915989
206003,0.001357585613161089
206004,0.0008652460111330264
206005,0.0014524870434632518
206006,0.0005132952802360357
206007,0.0009787689214119301
206008,0.0020903073600655247
206009,0.0015290068478364142
206010,0.0006007522556121213
206011,0.0011128045966479075
206012,0.00037977397888123206
206013,0.0012238470150792557
206014,0.0010603267451596509
206015,0.0006324312356851697
206016,0.00032813204752946113
206017,0.0007916801962616156
206018,0.0024460373162636154
206019,0.0006618799449409244
206020,0.0011631818812995853
206021,0.018691457137788293
206022,0.000734823913914354
206023,0.0005787465100431892
206024,0.000743894274759849
206025,0.0021324765264835073
206026,0.0007612274297346995
206027,0.0013225891377375196
206028,0.0006825198364217303
206029,0.0006724026796486824
206030,0.001039504434776995
206031,0.0007041516264450019
206032,0.0016164785940128564
206033,0.0005998051662365216
206034,0.0038740135662993953
206035,0.0008405193266212941
206036,0.0007457155940171258
206037,0.0006342674313787895
206038,0.00046001503529519166
206039,0.0007610330659987565
206040,0.0007564539854830567
206041,0.0005398209992242252
206042,0.0012479617362438863
206043,0.008544164436437404
206044,0.0015333781145934185
206045,0.003276635113141533
206046,0.004188854095461006
206047,0.0007966650326704532
206048,0.0006919264607752072
206049,0.005002961106629987
206050,0.000728461847685577
206051,0.0017290024406211662
206052,0.0009201925256459274
206053,0.00046872796499611183
206054,0.0017908111183297078
206055,0.000997653213007156
206056,0.0008706938721307797
206057,0.001223041582744747
206058,0.9919973400545877
206059,0.0023468781494485735
206060,0.001130037932793224
206061,0.0007145014094556115
206062,0.0006803237320395796
206063,0.0006030401724961816
206064,0.028157881038515638
206065,0.001463252633981984
206066,0.0012517530572547868
206067,0.0007603987501982221
206068,0.0011408498397741376
206069,0.0036360410985713516
206070,0.001727169600554726
206071,0.0006813079624052914
206072,0.004606696893316607
206073,0.0008195721256088072
206074,0.0009870169545282042
206075,0.20051854271780925
206076,0.0006038232828711643
206077,0.0008122173548409475
206078,0.0005488387678348705
206079,0.0006876626513282094
206080,0.0007171394813090655
206081,0.006021879793952642
206082,0.003357246979833412
206083,0.000976094614478878
206084,0.003140305926115209
206085,0.0005257954338841737
206086,0.0007540632068457165
206087,0.005256277165885983
206088,0.0026970822930135036
206089,0.0003824323017640905
206090,0.0008469701648744206
206091,0.015173658052638051
206092,0.0009614468637183151
206093,0.004259041879565764
206094,0.002520765271912319
206095,0.0010149633196948086
206096,0.9953664167010509
206097,0.000500966543269455
206098,0.0005044685507568305
206099,0.0013509979602434347
206100,0.000613149884825154
206101,0.014401229310802923
206102,0.0007238511799373213
206103,0.006041157594233343
206104,0.001420365640851124
206105,0.0011225485458226962
206106,0.0010509397500495475
206107,0.001029272669040058
206108,0.00043991737216043985
206109,0.005852278201600962
206110,0.0011613012773577952
206111,0.0007420173201587096
206112,0.0006678456506929429
206113,0.004556098977908553
206114,0.0006057833760446528
206115,0.0005671037985427884
206116,0.9962418213308374
206117,0.0006029418061889218
206118,0.0005317832742227666
206119,0.0016256876456300765
206120,0.0020525022412905334
206121,0.0005955276737471366
206122,0.000837796240560317
206123,0.0035268623510508
206124,0.024675961106363574
206125,0.0019166634030635342
206126,0.0006377854321028193
206127,0.0009135125265110756
206128,0.0018498702097351789
206129,0.0018602838318841322
206130,0.0005491502568783901
206131,0.0007590997922590848
206132,0.0004798097975567468
206133,0.00046383445016203654
206134,0.0004467759078007329
206135,0.004020520380116381
206136,0.0007129804116191822
206137,0.0030463616420570243
206138,0.0012389241328192105
206139,0.0008428209728792767
206140,0.0094886736951741
206141,0.0009870299064882162
206142,0.001816158941679225
206143,0.00659948541578311
206144,0.000626196975491194
206145,0.0006347588769068199
206146,0.0005495881809998919
206147,0.000527946482125683
206148,0.0006588442237154693
206149,0.02116911160509899
206150,0.0005922606985033366
206151,0.0005904402189432073
206152,0.0006479178310018713
206153,0.0008518618336086908
206154,0.0008611712566371445
206155,0.0021269695830883483
206156,0.0008543318505964424
206157,0.0009856240989517342
206158,0.0007284122419007464
206159,0.0014172352851774365
206160,0.0018530417902443469
206161,0.0004883032127730703
206162,0.008636944916390738
206163,0.00963977612319554
206164,0.9991720245040377
206165,0.0015408599099794031
206166,0.000854043246075666
206167,0.000842033483720488
206168,0.0008396974395414242
206169,0.00047979889348767515
206170,0.0008273887988125981
206171,0.0016563681352825441
206172,0.0004812176553532531
206173,0.0005314453379262822
206174,0.03198219472821228
206175,0.05008323241613446
206176,0.0008260531482904275
206177,0.0022766947024700016
206178,0.0005725371317027388
206179,0.0006714924747700646
206180,0.0006742911114296231
206181,0.002367370227377691
206182,0.0016507400365881912
206183,0.005672202474956598
206184,0.0009299011584082441
206185,0.014195557841849376
206186,0.0007247676706213083
206187,0.0017991012216368608
206188,0.002046577403855312
206189,0.0005290792730062899
206190,0.000870080899004806
206191,0.015343345480320111
206192,0.0010389892415718202
206193,0.0005874391582333998
206194,0.0006695994131175868
206195,0.0011375413608064315
206196,0.0006338317633226727
206197,0.012075528233505918
206198,0.06167754381845082
206199,0.0008817921605612507
206200,0.0007853189360181661
206201,0.0005738591719851694
206202,0.0007687437907198894
206203,0.0008449762522828455
206204,0.0008812084146175732
206205,0.0019782341083430096
206206,0.01594450562864599
206207,0.004424148499964261
206208,0.00046237092525314367
206209,0.0018202761232134846
206210,0.0014867817355033836
206211,0.00048686344593672166
206212,0.00330809900949633
206213,0.0004725396354883211
206214,0.0008693037245736466
206215,0.0025896951433509374
206216,0.0006177011844338636
206217,0.0005932034009511806
206218,0.00198080541406055
206219,0.0006191240686186322
206220,0.0010307670939923288
206221,0.0024316449104695775
206222,0.009232921580978794
206223,0.0011041182094273453
206224,0.002674956644266737
206225,0.0008353227873118606
206226,0.0003841083223833847
206227,0.000564821863834071
206228,0.001307525559215838
206229,0.015221145622670398
206230,0.007337378134549955
206231,0.0005525672431620589
206232,0.00044390143644905877
206233,0.0009578293210176968
206234,0.0009184387037048736
206235,0.0022091877778916596
206236,0.000600700468960731
206237,0.0005610509775221009
206238,0.0007762592528535722
206239,0.0006799117172707808
206240,0.0005779651945280902
206241,0.9887481435318626
206242,0.008940173962687483
206243,0.027879662612578543
206244,0.0007407300702977685
206245,0.0014189809471483752
206246,0.002123928963096002
206247,0.000812287821765115
206248,0.006157761457235787
206249,0.005549859611913909
206250,0.0005838275943468613
206251,0.0006229427316609621
206252,0.0006569407737470331
206253,0.011913539241411721
206254,0.0018643905663000835
206255,0.0010015625326464488
206256,0.0008143393433748404
206257,0.0006616311999422982
206258,0.0012151798547925933
206259,0.0351734203609447
206260,0.00045721143832414885
206261,0.00986261723580437
206262,0.02258501344449438
206263,0.0006864214827291858
206264,0.0006701793057386108
206265,0.007197591982312549
206266,0.007574650894622821
206267,0.001120974316711554
206268,0.0008160517655804468
206269,0.00047117602298823015
206270,0.0011999778284206078
206271,0.0008128742074037429
206272,0.00316293670260644
206273,0.0005307091442335413
206274,0.0017245861531397432
206275,0.0004674881719820894
206276,0.0005141998185920791
206277,0.001954956133536177
206278,0.0008202427447145165
206279,0.0040349207488619395
206280,0.0005570443371029998
206281,0.002002892114448091
206282,0.002449313497699333
206283,0.0005427052527430863
206284,0.004066941194002603
206285,0.00353430927275782
206286,0.01539480700382669
206287,0.0008888756463717436
206288,0.0005711880443610823
206289,0.08189700642998402
206290,0.005232509643237142
206291,0.0012692801655674883
206292,0.0008744494056005896
206293,0.015613846839660772
206294,0.0011375771952102601
206295,0.0008074807824395829
206296,0.0013347442082532687
206297,0.002933483752927997
206298,0.2890339219596181
206299,0.001805115927561744
206300,0.001366400975552571
206301,0.0009761849727188009
206302,0.0007597748466192306
206303,0.0033628212472161583
206304,0.0008969093993957294
206305,0.007816680151632869
206306,0.0005999289994850372
206307,0.009728040475103766
206308,0.0009217827990187237
206309,0.0011916192164313254
206310,0.0006937410078534788
206311,0.000535052821495831
206312,0.004303275155958206
206313,0.0022593413902208767
206314,0.002071512534038488
206315,0.003966604792597545
206316,0.0007698007614963129
206317,0.0057512413612946026
206318,0.00044145596472191964
206319,0.0007473632931210608
206320,0.0025543570732626444
206321,0.0008164120223529614
206322,0.0034147505472111677
206323,0.0006992368181156673
206324,0.0011248367487628184
206325,0.0008816404609353313
206326,0.0018717678942331956
206327,0.0015073380741784967
206328,0.0006007384147169015
206329,0.0007347781952083735
206330,0.0008504761574540582
206331,0.001031488887886237
206332,0.0038819053887411024
206333,0.000465451253921997
206334,0.0014252450877480938
206335,0.0012227118437749403
206336,0.0034716794990209475
206337,0.00048672141484900483
206338,0.001402721426184122
206339,0.0014941143292000253
206340,0.0005433443365155121
206341,0.0011356319826455897
206342,0.006820968855691574
206343,0.0006923200476104376
206344,0.0006913445377834885
206345,0.0005447221141891315
206346,0.0018079329873371241
206347,0.0004908928099004414
206348,0.0009141106943064401
206349,0.0014228944462448556
206350,0.004929471520840412
206351,0.000525438723403501
206352,0.002752700540380651
206353,0.0007375777474114013
206354,0.0018793019467179236
206355,0.0007997746382314202
206356,0.004279480921550808
206357,0.002427514776659789
206358,0.9964476453964434
206359,0.004944549869603835
206360,0.00048229656064054886
206361,0.0004956651251718665
206362,0.0004842751676488044
206363,0.0025613000962077105
206364,0.0004673393441868653
206365,0.001486560090400161
206366,0.028105432981382888
206367,0.0005565241844466997
206368,0.0005601386411136174
206369,0.0006262403736862169
206370,0.0005882002075270457
206371,0.0005916400970429772
206372,0.0035620387148696062
206373,0.0008669177618760096
206374,0.0009739897740423734
206375,0.0007393965493717943
206376,0.011498403153778567
206377,0.000742843594088702
206378,0.0006363483966143903
206379,0.0016252492321336414
206380,0.005738595860206986
206381,0.0006961142521693282
206382,0.0007054817098416274
206383,0.0030820405293262507
206384,0.0006372985848796936
206385,0.0006078109319175845
206386,0.0010624918980071934
206387,0.0008012900595923244
206388,0.0008921665673768806
206389,0.0011974630173645089
206390,0.0007188966033567011
206391,0.0005534321647560947
206392,0.03986232616820623
206393,0.0010553702735294724
206394,0.0007904898985889716
206395,0.0008153530006765368
206396,0.00591709158053071
206397,0.0007947933672067529
206398,0.0009238125806605576
206399,0.000633441144604191
206400,0.0003414490713767082
206401,0.009977779745003735
206402,0.0006039297598494062
206403,0.00046982648874811567
206404,0.0011267501153801453
206405,0.003775863485497005
206406,0.0005358915092560277
206407,0.0005579041978413644
206408,0.0011645801371155966
206409,0.000885742419795184
206410,0.001073575417351111
206411,0.006195629016961901
206412,0.0004615004577645036
206413,0.006286634667864711
206414,0.0015463016951678945
206415,0.0008665302700525858
206416,0.0005863873814103055
206417,0.003107140712872494
206418,0.0007875502234319144
206419,0.0005830152952009109
206420,0.0026373886736812727
206421,0.0009780361254253687
206422,0.011126268045325731
206423,0.0004614544508614416
206424,0.0005051276288419216
206425,0.0005660561305789039
206426,0.0004732907811980862
206427,0.0006365246733969893
206428,0.013473410029333579
206429,0.0005484458956363257
206430,0.001341407476067015
206431,0.002198544767754617
206432,0.00834014410706176
206433,0.00072489634472155
206434,0.00085445526368308
206435,0.002403975459734906
206436,0.000710145194808038
206437,0.0005502213946800335
206438,0.0006899162216166672
206439,0.002380359978820656
206440,0.0022001675777589477
206441,0.017911450928915093
206442,0.0012474188445465821
206443,0.00158632263248731
206444,0.0007742107547637382
206445,0.013488610113720169
206446,0.003326294168088338
206447,0.003994297931635373
206448,0.0032390578788647796
206449,0.0016666801924672958
206450,0.0010359648697330372
206451,0.0040353993104039
206452,0.003618780516977738
206453,0.0027477908897255493
206454,0.0006956285512300443
206455,0.20071266004041388
206456,0.000554221225105202
206457,0.0009363970569089011
206458,0.009032078567850588
206459,0.0021513834746639546
206460,0.0018795698149502102
206461,0.001032936037731153
206462,0.0007171390540576278
206463,0.0011391444801770452
206464,0.0007215349378304184
206465,0.002121646826285127
206466,0.009597038554118916
206467,0.0008006999660255852
206468,0.000825791285494077
206469,0.0018815139252939012
206470,0.0188541842389035
206471,0.0021725532935822026
206472,0.0012808610797540563
206473,0.0022687567031186807
206474,0.0018803422568929745
206475,0.0006906177314134569
206476,0.0005539553904132874
206477,0.0007052471997170109
206478,0.0020856600659295583
206479,0.005639702727037645
206480,0.003639341676083568
206481,0.00042720222559354147
206482,0.0006851878072588256
206483,0.0017776425062203997
206484,0.0009058200754842636
206485,0.0005939914770067092
206486,0.0006087091122851608
206487,0.0006746670803601271
206488,0.010940391977555527
206489,0.0006312620101614722
206490,0.0007536270306497468
206491,0.03792516939322388
206492,0.004977890804007446
206493,0.0007976937039011357
206494,0.007446832839396312
206495,0.03830080513323145
206496,0.060315234918013015
206497,0.0006866891908983242
206498,0.0024532173354717118
206499,0.0006346577642878236
206500,0.0006212481200245748
206501,0.0004316711122698656
206502,0.0018233969687941535
206503,0.0014108395352770962
206504,0.0019332022389022404
206505,0.0032931023156881865
206506,0.0009090126824398334
206507,0.0007722158138693516
206508,0.000572228426169424
206509,0.002156598190089681
206510,0.010308152942027317
206511,0.0006831812622623823
206512,0.0006950044582211168
206513,0.0012462208283000058
206514,0.005669462310929869
206515,0.001008939669249434
206516,0.0011154617687272072
206517,0.0005785953375966432
206518,0.0006089992596130173
206519,0.0007920214882484944
206520,0.0020664791288104688
206521,0.032341585402453285
206522,0.0012352418206614335
206523,0.001485883538316291
206524,0.0024207679701192214
206525,0.0006133851361237873
206526,0.0018698602964764355
206527,0.9821358797882294
206528,0.0009278602381940886
206529,0.006735941620705418
206530,0.0005497793520798051
206531,0.002333845663604903
206532,0.001645422270072369
206533,0.0006319382416129385
206534,0.0006783297451771618
206535,0.0005985209498501656
206536,0.0009123116695429535
206537,0.0013568568327528316
206538,0.0006025480821522905
206539,0.0006163215358598374
206540,0.0007112504800422675
206541,0.0014172402301176176
206542,0.0008994752558302108
206543,0.010599161048523148
206544,0.0058659344137830735
206545,0.9918297079421334
206546,0.001254863963973696
206547,0.002058453517959116
206548,0.0012407150352295167
206549,0.000621220361057059
206550,0.0022270483847504656
206551,0.0010013858687800178
206552,0.000750444887696223
206553,0.0012800368396317864
206554,0.00480872915441638
206555,0.0004318289543003349
206556,0.008366962958863683
206557,0.005631823117511429
206558,0.004182408318144899
206559,0.002679547576370577
206560,0.000660299496544935
206561,0.00973387883475628
206562,0.006726636982147496
206563,0.0009259581388202583
206564,0.0010579757873105714
206565,0.0036091267798019117
206566,0.0013548790815025836
206567,0.005737862564030594
206568,0.000694878429878205
206569,0.00228387705498635
206570,0.013995102429641585
206571,0.029503536913646808
206572,0.00506641123140422
206573,0.0021025034833511676
206574,0.0005151938156148896
206575,0.001003640390248776
206576,0.00070245354062043
206577,0.0005738021407885907
206578,0.0016791947529474402
206579,0.0007173885759050954
206580,0.0012877277029014183
206581,0.017332276634087623
206582,0.00048130443829081336
206583,0.007357147618890746
206584,0.005410235100524618
206585,0.0004440342870468175
206586,0.0009290725298943833
206587,0.0018228061965805864
206588,0.0009037810278216051
206589,0.0008011220639310807
206590,0.0004358207429607015
206591,0.001163991857565201
206592,0.0005486936437803106
206593,0.004744105523141893
206594,0.0032941280482342255
206595,0.0005350099965560312
206596,0.0005560639821535437
206597,0.0007126499720515925
206598,0.00232794740001853
206599,0.0014413341834905494
206600,0.007197678508146489
206601,0.004304599321711483
206602,0.0007116415349582623
206603,0.0015690890342112708
206604,0.0012415365243646712
206605,0.0007383392425123903
206606,0.0008952011832861764
206607,0.0013059245779632896
206608,0.0014043991299566645
206609,0.005979106980740799
206610,0.0005117065565280565
206611,0.0008514060242192616
206612,0.0011676374001672197
206613,0.0016525738415270803
206614,0.004128843445150625
206615,0.011093429192112975
206616,0.008885236046679892
206617,0.004861947448509646
206618,0.0010327840570366967
206619,0.012834532071500426
206620,0.0015139718607799838
206621,0.0011199948477997822
206622,0.0018769507031992656
206623,0.0007706817803949038
206624,0.0017054327511113712
206625,0.001104856516068601
206626,0.0007901852481380071
206627,0.000728623830319108
206628,0.000554897164905576
206629,0.0005014412852236929
206630,0.0009965542022232286
206631,0.0022488785396287104
206632,0.0007706563529528215
206633,0.0012590625098188204
206634,0.0021208087625897067
206635,0.006699999415674452
206636,0.0007063781586684859
206637,0.000634592455975122
206638,0.001863787399016117
206639,0.0029288519905963303
206640,0.0007622358246873661
206641,0.001977582044738459
206642,0.0015207220132044245
206643,0.0014306268154326155
206644,0.00462715685908991
206645,0.0006929218647822692
206646,0.0006871443940200478
206647,0.0054199319602811795
206648,0.0019747370106978565
206649,0.007646338956369375
206650,0.00983629584952012
206651,0.0004939750319543116
206652,0.0005766097713390287
206653,0.0008970360748793597
206654,0.0010171929445994229
206655,0.0013275085003487046
206656,0.000929480772666363
206657,0.002095379684621185
206658,0.0006976698810013337
206659,0.0017320070122520761
206660,0.0016034627820480966
206661,0.01639308345991379
206662,0.00045336549959320915
206663,0.0019556552881059394
206664,0.0006590842948615634
206665,0.0007450956927329069
206666,0.009983794937907204
206667,0.0005096035379113423
206668,0.0009222543753026314
206669,0.0007516597825713682
206670,0.004381881329959082
206671,0.0004387914228573708
206672,0.000765913804251741
206673,0.0009671832260315879
206674,0.0006702127925333613
206675,0.0004182585463462818
206676,0.001006347391106056
206677,0.0016964291027480954
206678,0.0008760503494465009
206679,0.004561270307249992
206680,0.0005309398053122591
206681,0.002770789277092671
206682,0.00047934054855251106
206683,0.003830461427469278
206684,0.005607149499790546
206685,0.0019096018218285357
206686,0.0006932834377025586
206687,0.0006377442395329167
206688,0.0006256652305088198
206689,0.0033288909725685606
206690,0.0006779259433618614
206691,0.0012711367983268731
206692,0.0005904300533518363
206693,0.0009420080736518867
206694,0.0029047385863296056
206695,0.001234414244345461
206696,0.000361601019512693
206697,0.0006496609192769513
206698,0.0006383704973030849
206699,0.0006139023955155481
206700,0.002845329406557774
206701,0.9937633476058376
206702,0.003451288247740625
206703,0.0034086995263876655
206704,0.0006850474967588511
206705,0.016124739168311968
206706,0.0020410561069293615
206707,0.002231252370136473
206708,0.0015770469350052032
206709,0.0013353569040742605
206710,0.0006536997053102384
206711,0.09235373533927907
206712,0.0011857345268343877
206713,0.001497622395539845
206714,0.0015039517556488153
206715,0.0006452557624812812
206716,0.0009041111531520377
206717,0.0023093265303246306
206718,0.0005289341049459517
206719,0.028170779895675797
206720,0.0494978082070149
206721,0.0010819888917641505
206722,0.0005607650082469526
206723,0.0005131290865261441
206724,0.0013663930063279768
206725,0.0006300396293787532
206726,0.0005431130189739147
206727,0.0013045588853884118
206728,0.0005332949475576648
206729,0.00957489693916954
206730,0.00047250153517462647
206731,0.00030228559582321136
206732,0.0004300280471080219
206733,0.005454948595522268
206734,0.0018044126043606451
206735,0.0008722852126516988
206736,0.0009639705051759193
206737,0.000628355155099467
206738,0.0006178464047964484
206739,0.0008035601184041892
206740,0.0016938132418720243
206741,0.003686853817628635
206742,0.20052025723219113
206743,0.0006335173640620119
206744,0.005523089131259965
206745,0.9801853004835535
206746,0.00027256020438347665
206747,0.0006423777186469763
206748,0.0015768774924316564
206749,0.001692479910822029
206750,0.002357780998200898
206751,0.0005044826929412115
206752,0.0012799023886272765
206753,0.0006494456491930404
206754,0.000557407998145001
206755,0.001259319544685152
206756,0.0028907915966001913
206757,0.005985315940182485
206758,0.0014450407228805582
206759,0.0005970603773416337
206760,0.000570845381709148
206761,0.0018303410710526148
206762,0.0022709108998744685
206763,0.0012769765159841634
206764,0.001316954171456756
206765,0.008910963938745345
206766,0.00835617219570328
206767,0.0007882156334211635
206768,0.012329675788041733
206769,0.002667201003629528
206770,0.00034191587767277423
206771,0.0005872937621735048
206772,0.0007987584792754406
206773,0.0006701161747066395
206774,0.00046048861327956656
206775,0.0006045233661180208
206776,0.0008227146533649847
206777,0.04055199051421434
206778,0.0006007411119868552
206779,0.00043953273343155927
206780,0.0042056322248124845
206781,0.0026598076840744695
206782,0.00032726610376261487
206783,0.004236246162363584
206784,0.9991690287449082
206785,0.000488691541844806
206786,0.0009218209435220767
206787,0.0005461183460216379
206788,0.0014194036891568456
206789,0.0005539346711425889
206790,0.001626523089458794
206791,0.0006568961050638562
206792,0.002385344662076086
206793,0.0009199367152264381
206794,0.0008280639274729307
206795,0.061792468988244593
206796,0.0012463540397644076
206797,0.0005747323242429234
206798,0.0036597801677580475
206799,0.0009512764822580018
206800,0.005151818062652731
206801,0.00114645022035779
206802,0.0013471452116566875
206803,0.004111114560464168
206804,0.0016978868359036675
206805,0.0025522857343771178
206806,0.0012239467689766732
206807,0.0007019272407752341
206808,0.0006374489176044589
206809,0.0012698282993060205
206810,0.0008426998701271426
206811,0.0005373621554265094
206812,0.003099530268854722
206813,0.0005053800029798268
206814,0.0005813392743022889
206815,0.005019031081452335
206816,0.0005241242369683225
206817,0.00044206002353853574
206818,0.0006005735981599533
206819,0.0031780337697377425
206820,0.0007743188794140047
206821,0.0014068214991610224
206822,0.033104776262051244
206823,0.0029956625271663918
206824,0.0019828331362158553
206825,0.00045872412150364117
206826,0.0024238306813349213
206827,0.00589821284417285
206828,0.0006546921808954865
206829,0.0008211522825174819
206830,0.002674670935942656
206831,0.0006300634956530041
206832,0.0007415835146498389
206833,0.0006074736137936989
206834,0.001346439522843983
206835,0.0010981510635735426
206836,0.007269061720306652
206837,0.0365331078273404
206838,0.0008635293590872546
206839,0.0040271864538603055
206840,0.0006884639420115013
206841,0.0010971336731002137
206842,0.0007674659973743139
206843,0.004401901329986719
206844,0.005572309435966747
206845,0.0007778907924278382
206846,0.00996175630200058
206847,0.0018337971309209718
206848,0.0019201504390055247
206849,0.0005950509356097159
206850,0.00117006105970276
206851,0.006208993632667879
206852,0.0008235704321588943
206853,0.0005786013780313702
206854,0.0006387986543259237
206855,0.0010443856525002835
206856,0.0007987594981008928
206857,0.001194140344120107
206858,0.0070322566139883105
206859,0.9958554737914971
206860,0.0029650704422078695
206861,0.0008604084647907903
206862,0.006010250663717928
206863,0.011630037506056222
206864,0.001963725315943997
206865,0.0005785208579424092
206866,0.0010669981851173771
206867,0.0007466815570097427
206868,0.004435796375644792
206869,0.0006372097708782743
206870,0.00591877248697944
206871,0.0008885405142561209
206872,0.0004914708143959122
206873,0.0011262938732894037
206874,0.002355911246910799
206875,0.007252022399622783
206876,0.0005536671505212737
206877,0.000750899121118226
206878,0.0005607921755553145
206879,0.0004571250295692118
206880,0.0005379223902859184
206881,0.010703006918768089
206882,0.0006758612548185565
206883,0.0052896579501327656
206884,0.0006806551072216148
206885,0.0014819140255524236
206886,0.0011134318672366844
206887,0.005354747335398832
206888,0.0006718036131911872
206889,0.0339194562825134
206890,0.0006265546379288949
206891,0.0006451433746608764
206892,0.0009002554425219789
206893,0.0007084625225441316
206894,0.0006908497535656926
206895,0.021874995745530076
206896,0.0005375546076909237
206897,0.013465294640204368
206898,0.0004840110409381085
206899,0.000671000300032632
206900,0.0013264402961363497
206901,0.003543210956059353
206902,0.0012375941885788575
206903,0.0006043046413368079
206904,0.0008446921050893458
206905,0.0013472440073290727
206906,0.0011469185649247236
206907,0.001474466598420968
206908,0.0013965924726705254
206909,0.0010381723040320538
206910,0.004801861589018276
206911,0.0007757280332064071
206912,0.0009006093072330405
206913,0.001265455102077607
206914,0.0005876184501369363
206915,0.001191858865281704
206916,0.000658878947711207
206917,0.0147967173062592
206918,0.0032835467517261926
206919,0.0005369991612589919
206920,0.00036708217644302335
206921,0.00047984934263197256
206922,0.0005869140472003137
206923,0.00038391323284632154
206924,0.0005009058647095291
206925,0.006941614891411341
206926,0.0008427688705279323
206927,0.0012306564782656971
206928,0.0017930226157556548
206929,0.0022841431852552055
206930,0.0007245900673159195
206931,0.0005708742196352364
206932,0.000532566694975856
206933,0.0005472093554465317
206934,0.0022904924220900954
206935,0.0005499259481375396
206936,0.002933916642152764
206937,0.00693833509841753
206938,0.007389935599084822
206939,0.00048602548505399443
206940,0.0006433589897434191
206941,0.0028297173424852422
206942,0.0008232647514921416
206943,0.0015895048017991894
206944,0.0020825297094881757
206945,0.006886873586352306
206946,0.003508326746174846
206947,0.0006237146346349883
206948,0.020940671123914116
206949,0.007694274733237302
206950,0.00046541557276034485
206951,0.0005717360298370505
206952,0.005746005779077388
206953,0.0008295405798675894
206954,0.009053612948362969
206955,0.0008360050272886943
206956,0.001745715699309356
206957,0.0006329013233026379
206958,0.010323211149022127
206959,0.0010982084722687352
206960,0.0034030552870401055
206961,0.0018402242046447275
206962,0.0007999878276525721
206963,0.0024641485484614093
206964,0.0006763000394034493
206965,0.0006443804730706819
206966,0.0006216364891831963
206967,0.002119619153239442
206968,0.0006149632190471186
206969,0.10961031133028919
206970,0.0020388878680217145
206971,0.00048424984546776526
206972,0.0020431702354733942
206973,0.0006196251333488894
206974,0.014311148782863669
206975,0.0004816567663661138
206976,0.001799477333786601
206977,0.0009068036912868601
206978,0.009352881404426076
206979,0.00047454429474400804
206980,0.0028526906802804307
206981,0.0004898830442496158
206982,0.0009584894656502897
206983,0.0006774640498034697
206984,0.0015103935346182469
206985,0.0007317142917519659
206986,0.000463278571646992
206987,0.0007198078628906826
206988,0.0005311057727401279
206989,0.0007191514159623276
206990,0.0010415520596293152
206991,0.004232829914310315
206992,0.0016132555654198707
206993,0.0006007226579457444
206994,0.0008429428482902115
206995,0.0007063319830762616
206996,0.0008861764776178509
206997,0.0008656375900046749
206998,0.0017163901449243713
206999,0.002378772087959259
207000,0.000682856632933847
207001,0.0007487662354441161
207002,0.0007318315025478524
207003,0.0005583428331030748
207004,0.009056138313904267
207005,0.0034293337104829595
207006,0.0023867683020775557
207007,0.007472912569623681
207008,0.00570994166881266
207009,0.0012369353566057354
207010,0.0014606705578989383
207011,0.00835396538458037
207012,0.00053161647202834
207013,0.0015990706809136848
207014,0.006122309110172307
207015,0.0004860197320041534
207016,0.0010214729353172783
207017,0.0006326819492832906
207018,0.0005851767756943477
207019,0.0014916158913255563
207020,0.002629045588397448
207021,0.007146492769397621
207022,0.0005732679850098662
207023,0.0005431131485492517
207024,0.0013891928741408223
207025,0.010109216021495417
207026,0.0008863006083448936
207027,0.0006581623048445772
207028,0.0005088584075071516
207029,0.0022786317719679723
207030,0.0005854352191522196
207031,0.000713674971528382
207032,0.0011098671583404576
207033,0.0006291461648655853
207034,0.001156193658684313
207035,0.0008851751106822754
207036,0.0016398608591409241
207037,0.001303106071022872
207038,0.000994177536033886
207039,0.9938314953769163
207040,0.0007379516376122101
207041,0.004058415557209971
207042,0.0006311293717848929
207043,0.0019225316292127018
207044,0.0006543775087089755
207045,0.000587555955111061
207046,0.002557693149266423
207047,0.0008262226153896851
207048,0.0006453850510571535
207049,0.0428452168835764
207050,0.0008042123950401358
207051,0.0004531575064754294
207052,0.0007314125977633788
207053,0.0006542271447068056
207054,0.0014884867566665452
207055,0.0006641718746911763
207056,0.000491657670102229
207057,0.001583161234442155
207058,0.0008422631293595968
207059,0.0007405516212214002
207060,0.0006942051053311468
207061,0.00037078999328917715
207062,0.0049880723841334955
207063,0.0009131470127228655
207064,0.007138725806685042
207065,0.0005177429127649554
207066,0.00045527541654551894
207067,0.0006342798739270307
207068,0.9145750933476815
207069,0.0007086809629925919
207070,0.0013797689707262897
207071,0.0008064898471145345
207072,0.007316201131500872
207073,0.0013914617455852713
207074,0.0009137651664263647
207075,0.0044312361134266585
207076,0.0054116615774274434
207077,0.0006135487642398886
207078,0.0005114526368984107
207079,0.0022419605057697883
207080,0.012940756300917804
207081,0.0006733909399446794
207082,0.00437009502128146
207083,0.0007985761459408242
207084,0.0007941042628875329
207085,0.0006015923779622381
207086,0.0008551639531340461
207087,0.008506805163525526
207088,0.0009696356441695877
207089,0.010239560938993583
207090,0.002921467403406557
207091,0.007206238074117683
207092,0.002406982276746199
207093,0.0013046435158604562
207094,0.0005405635749558472
207095,0.0011303731332635743
207096,0.06388064876920047
207097,0.0028292157578928387
207098,0.0009262265907748885
207099,0.0008938392522996022
207100,0.0013291931393929557
207101,0.004009796310281405
207102,0.001039463762624036
207103,0.00220359124622676
207104,0.0013283279602640603
207105,0.0027939255852786065
207106,0.9962523031602698
207107,0.0007964030756571583
207108,0.00044321387982119135
207109,0.0010245040755955
207110,0.0005346760618926316
207111,0.0009237254811884843
207112,0.0006254422648010232
207113,0.0011833640200950568
207114,0.000736359366901875
207115,0.0007062691130041555
207116,0.0007387171265551163
207117,0.0047876745423457425
207118,0.002062769367070489
207119,0.0012366631491358506
207120,0.0005040507253260373
207121,0.0007755653902526941
207122,0.0007816791389326508
207123,0.00044656775119630333
207124,0.0004205903962329664
207125,0.0021626955688635683
207126,0.0008085686003251456
207127,0.019361212239184016
207128,0.0007631048369266815
207129,0.0015331104210552977
207130,0.00442451904117208
207131,0.028864387694196757
207132,0.010978393649609602
207133,0.007465045022628175
207134,0.000464006386443374
207135,0.0020223546389985044
207136,0.00040837050301718083
207137,0.0011076428655187515
207138,0.0021381154409425692
207139,0.0005366036886059909
207140,0.003643491014670786
207141,0.0007163021043148721
207142,0.0007890476170729108
207143,0.0027591328055596117
207144,0.001006888471888001
207145,0.0005222131314310906
207146,0.0005838169383564462
207147,0.018381015020911447
207148,0.0023085883346060203
207149,0.0704398219492445
207150,0.002337083468087759
207151,0.0007175422455818142
207152,0.0011596620884708705
207153,0.0007861215600751198
207154,0.0006387679470898962
207155,0.0005514699947739904
207156,0.0007711826458833258
207157,0.0030278690091363565
207158,0.0006640143038656463
207159,0.0005057666528229435
207160,0.0007030632268397955
207161,0.001604606987696472
207162,0.0037920027747309036
207163,0.0007304491228375398
207164,0.0036374831904657447
207165,0.0006179197791808266
207166,0.0010056339368985094
207167,0.005902718303643374
207168,0.0030361458722148495
207169,0.0007479441183117617
207170,0.0006457902376699298
207171,0.0012765685153769924
207172,0.0007049338297257007
207173,0.005364218965502834
207174,0.001775574643611827
207175,0.0004671018159041371
207176,0.0019451084556121555
207177,0.0005269747160941341
207178,0.020311013859439696
207179,0.0043262818652002235
207180,0.00040552598806767326
207181,0.0077947229268734534
207182,0.001496250727732486
207183,0.0017397868859915149
207184,0.0011462163875271686
207185,0.0007143575019483434
207186,0.0075555474082147365
207187,0.0022810197116791184
207188,0.000666233852491426
207189,0.0005084524022604691
207190,0.0006974899767600943
207191,0.0007370842956535295
207192,0.0011480987014812593
207193,0.0012264173910687794
207194,0.0018391218011146965
207195,0.0015221844426692407
207196,0.0004662080686304892
207197,0.00853680924200269
207198,0.002059149047098632
207199,0.004787392914477658
207200,0.0015750433970739127
207201,0.0008106994524612427
207202,0.0010746414417720188
207203,0.003357033116479079
207204,0.0007375625300283517
207205,0.0009261877718510104
207206,0.00073128328725525
207207,0.0023102466174334505
207208,0.0009134552780309328
207209,0.0035260473158076695
207210,0.002165645310760955
207211,0.0037324125518281097
207212,0.001357370924303348
207213,0.002955648441867852
207214,0.0037455763941887862
207215,0.0007398571493092669
207216,0.0012581115513974027
207217,0.010932058822219074
207218,0.013664331333151244
207219,0.004254617570457596
207220,0.027407436861560275
207221,0.003443260209462928
207222,0.0023422058322640693
207223,0.0011333105701044157
207224,0.0009080464541828502
207225,0.0047566653024478135
207226,0.000495118157732807
207227,0.0006828893980545652
207228,0.0007835143273981114
207229,0.0008504729518236877
207230,0.003128404244003497
207231,0.0011700548994005235
207232,0.0012118738165650335
207233,0.0007163867980580884
207234,0.00924336845179841
207235,0.0009316919313492645
207236,0.0005400398251605096
207237,0.002004618215172496
207238,0.0011898816916802416
207239,0.0035997868519213783
207240,0.00041024772721992217
207241,0.0006000414972282283
207242,0.001028251800984275
207243,0.0014536770419064802
207244,0.001522695809903637
207245,0.0017952013889497788
207246,0.002628324993985468
207247,0.0005860491934106576
207248,0.002054914963923013
207249,0.0008133071040416421
207250,0.0011864055122714867
207251,0.0007919474704492109
207252,0.0031852500779509796
207253,0.01997545570203546
207254,0.0006047304127125292
207255,0.0010606915497801558
207256,0.0005369826450306234
207257,0.002923274796195477
207258,0.003139144387234394
207259,0.0006421332025619455
207260,0.0008064371988885071
207261,0.0006344392989770358
207262,0.0030818893529533636
207263,0.0006749453766459414
207264,0.0013657826099484232
207265,0.001001991791712368
207266,0.0006143291924260564
207267,0.005516041326184191
207268,0.0004448689217711279
207269,0.0016780377476076364
207270,0.0005415856729061314
207271,0.001727074116523077
207272,0.002319321566613494
207273,0.0005985628181865987
207274,0.001197344346828388
207275,0.20140690831935965
207276,0.0010653001703993515
207277,0.0010567253152029788
207278,0.0004446044543128889
207279,0.013142711810114754
207280,0.003083114801458059
207281,0.002730543714843167
207282,0.003289105926155884
207283,0.0037860527715462815
207284,0.0008667132851114379
207285,0.011207733397684124
207286,0.0015610208404920158
207287,0.0006205922365792886
207288,0.017778628399028083
207289,0.0007177462615877388
207290,0.0008868022880893211
207291,0.00759006928823234
207292,0.0013832129040740062
207293,0.0015838847146779932
207294,0.0010889657969580238
207295,0.0007224087661171685
207296,0.011355167528361354
207297,0.0009351388823534434
207298,0.0006535693524241373
207299,0.0017879102010037629
207300,0.0024279214949292096
207301,0.0006105387148054346
207302,0.0006485248572669154
207303,0.00271584408274639
207304,0.0008609111406869532
207305,0.019872112767060524
207306,0.0005016444335594511
207307,0.0014914192079466641
207308,0.0012208431756964477
207309,0.0008280411965034747
207310,0.002754614111499353
207311,0.0011381560554571905
207312,0.0006758411970061252
207313,0.006622297436337198
207314,0.00045353758867648273
207315,0.0007107623858519028
207316,0.0006625135010019719
207317,0.008272707994464768
207318,0.0006655904680519842
207319,0.0007975096236864004
207320,0.0012207090587456177
207321,0.0005717396561628904
207322,0.0004542318876479971
207323,0.0015849737096425664
207324,0.0022092279579095085
207325,0.006007884139450987
207326,0.002096583584322276
207327,0.0021933196862442767
207328,0.0009202111772382765
207329,0.00236876787556315
207330,0.0013637399259909654
207331,0.001508587246103514
207332,0.0007819369744012732
207333,0.0007704587459588476
207334,0.0006105339067322797
207335,0.005434878158960808
207336,0.0016281451774704417
207337,0.0007417848527323729
207338,0.000538525531727952
207339,0.0025112024903193183
207340,0.01315701415386079
207341,0.0010890788370303103
207342,0.0005562143502364224
207343,0.0009272728844559641
207344,0.0007094161248471773
207345,0.0013923932969358386
207346,0.0010079882144279665
207347,0.0010411207614938042
207348,0.0005573382036905255
207349,0.0011744472836525657
207350,0.00074632864550263
207351,0.00810764363953492
207352,0.0034678988640984725
207353,0.9954233173395539
207354,0.0002966800908272841
207355,0.006220432020626007
207356,0.010255753357965133
207357,0.0016761575647029282
207358,0.00045540327113550896
207359,0.00047891161712112086
207360,0.0015492201385685124
207361,0.000580285724309222
207362,0.0008155321408041252
207363,0.0035256606211070884
207364,0.0008043419917329365
207365,0.0017759967922527692
207366,0.0010600329885104246
207367,0.0021791570961713054
207368,0.016593413680004186
207369,0.002089977884024494
207370,0.0034726823453023713
207371,0.0008771292896642952
207372,0.001065364857365715
207373,0.0006203522757976116
207374,0.0016671546270673
207375,0.005755561439122425
207376,0.9968964418011204
207377,0.0009939876480380126
207378,0.0004673416745671658
207379,0.00814388735152094
207380,0.0005476575105043029
207381,0.9860433523275085
207382,0.002094150712722157
207383,0.002649296016735298
207384,0.0007048805505572484
207385,0.0020230604192802994
207386,0.00042329190786002144
207387,0.000733047115443037
207388,0.0026494819893727304
207389,0.00491462639560142
207390,0.0008555484001899617
207391,0.0012185850705027285
207392,0.002379387629922532
207393,0.0008450196192159745
207394,0.00047439788692252803
207395,0.005120397805335075
207396,0.0006841426324992782
207397,0.000497323033923107
207398,0.0017958670732462507
207399,0.0006219452280604119
207400,0.013517140826974253
207401,0.0022242333569784173
207402,0.0011967355437801333
207403,0.039990399370161384
207404,0.00044838007792504794
207405,0.001013646882322285
207406,0.020325655587975135
207407,0.0006711257610271653
207408,0.0006326252105447467
207409,0.00053481057681755
207410,0.0016417094438144833
207411,0.0008126938836817714
207412,0.9889822784298503
207413,0.008043348384400196
207414,0.0020191558689151333
207415,0.0023851964610366212
207416,0.0006757365816540337
207417,0.0006920944601065918
207418,0.0009117775338161771
207419,0.0011184530720766228
207420,0.0031677872530785946
207421,0.0006715683650821345
207422,0.0059672829261947
207423,0.0006856884856912489
207424,0.0007677320299677647
207425,0.0006530655731441207
207426,0.0005593722136218268
207427,0.0009621567649340903
207428,0.0006559367875546931
207429,0.0006480067429177516
207430,0.0008305837306822287
207431,0.0006625338326375716
207432,0.0005774681979341575
207433,0.002447363876749349
207434,0.007589234378826398
207435,0.0026369715253230716
207436,0.0014682368894756504
207437,0.0008068955716501191
207438,0.0017728059899681289
207439,0.00161049051432065
207440,0.0005226693932075424
207441,0.0006709469608244996
207442,0.0005937833183977187
207443,0.0004905497473075986
207444,0.0008339838540665823
207445,0.0011964155282306807
207446,0.0022762609689168014
207447,0.2045482332870362
207448,0.00353842184430054
207449,0.0012663291688772243
207450,0.0007463451287623239
207451,0.0008650425220643772
207452,0.0014695179614829025
207453,0.00042637069862077546
207454,0.0007203758172337123
207455,0.004810816947623022
207456,0.0055463369692867245
207457,0.00641991494966648
207458,0.0035443642012826476
207459,0.00036271708413757546
207460,0.0014561316493297408
207461,0.0036486668336163236
207462,0.001390817069014557
207463,0.0007491781694478645
207464,0.0007799476374977228
207465,0.0010346531374346248
207466,0.0013928860557337265
207467,0.0005173568880573468
207468,0.0007004345413267484
207469,0.001527857453739004
207470,0.0035660335872386233
207471,0.0007726147932918729
207472,0.0009881818780001187
207473,0.0009662674088311599
207474,0.0016682247765369357
207475,0.023914662696600288
207476,0.0007324885203436734
207477,0.0006006635193071176
207478,0.0005910953443502567
207479,0.005468606955516408
207480,0.0013265644869053452
207481,0.001078765245955161
207482,0.0007225099462819199
207483,0.0008981906704673241
207484,0.000501960658526125
207485,0.0006907904380753267
207486,0.0007827780260666195
207487,0.001250398898428465
207488,0.0035305350149824315
207489,0.0006687828548347968
207490,0.0009191790604869628
207491,0.000874435033651116
207492,0.0007659496214728048
207493,0.0007400698607493671
207494,0.0008277598678815745
207495,0.0017352856051941292
207496,0.00115702881977712
207497,0.007036683552060528
207498,0.002291650288627724
207499,0.001011439273629433
207500,0.0013712114283186989
207501,0.0012023354872194353
207502,0.0008062040441893525
207503,0.0007775957979834424
207504,0.0006790753016559673
207505,0.006441931241222579
207506,0.0011553467859904201
207507,0.000592184249998088
207508,0.009976156439755395
207509,0.0004871280450572934
207510,0.0011001464137829699
207511,0.000557761488443182
207512,0.008283133209959909
207513,0.0008764507946068805
207514,0.0004982776000087217
207515,0.004400933015381013
207516,0.0012232599241206819
207517,0.006486674809852258
207518,0.0010453456215837194
207519,0.0007065677805202025
207520,0.0004602774069791153
207521,0.0010739419838518187
207522,0.000548121081130935
207523,0.0008384769863506424
207524,0.0018470338760011567
207525,0.003315209915633958
207526,0.0014029861653231134
207527,0.002727740825300698
207528,0.0010722447575460467
207529,0.0007571127817956646
207530,0.0009863347600031535
207531,0.015564414160383592
207532,0.0034197963863923427
207533,0.034356972488295036
207534,0.0009123501627407676
207535,0.0013823192141033855
207536,0.0017302545229375983
207537,0.0012092811243486937
207538,0.0006258779414126526
207539,0.005937401106460445
207540,0.0007686275658180096
207541,0.0006892051408027463
207542,0.010959193538910957
207543,0.002636950145109038
207544,0.0072716648330618085
207545,0.000672676435844737
207546,0.002543515413751209
207547,0.0006660122211924552
207548,0.0020288060997319755
207549,0.0009056886250293776
207550,0.004995910136229106
207551,0.0005287501626882108
207552,0.0037637983395893615
207553,0.0005798533279308372
207554,0.0008313216339978183
207555,0.0017757083522550532
207556,0.0019819047391247
207557,0.001564592890431393
207558,0.0022017866617596773
207559,0.0005741625933295651
207560,0.0021936214595699582
207561,0.0008358016175646084
207562,0.004470088486200539
207563,0.12639503942583574
207564,0.004451596391856436
207565,0.0007332885341198032
207566,0.0010289344572226892
207567,0.0018681316338658546
207568,0.00305008652984626
207569,0.0010086628632497638
207570,0.0005222900470121311
207571,0.0005893402389517172
207572,0.006472570156214535
207573,0.0009900412790755182
207574,0.002695021993434303
207575,0.0006704847660200712
207576,0.0023566443325072454
207577,0.0007927575929950485
207578,0.011703126214716059
207579,0.010134019728650634
207580,0.0005302705478114307
207581,0.00047897675111227724
207582,0.0004994935206278951
207583,0.0018797992749414573
207584,0.0006229157415223027
207585,0.0015653290420243292
207586,0.0006812455280535345
207587,0.000743911338469164
207588,0.001122623765821539
207589,0.0004391672046184436
207590,0.0007302395783230788
207591,0.0014314366025090953
207592,0.009543808614416607
207593,0.006142143903771428
207594,0.000616517463002812
207595,0.0024016947664779785
207596,0.0035302179672824607
207597,0.00044322996231475496
207598,0.000565117265056346
207599,0.0009600691585429738
207600,0.0005174431470819661
207601,0.0006302710875191928
207602,0.017796443107760764
207603,0.0006318722944118673
207604,0.0007740709831178453
207605,0.001931851643598932
207606,0.00043612977625313853
207607,0.0006919598653779352
207608,0.0009438700711744354
207609,0.003929154634820047
207610,0.0006503019532951319
207611,0.0007519558233892831
207612,0.0009664224978536367
207613,0.0005250160600065594
207614,0.000883719281374138
207615,0.03677857742494283
207616,0.014034775202642135
207617,0.0008469329850059066
207618,0.001268038813745898
207619,0.008242971093336075
207620,0.001332388725685834
207621,0.002708567701886647
207622,0.0006603986226011823
207623,0.000513462958883669
207624,0.0022123247732790145
207625,0.0006184909371386371
207626,0.0005826738866036249
207627,0.9937688010666488
207628,0.004154009866237311
207629,0.0010056260938296714
207630,0.0015003403497469339
207631,0.0039102806890702335
207632,0.0005790355479771785
207633,0.0005892724725117595
207634,0.0024064017943577396
207635,0.0005746683433801683
207636,0.0004276386776608177
207637,0.0017678372413551103
207638,0.0007144221154849351
207639,0.000822770625583105
207640,0.022018017960571255
207641,0.0005692237140393379
207642,0.9922896712692961
207643,0.0005546190244704884
207644,0.0018870548653806905
207645,0.005796179582615531
207646,0.0006964979887533818
207647,0.0005434747995259789
207648,0.0795459469230729
207649,0.0007758181613293697
207650,0.0006744624789516483
207651,0.0005927703563525757
207652,0.0009288801495372753
207653,0.001521919861413744
207654,0.0010119057192676324
207655,0.010541065507540486
207656,0.000659919253963487
207657,0.004463977779706348
207658,0.0006282998862084436
207659,0.0005374102799501025
207660,0.0007699097828461411
207661,0.0005622513075911128
207662,0.0006984461804800059
207663,0.0007839548118366535
207664,0.0010085581031228658
207665,0.001034536709902097
207666,0.0006449332752938345
207667,0.003177709283207755
207668,0.014290960195222337
207669,0.006194962337875368
207670,0.004730397440893752
207671,0.0009420486015421744
207672,0.0017905547230000769
207673,0.0012019812922646148
207674,0.0013527046968459084
207675,0.001110599968792138
207676,0.000708966420811941
207677,0.00034269631667881926
207678,0.0022837454542008794
207679,0.01065175037254099
207680,0.0032953995461661523
207681,0.0014234228398473242
207682,0.0008641632289539602
207683,0.000578830451332578
207684,0.0005976892119187065
207685,0.0005120969440522978
207686,0.012382689420144019
207687,0.0016041642250076717
207688,0.0009414946582914608
207689,0.0015659075846308562
207690,0.0028234184756535377
207691,0.00048376203598523996
207692,0.0013626797443038094
207693,0.0005531464418764534
207694,0.004796084589157952
207695,0.011602399804592097
207696,0.0014460776238509941
207697,0.0008980674136640319
207698,0.0014063938405045869
207699,0.0018543565559413426
207700,0.00043559941480618447
207701,0.0011121026971842927
207702,0.0006494261736172545
207703,0.0020620152072792016
207704,0.0007760318716276352
207705,0.000730291216257059
207706,0.0009469738493772477
207707,0.0007907904923919332
207708,0.006334650847609055
207709,0.0035510261050361617
207710,0.0027143480863998913
207711,0.0005875556912674062
207712,0.00536878170148011
207713,0.03147946668593509
207714,0.0015784435278932332
207715,0.013798928386626677
207716,0.00043719061337461375
207717,0.000768488219363274
207718,0.9821662339791786
207719,0.0008867513020447103
207720,0.0015616483937690628
207721,0.0014260142764562164
207722,0.0008519142912578187
207723,0.0015520221534736885
207724,0.002000698108827491
207725,0.0008073061497516556
207726,0.0006494395992045587
207727,0.0011795644274264537
207728,0.015815211860797995
207729,0.000838437197322957
207730,0.0008198221813611743
207731,0.00446919277035666
207732,0.0015217672936669341
207733,0.0009411896767927024
207734,0.001390267049404226
207735,0.0004948133618397859
207736,0.008193750020350395
207737,0.0016617832445940468
207738,0.0008298345095146416
207739,0.0026083334626625055
207740,0.0005106891512051334
207741,0.001218708348396546
207742,0.0005771159965051606
207743,0.0005284045006510702
207744,0.0017504432078310162
207745,0.0005640946036094369
207746,0.04617327620701022
207747,0.0019891178758834156
207748,0.0053214361962361685
207749,0.0006664494885677395
207750,0.000687176979634694
207751,0.0008781805384262347
207752,0.0007023460525604583
207753,0.000688748219380083
207754,0.0006467745800650155
207755,0.002666862329616565
207756,0.000663338959409892
207757,0.0005789433611843535
207758,0.0006621140322814708
207759,0.009788646091646726
207760,0.014729965202915944
207761,0.0004383567122884131
207762,0.006920952132794602
207763,0.001617366617048339
207764,0.0008463146868032228
207765,0.0007272105416240755
207766,0.20071860010051998
207767,0.001805772994658143
207768,0.0005889947191289693
207769,0.00349055804747426
207770,0.0015941400857149481
207771,0.0004891714619006187
207772,0.0007876956678329534
207773,0.0005982009131391857
207774,0.0005417543967797445
207775,0.0005019099312531634
207776,0.0007490962059500063
207777,0.000601534424764685
207778,0.0014723167770231047
207779,0.012308152647311343
207780,0.0005736642922782197
207781,0.002451360794599137
207782,0.0006705417422906779
207783,0.0011261576491167799
207784,0.0007559997627606138
207785,0.0005699793238014558
207786,0.0016091255614256255
207787,0.0010517520165060324
207788,0.0012287851658839596
207789,0.0006563769518696574
207790,0.002476098731746612
207791,0.002732708477558023
207792,0.0007478849651604458
207793,0.0014085799535459285
207794,0.0006930829080616615
207795,0.00142975669706086
207796,0.0005911632073286582
207797,0.0009122164347911731
207798,0.003969032608632873
207799,0.0010579864482990228
207800,0.0008546325135906126
207801,0.0009688928464637082
207802,0.001990370488761377
207803,0.0025663034768125333
207804,0.0007818153756749706
207805,0.0006532256012037808
207806,0.0008467507155991581
207807,0.0006700357432150112
207808,0.0017700537929552986
207809,0.004855040189988128
207810,0.0006985256535344654
207811,0.009335345934225203
207812,0.0005447857344825036
207813,0.0035959444254257626
207814,0.00046407766573650425
207815,0.004550736431482941
207816,0.0004695284469108244
207817,0.0011485511431189484
207818,0.0007660972794091137
207819,0.002749782930329436
207820,0.0006272998245971272
207821,0.0009639689820195305
207822,0.028058830800369392
207823,0.002709678143537068
207824,0.0007809187545194896
207825,0.0016928040676065018
207826,0.0007205856720572363
207827,0.0007712151048319975
207828,0.0005704448207379752
207829,0.0006345957935763613
207830,0.0004905751574549695
207831,0.0004385210355158779
207832,0.0008023525626631099
207833,0.0023140960014716256
207834,0.0018891464900399229
207835,0.0017285659130358592
207836,0.000490873821480832
207837,0.021530056544514807
207838,0.00043243995425484535
207839,0.0005383324403322278
207840,0.0008493511094676943
207841,0.0009188988458471177
207842,0.0005791515133861861
207843,0.0008188165158790513
207844,0.0008538287619723647
207845,0.0053667625756503474
207846,0.02598290971735854
207847,0.0047901049637481255
207848,0.0007045156011634185
207849,0.008076574070253681
207850,0.002312409334544284
207851,0.0006861486447151924
207852,0.0008465304140102352
207853,0.009086597380460266
207854,0.000593643277073613
207855,0.0005631558649507452
207856,0.0037149258713415835
207857,0.00639767368812659
207858,0.006369737802472
207859,0.0018038876882929744
207860,0.0008832402339257236
207861,0.000507611159372947
207862,0.0012379824344927468
207863,0.0008776944287190644
207864,0.0018552137240131457
207865,0.005465313971602104
207866,0.0011420488570819294
207867,0.0004264372523651838
207868,0.0008380322015975309
207869,0.0019617918130463118
207870,0.0013761083086492884
207871,0.000663974852422327
207872,0.0014253913082900513
207873,0.001427791853087404
207874,0.0011832244912954465
207875,0.0006063492705945958
207876,0.0009283170893891392
207877,0.002557853944531932
207878,0.0009243238752684195
207879,0.0015838794055895895
207880,0.0006858772166935586
207881,0.0009011130798300979
207882,0.0005518202476364835
207883,0.005811588659805898
207884,0.01090753562821676
207885,0.0005930473421871018
207886,0.0010446826667570928
207887,0.0240149049182335
207888,0.0010834794499624603
207889,0.0011405735259599052
207890,0.0007806731899809177
207891,0.004712649543651835
207892,0.004122134260638775
207893,0.004247865962523524
207894,0.004300871551094283
207895,0.0006013742701168416
207896,0.0004195449285363486
207897,0.0016705546179524172
207898,0.0024839469794480434
207899,0.994389221784933
207900,0.0005977046528934125
207901,0.000909654371061053
207902,0.0008707701348497094
207903,0.000597851031723201
207904,0.0005529588144779472
207905,0.0015302569389451372
207906,0.0008820836864167179
207907,0.004027222247323526
207908,0.0005814981560358212
207909,0.001163200077601958
207910,0.0008961031087388021
207911,0.004976526464678272
207912,0.003821898664506987
207913,0.00068852368554665
207914,0.0022308124808931686
207915,0.0005969179653134451
207916,0.0005503275373917514
207917,0.0012767854455078074
207918,0.001525883272141296
207919,0.0007466333068656068
207920,0.005895588028399953
207921,0.0007065236272547587
207922,0.0024417133594922874
207923,0.0007066903900718528
207924,0.009195365606799188
207925,0.0008445546208571838
207926,0.0008390892551303612
207927,0.0014635124047608608
207928,0.009788702543903629
207929,0.001489717278407409
207930,0.0005137528600559331
207931,0.0013793844257195228
207932,0.0018282200781063202
207933,0.0038950027364468573
207934,0.0007084757840857387
207935,0.004614027151992278
207936,0.9987107154155899
207937,0.0014912958339790665
207938,0.0005489909166973313
207939,0.0006769796783925451
207940,0.0018993112321753726
207941,0.0010701604932615316
207942,0.0006052094273457303
207943,0.0013764318119473449
207944,0.000915051614434615
207945,0.0006256943972994984
207946,0.00063090440587808
207947,0.0010083178002762022
207948,0.0006334306302676411
207949,0.0006899614237920404
207950,0.044819334827027685
207951,0.000752497084020792
207952,0.0008324224850745964
207953,0.0007972514460759248
207954,0.000591814013941341
207955,0.0007231629865439305
207956,0.0008734625288744874
207957,0.0006911568364012766
207958,0.0006595194659775978
207959,0.0009269010152904661
207960,0.004351963739120019
207961,0.9890605138291761
207962,0.0008870665365544264
207963,0.0004607837723385925
207964,0.0007073321596442138
207965,0.0005393997137686263
207966,0.0017093838164095126
207967,0.00058038085008272
207968,0.0003658332189453714
207969,0.0010695271422945314
207970,0.0005813048454261376
207971,0.0026469806198454434
207972,0.0028376491794899175
207973,0.0005443094362949747
207974,0.0016235938199464215
207975,0.0005902159913933604
207976,0.0018026157820399849
207977,0.0006044048166789853
207978,0.001866317884881004
207979,0.0054291996068132255
207980,0.0004458176992619145
207981,0.000857696455147129
207982,0.004568094662057957
207983,0.003500101818716304
207984,0.0018424205698440123
207985,0.000593524965002288
207986,0.006422181255165757
207987,0.9926842261541727
207988,0.00052529240699956
207989,0.00115403892942822
207990,0.001161168439834914
207991,0.0020107978656595665
207992,0.0014176673499134815
207993,0.0009619061846519704
207994,0.00524937231185742
207995,0.0011110976739662417
207996,0.00044688087166315705
207997,0.0007849862676852844
207998,0.0007510841362331222
207999,0.0009209838259871563
208000,0.0007219819150084601
208001,0.002136378364386981
208002,0.009655917729203052
208003,0.0004688296096452281
208004,0.0006959165507512625
208005,0.0015897907208174125
208006,0.0017333288668313117
208007,0.0008129176907607933
208008,0.0008921666340757611
208009,0.0007129640850368789
208010,0.0007602167191273927
208011,0.0006156602531162802
208012,0.0009528154457613648
208013,0.0011074586047743439
208014,0.0008140243028695143
208015,0.0005882370562624026
208016,0.0012060339212316808
208017,0.0006440240557570727
208018,0.0008396063937137056
208019,0.0016888210041618172
208020,0.0018278589758965904
208021,0.005624646761859328
208022,0.0058478853554833725
208023,0.0012703812628567387
208024,0.0008260729231836159
208025,0.0015606413425025456
208026,0.0018253516443946089
208027,0.004682726329029286
208028,0.0008140128232832218
208029,0.0008287763985345622
208030,0.004017014078273977
208031,0.0010337936039874762
208032,0.00307314971255848
208033,0.0008542798134032997
208034,0.0005357137488568268
208035,0.002099750528982805
208036,0.0018611668855730503
208037,0.005324572140865912
208038,0.0009934026275476937
208039,0.005673818611707978
208040,0.07131912433397722
208041,0.002279536237996001
208042,0.0012918089671807987
208043,0.004281199889126905
208044,0.0005895317498431878
208045,0.003155849092751244
208046,0.002365218023042785
208047,0.0004501740501168165
208048,0.000997568574782951
208049,0.0005464430449753523
208050,0.00045747850994635786
208051,0.0032504938709371598
208052,0.00838006634790264
208053,0.0008708389594421415
208054,0.001761988507427697
208055,0.0012525926514750944
208056,0.004860250892785833
208057,0.0019696653282868584
208058,0.0008726965899697141
208059,0.008682840611975318
208060,0.0004549262040978852
208061,0.0015741775467844167
208062,0.0007245955766835271
208063,0.0005793803730184758
208064,0.007046600723806739
208065,0.006627964846556944
208066,0.001827932534043366
208067,0.0012787824904034956
208068,0.0005405738035054038
208069,0.0007697463870783295
208070,0.0005441438618853103
208071,0.0008364213137116373
208072,0.0013216193839275998
208073,0.00056453863623164
208074,0.0006014058992419323
208075,0.0007508952141340897
208076,0.00994266758836103
208077,0.0016983466630062457
208078,0.0004994611890921471
208079,0.0012913414344977942
208080,0.0040617411764234555
208081,0.001310720550315514
208082,0.0029196235094659595
208083,0.0016628673795745022
208084,0.002024865010807286
208085,0.0014419468609734249
208086,0.0013454812588488852
208087,0.0012211662806293536
208088,0.0009275963873692421
208089,0.004222362679157635
208090,0.00048564946080143325
208091,0.000699535771021787
208092,0.012703858604607637
208093,0.0012785846365788527
208094,0.0005327971725930798
208095,0.9910912829449787
208096,0.003842915975103804
208097,0.002582580886680998
208098,0.0007516652388684813
208099,0.13240129380107266
208100,0.0004986852453431501
208101,0.0018219042627558072
208102,0.0037091723493625616
208103,0.0006367521280785247
208104,0.0007358171769523136
208105,0.0006401472113483601
208106,0.0028265675083481608
208107,0.0005301741927456879
208108,0.0033825680694558216
208109,0.0010206305689770985
208110,0.000567522247206824
208111,0.0005603826172697467
208112,0.008033312851462771
208113,0.0009009779708716839
208114,0.0037130675300584047
208115,0.0006593587147293796
208116,0.002767063160787798
208117,0.0006550433031378694
208118,0.0006520937237500564
208119,0.0011622639889848812
208120,0.00610158298282389
208121,0.004045111373323324
208122,0.001885159553428392
208123,0.0009827856313645968
208124,0.0014169328003249349
208125,0.0006017475712009395
208126,0.0009730969204939933
208127,0.000786237880860594
208128,0.0032086406285685345
208129,0.010265046576635387
208130,0.004890834010771261
208131,0.001106463670382027
208132,0.0009693459596020848
208133,0.0004558464108053409
208134,0.004655292757978423
208135,0.000505946479948934
208136,0.003641824284203997
208137,0.003912205468234445
208138,0.001076390425537858
208139,0.0007809251909397639
208140,0.00169345723756398
208141,0.0007843000683707036
208142,0.0016326830821451386
208143,0.04056138460533054
208144,0.0006895646548736689
208145,0.003777024354256751
208146,0.0008274922608588757
208147,0.0004000752103896805
208148,0.0008336917489008173
208149,0.0008393204203436423
208150,0.000553231267044558
208151,0.004313043502985324
208152,0.031009608825303993
208153,0.9969775190681838
208154,0.0010024858032241111
208155,0.0006161672463396425
208156,0.0007747196623565422
208157,0.0005482086386966374
208158,0.001648786003789033
208159,0.0007472467142557837
208160,0.0007644301585046592
208161,0.0011814854994642893
208162,0.02884103162477842
208163,0.0019287133065589352
208164,0.004399626081179435
208165,0.000987347813701621
208166,0.000939303608326849
208167,0.0028853644024560143
208168,0.003794840610353076
208169,0.002819871053451297
208170,0.0011329691669412
208171,0.0006436487533746843
208172,0.0036426001947460576
208173,0.0005804516441989096
208174,0.0005756307096516527
208175,0.002587019060232985
208176,0.0007710145667476692
208177,0.0006939577297298891
208178,0.004122909065972665
208179,0.0010314512144981548
208180,0.0007253359857140541
208181,0.0013615595571373166
208182,0.0019743572494552216
208183,0.0007658047400539785
208184,0.0007625807320850949
208185,0.0007309493750537023
208186,0.0065596500388444955
208187,0.001490609946225826
208188,0.0007663998109149476
208189,0.9982127685088096
208190,0.004972543105861495
208191,0.0005933010050163673
208192,0.0030368110324735104
208193,0.0004906803340567073
208194,0.010971511611964455
208195,0.001094445681987919
208196,0.001479572528187581
208197,0.0006612756795724234
208198,0.0028436121299476626
208199,0.0018891189119073074
208200,0.00044918161670947715
208201,0.0005322275496155359
208202,0.0007935021805042222
208203,0.0009717579332720952
208204,0.0006229939399512475
208205,0.001073242991963855
208206,0.0021033534941448965
208207,0.0005844504033035394
208208,0.0010114544416916888
208209,0.0010167296306406305
208210,0.0005192323040669133
208211,0.0004937145895609639
208212,0.013875889461851273
208213,0.005370252036395708
208214,0.0020633967500927304
208215,0.0009686556991286665
208216,0.0026793356309469185
208217,0.0004824101445254187
208218,0.001024801536355549
208219,0.0031349316023157915
208220,0.0024651302673301184
208221,0.0004507095713249778
208222,0.0005259617505491059
208223,0.0015007017646671366
208224,0.0006237542367655331
208225,0.0008608294736295556
208226,0.0005215435617221097
208227,0.0011373727659125111
208228,0.004038865688535982
208229,0.0011989597818463284
208230,0.0005548558488394718
208231,0.007332721127595159
208232,0.0005798072842554652
208233,0.0011424822109061764
208234,0.003063545360763491
208235,0.00043641827188720334
208236,0.0027249050533175107
208237,0.0005574132259051881
208238,0.0008477774016925226
208239,0.0019728688167684454
208240,0.0006242031533401744
208241,0.0014663156552259253
208242,0.0005634251200389523
208243,0.0027227626425347464
208244,0.0007470686132655779
208245,0.0005206498466223663
208246,0.0018435497033687524
208247,0.00632700227899009
208248,0.0011168877289906211
208249,0.0007075147545681877
208250,0.0004217079597174128
208251,0.0007582828225731992
208252,0.0006210612235863041
208253,0.0010446559637987975
208254,0.006232521067567481
208255,0.0021513815589054076
208256,0.0009802598478058104
208257,0.0010893927684533216
208258,0.0008383553460363069
208259,0.001035869298413165
208260,0.0005892600052511676
208261,0.0010390776324708242
208262,0.0012384265501947515
208263,0.0008989122969282492
208264,0.0008714067921089834
208265,0.0014457829356679334
208266,0.0005507744885796841
208267,0.0006931333203452437
208268,0.002586049167849127
208269,0.0019668455533809093
208270,0.004439977735597534
208271,0.0013064557065062578
208272,0.0007465974585487056
208273,0.003943648119244824
208274,0.0005834640261807055
208275,0.0006546887716626364
208276,0.0007935961753731302
208277,0.0008401897796487934
208278,0.0007903418003872725
208279,0.00046827085677275334
208280,0.001041641557147905
208281,0.0006495077631331588
208282,0.0011588503100563854
208283,0.0011172647346726406
208284,0.0008575394763331806
208285,0.001006701642416747
208286,0.0009019274465421895
208287,0.0036982346112592332
208288,0.0008782526181309163
208289,0.0029536252053617906
208290,0.008507282914134901
208291,0.0010560176724088383
208292,0.0011987520119569864
208293,0.0008547276452506786
208294,0.0006370783329094971
208295,0.0007423116331572673
208296,0.0006711330971110693
208297,0.0005744442069344338
208298,0.0032090265038640232
208299,0.9940690151046403
208300,0.001962780303530253
208301,0.00046537224823073976
208302,0.0015641418343535444
208303,0.005612551848707398
208304,0.0005120230483150586
208305,0.0006760955807054003
208306,0.0006254380157002734
208307,0.003495063298267486
208308,0.005955886198328951
208309,0.0007286991321568566
208310,0.011509759841504624
208311,0.00047413052845928514
208312,0.0005135903069234834
208313,0.0009567682966323252
208314,0.004577000335524488
208315,0.0012624099109705667
208316,0.0007402061027200677
208317,0.007980856009266783
208318,0.0005959938527122003
208319,0.0008540287714186446
208320,0.0008032977657538381
208321,0.015774809535722793
208322,0.005391657281127331
208323,0.0006289155635920545
208324,0.00045542913310221933
208325,0.0003121362617881355
208326,0.0007363427355767673
208327,0.0008656260121641056
208328,0.004048089400771177
208329,0.0006911783921638734
208330,0.00199795125187129
208331,0.2020362901766668
208332,0.0009094524584969042
208333,0.9926152121455166
208334,0.00047385445497515424
208335,0.0005725932737981422
208336,0.0007491409174293256
208337,0.0011569447256577605
208338,0.0007630850544487644
208339,0.0012900726925078707
208340,0.0008329431614326594
208341,0.001592633364712076
208342,0.001219148676540795
208343,0.0033127869652548685
208344,0.0019129211101684052
208345,0.0006089110183385753
208346,0.0009619440454312174
208347,0.002882640952101721
208348,0.0005035758097710822
208349,0.0053508631549686655
208350,0.004963541344950537
208351,0.0014091061445619124
208352,0.020410039630692267
208353,0.0043272267413995615
208354,0.0023862636143759785
208355,0.0005396075167780663
208356,0.0004980842055852549
208357,0.0038967884970160715
208358,0.0009735326746689646
208359,0.0013457607561520508
208360,0.006099637116740264
208361,0.007066938434393115
208362,0.0011930787730857406
208363,0.0006657060494032827
208364,0.0005875305433201853
208365,0.0015993716294296183
208366,0.004859107621719785
208367,0.0012257461421862786
208368,0.0006493628573723908
208369,0.0006684259266053958
208370,0.0006672203865782061
208371,0.0036940688754341397
208372,0.0021664513668238866
208373,0.0018871742385704019
208374,0.0006836938459474976
208375,0.0006229624010187975
208376,0.006839519687676005
208377,0.0006548342580301802
208378,0.0005793246178931663
208379,0.002729158229595504
208380,0.0009357465156238444
208381,0.0006952220552674914
208382,0.047234935477232926
208383,0.0007920371534785994
208384,0.007343539516404647
208385,0.0003589475195231441
208386,0.010632202053593864
208387,0.00043384669598062604
208388,0.0004113410310901054
208389,0.005844210066213346
208390,0.0015028842764603944
208391,0.003788320690520754
208392,0.0031460700529264006
208393,0.0027531726692575013
208394,0.0018637028072082586
208395,0.0009512167447097939
208396,0.001657493393821556
208397,0.0006187847356521564
208398,0.0008643751710819743
208399,0.0014867266912039477
208400,0.0017281624190249951
208401,0.0008525270653104899
208402,0.0008530885479457215
208403,0.0021766975528302607
208404,0.0005425483338692785
208405,0.00043317654995358204
208406,0.0020716676368419634
208407,0.003678212507456413
208408,0.0004806482157602293
208409,0.010553026398603782
208410,0.0010858062384712021
208411,0.0008111444395278431
208412,0.0027189571575000067
208413,0.0005982447470255687
208414,0.0012829340426530928
208415,0.000861351601440243
208416,0.0006474210769246415
208417,0.0007154522137106928
208418,0.000571679037393604
208419,0.0013186580852690326
208420,0.005298032634221026
208421,0.20042302622675792
208422,0.0006540177370783086
208423,0.014947116555703988
208424,0.0019591869376658646
208425,0.003138429775892673
208426,0.0007174037622744631
208427,0.9929561116040463
208428,0.025861393908294564
208429,0.012483018863166278
208430,0.0005395867396544441
208431,0.0006819344706249085
208432,0.0014703470978762096
208433,0.002519981014424718
208434,0.0019311127059207186
208435,0.00048263819255132154
208436,0.00076342577199026
208437,0.011196520008431153
208438,0.0034889980442633904
208439,0.002507505377253908
208440,0.0013330932295179806
208441,0.050215240750338036
208442,0.0004703821442290807
208443,0.0005400665831684877
208444,0.0025127454770013016
208445,0.0017305536175489108
208446,0.000773914928877163
208447,0.002111010130367409
208448,0.0005323338160688895
208449,0.0005476098354042291
208450,0.0013193326649527438
208451,0.0007329985967829678
208452,0.0005638799875242489
208453,0.0014025265874536906
208454,0.0014839292745132604
208455,0.001096255265915092
208456,0.008212026717087244
208457,0.0036398557172332676
208458,0.001243421566601797
208459,0.004366703194161023
208460,0.007357320495835287
208461,0.0005576834621581466
208462,0.0007179639247792696
208463,0.0006568508092384617
208464,0.006891417002629487
208465,0.000871960738592906
208466,0.005333525294796216
208467,0.008886009508653186
208468,0.005460289739448046
208469,0.0032074929471672016
208470,0.0020311883195541945
208471,0.00041842982991848653
208472,0.0005496156676754418
208473,0.0026847526157235875
208474,0.001044312002451673
208475,0.014220272520660132
208476,0.02509548480317394
208477,0.001384709475969113
208478,0.003185363876132871
208479,0.0007023657510786879
208480,0.0021996605391464198
208481,0.0010660375982484414
208482,0.0005143048686412305
208483,0.006187017873248727
208484,0.00063974104956937
208485,0.000953225218877021
208486,0.006819803900524901
208487,0.0009967722513920096
208488,0.0005713557685629041
208489,0.0008294941653129617
208490,0.014111744353453456
208491,0.000720192315641533
208492,0.0011571732727701655
208493,0.0007347132636834643
208494,0.000739220653861285
208495,0.0004804201775546099
208496,0.0024069876602326604
208497,0.0007231113013124546
208498,0.0012192142423032154
208499,0.000577975337217975
208500,0.000585184018420072
208501,0.9895038192087764
208502,0.010020926595636814
208503,0.0004956887493937478
208504,0.00045716567773739706
208505,0.004303703122970233
208506,0.0009305050704660985
208507,0.0011125605730106054
208508,0.0005852937922372615
208509,0.0010743808250617756
208510,0.0006788613337196332
208511,0.0013726872484557554
208512,0.0010736691666486456
208513,0.00036857637231336803
208514,0.0005705743737610134
208515,0.00632870951043975
208516,0.0012187312278918317
208517,0.001381087339677786
208518,0.0007800904944289296
208519,0.0035279280467707718
208520,0.007594468423469317
208521,0.0007186821135483981
208522,0.0016300887901779305
208523,0.0006620302810286945
208524,0.0005889920264432393
208525,0.006374879335577691
208526,0.0006931596462451033
208527,0.001747065198426824
208528,0.004647298040520249
208529,0.0004192571837763068
208530,0.0037123842367545274
208531,0.001157900442943165
208532,0.0014035457698042238
208533,0.0022373716824451487
208534,0.0024418037498712126
208535,0.0009029989893902656
208536,0.002887475526966047
208537,0.00137979180235467
208538,0.0006167302546397974
208539,0.002401788229607464
208540,0.0010546074024180097
208541,0.0017510236718465055
208542,0.0007816511547589814
208543,0.001787601176614649
208544,0.0005081946984444393
208545,0.0010067395616344776
208546,0.0004895590777918447
208547,0.0004619540344103192
208548,0.01736227044374985
208549,0.0005936563893604099
208550,0.0008674163893928242
208551,0.002679932236002809
208552,0.0009709732646418679
208553,0.0005170035318935102
208554,0.008947810278730471
208555,0.9933503752881468
208556,0.002097607744245892
208557,0.002032050048446157
208558,0.00047740497804548766
208559,0.0006677710278247785
208560,0.0005405906647501459
208561,0.001620263834092727
208562,0.001025524733056057
208563,0.011332137638019716
208564,0.001910534295428856
208565,0.0031447131159676282
208566,0.003699087205134322
208567,0.002281197169284083
208568,0.00044366359481266804
208569,0.006860774675943698
208570,0.004113587515759348
208571,0.0019200658540457585
208572,0.0008467950595410635
208573,0.0008438643049406306
208574,0.9959345289422794
208575,0.0008138478161254104
208576,0.0007378203737674548
208577,0.000688698448095585
208578,0.0012603886297218253
208579,0.0005916564915377519
208580,0.003684270749296055
208581,0.0006916938066906894
208582,0.002159031086517385
208583,0.014213810720139306
208584,0.0011181798481527492
208585,0.0008164667931127967
208586,0.002378470865992964
208587,0.00045831487898314243
208588,0.0007369433927009678
208589,0.0006814649716506733
208590,0.000790742010920857
208591,0.0009774594846471063
208592,0.005390682088217516
208593,0.006282279895649367
208594,0.01896080839221563
208595,0.0005323991991830778
208596,0.025516582141046643
208597,0.0010133039405995448
208598,0.0014891684794080806
208599,0.2878115421550174
208600,0.0012181468625219844
208601,0.0032649601951508828
208602,0.0007367501384430688
208603,0.012070331324693031
208604,0.004266545614490288
208605,0.0005760403304680883
208606,0.0013956851168936727
208607,0.0005692170867043506
208608,0.026089420817254003
208609,0.0013320017707713718
208610,0.022353505997392806
208611,0.000508176761500042
208612,0.0005914342750381579
208613,0.0021099587657739585
208614,0.0006188294534022728
208615,0.00046410456534356825
208616,0.0007369975022592644
208617,0.000896863640920796
208618,0.0020628622354935734
208619,0.0007526483757771076
208620,0.0007942037369705848
208621,0.0011582074599274833
208622,0.00127361774707065
208623,0.0005924684575602878
208624,0.0009353111288908194
208625,0.0019149335662163476
208626,0.0024997773960112445
208627,0.0008390126668413189
208628,0.0007708398927237306
208629,0.0015976705511442273
208630,0.0015362649683084385
208631,0.0004936321453825523
208632,0.0013242843103783064
208633,0.006897735305958546
208634,0.03253483027902862
208635,0.0007497633716589608
208636,0.000933308661987048
208637,0.000548469919004312
208638,0.015138076888974773
208639,0.0005401974045082468
208640,0.0006757987882837452
208641,0.004074672305082656
208642,0.001511183816065915
208643,0.0012513352045318911
208644,0.007458719487596655
208645,0.0009278251540200292
208646,0.01540076529069806
208647,0.000642844415304349
208648,0.0004992491962966359
208649,0.0014533012544975124
208650,0.0007830582316026238
208651,0.012215663873110478
208652,0.001022459828704603
208653,0.0016272526418349997
208654,0.0007806062249726288
208655,0.0015550165249748951
208656,0.0028714996448974722
208657,0.0006674119386552307
208658,0.0014999817689353937
208659,0.0030431415003149926
208660,0.0012914733536747499
208661,0.005242180125489039
208662,0.0007352519476079816
208663,0.0022246587761843685
208664,0.0008114976954067373
208665,0.0006745665167278499
208666,0.003180759635754789
208667,0.0028600091163607753
208668,0.0010394143718581738
208669,0.0009821644734693518
208670,0.0007331003039294883
208671,0.0006009022653991976
208672,0.009263969003686569
208673,0.0007874050022864845
208674,0.003538498270939854
208675,0.0031684214061132926
208676,0.013344968697888917
208677,0.0014064911419325807
208678,0.0005260033045017556
208679,0.000743608898982603
208680,0.003264441809923033
208681,0.0009220799030310318
208682,0.0008312605714314688
208683,0.00048500869876283274
208684,0.0014177740991914594
208685,0.0007594179301962756
208686,0.0007236236676650962
208687,0.0006677688501728332
208688,0.0008611936305554339
208689,0.0006511285519528303
208690,0.0014622443651457436
208691,0.0016366455259432286
208692,0.0006089362214445418
208693,0.0005240505547679627
208694,0.20068007531987764
208695,0.002394772371873853
208696,0.0012467368889103434
208697,0.011575530098577166
208698,0.0023923102150426286
208699,0.0006319120634133655
208700,0.019026637524214216
208701,0.0007386188100317571
208702,0.0005426517541073639
208703,0.0010251827703792796
208704,0.002710659579265678
208705,0.0007886135730793982
208706,0.0005325414421574103
208707,0.00252116208890558
208708,0.003767689066444558
208709,0.0006027126425685646
208710,0.0006439729225146682
208711,0.0003930456149792708
208712,0.0006536839790160588
208713,0.0400656613362923
208714,0.0009640166007817318
208715,0.0005165358924529035
208716,0.0006394400522129692
208717,0.004886530162798539
208718,0.11900655532693959
208719,0.006845803513675811
208720,0.0018462566660090256
208721,0.007917232912138427
208722,0.007352643373371008
208723,0.0005516102658357524
208724,0.0021077980546796815
208725,0.0008343200823377308
208726,0.0005448155345432461
208727,0.0005386312872606331
208728,0.0005977246911623974
208729,0.0008732075298457259
208730,0.001310667666982766
208731,0.0009554944928065307
208732,0.0009902928334968662
208733,0.000436001678894113
208734,0.9831827298740994
208735,0.014658894861832507
208736,0.0007635727622796193
208737,0.0008166555639470313
208738,0.001568615705866744
208739,0.0007279916555945299
208740,0.000737531950737914
208741,0.0007522557156478208
208742,0.0004969174111584691
208743,0.0017821838164966057
208744,0.003924127747989358
208745,0.0009537770109197287
208746,0.0007257569671100744
208747,0.0014606710291447693
208748,0.0004331483688273149
208749,0.0007564289349105352
208750,0.000992051523631687
208751,0.0010413936769477997
208752,0.0007722001975135472
208753,0.0007265833977237033
208754,0.0033673274601404945
208755,0.0007381173279347574
208756,0.000879549014407124
208757,0.000522453344351261
208758,0.00927002107439948
208759,0.014444350258858504
208760,0.0005605784052840572
208761,0.0006361610246236308
208762,0.013705120765185121
208763,0.0007549731663825626
208764,0.0004701878820547627
208765,0.0009294714122166847
208766,0.0012499509747766796
208767,0.001043874538211351
208768,0.011196291194467288
208769,0.0007015993161113927
208770,0.003047480455593286
208771,0.0006673921291897597
208772,0.022875491179448114
208773,0.0007144744963614735
208774,0.00668294565663044
208775,0.004434046714336266
208776,0.0015734523898291402
208777,0.0013861100823202043
208778,0.001650241649417842
208779,0.0010042926353010845
208780,0.000535256395296359
208781,0.0023627441938957926
208782,0.0015411847170103462
208783,0.0003524216439780616
208784,0.0014718469166623434
208785,0.0007416594146127432
208786,0.0006944524865006501
208787,0.0004886027279174593
208788,0.0067309028617024425
208789,0.01798312503663399
208790,0.00047648564980933765
208791,0.0015846844052318993
208792,0.002684036241343555
208793,0.0007468395280989628
208794,0.000677576507115695
208795,0.0007022496127296446
208796,0.040497781857849136
208797,0.0038800189388477156
208798,0.00042116450716434624
208799,0.00042201409878802866
208800,0.0008104920550469351
208801,0.003136061866127831
208802,0.004795677357816882
208803,0.0005444722277160441
208804,0.0009691505351691253
208805,0.0016470620229188208
208806,0.009049985966197016
208807,0.09121894728369956
208808,0.0006656573476417273
208809,0.0006109438144366792
208810,0.0008551897682492519
208811,0.0010967035393848101
208812,0.0007678629727546352
208813,0.0005916270768272384
208814,0.00257689195799895
208815,0.0009047443712595672
208816,0.0008322035988517999
208817,0.0008931097435002874
208818,0.008929304827819281
208819,0.004809936236087518
208820,0.0007177731659849579
208821,0.0013696916127818874
208822,0.0008187610707033299
208823,0.0004167288020528311
208824,0.0006096204052139957
208825,0.00137045357503862
208826,0.0006864155299647886
208827,0.004253760510684108
208828,0.0009545875736075549
208829,0.0014895073802178973
208830,0.0016631602816011691
208831,0.0010234995950997236
208832,0.004186605165562166
208833,0.0005153383742919663
208834,0.0019321097366969927
208835,0.0005102234602027071
208836,0.001654730057882451
208837,0.0005623388057858942
208838,0.001379651070483919
208839,0.0011422659361423528
208840,0.000730080764876387
208841,0.004528566395256717
208842,0.0007245471454408539
208843,0.0005924506333667059
208844,0.0006518813177657627
208845,0.0004392451308934525
208846,0.002275615884164383
208847,0.0025333093110875937
208848,0.001078864125547532
208849,0.0007365817305998151
208850,0.0006499118498309555
208851,0.00040198266752399637
208852,0.001468693457736072
208853,0.002118684202864011
208854,0.08537688356046695
208855,0.0008288217109811843
208856,0.01005581173131228
208857,0.0007078992398530139
208858,0.0033877490604155157
208859,0.05649844897820862
208860,0.0007456348941375009
208861,0.000551552971249907
208862,0.0032315253239520586
208863,0.0030441810608137524
208864,0.000537439241312602
208865,0.004932022612875734
208866,0.0007496642730012862
208867,0.0011627663661139794
208868,0.002186249953644216
208869,0.001656428093426533
208870,0.0006993327903690472
208871,0.0014314888870423266
208872,0.0014052223174089488
208873,0.0037692475098142896
208874,0.0013500331243490927
208875,0.0012077904039378073
208876,0.006082073151418878
208877,0.0015498342027168808
208878,0.0020149664122023235
208879,0.0019328212942133884
208880,0.0034418468378623153
208881,0.000703227294230003
208882,0.0017806582450908015
208883,0.0010195068416259095
208884,0.0006465644387295835
208885,0.005225893484641113
208886,0.00037214158234160277
208887,0.0009767159570725332
208888,0.000893244421021964
208889,0.0013934441724878935
208890,0.024477644011351298
208891,0.0006342911476252651
208892,0.0013148129421813991
208893,0.0006086491125554188
208894,0.0008843839563614228
208895,0.0004713341046371996
208896,0.0027210128611822927
208897,0.011612425304510347
208898,0.0012728834137066582
208899,0.00042918161172387614
208900,0.0047801277221300705
208901,0.0017549212764830392
208902,0.0015222222565487848
208903,0.0008600574795461799
208904,0.0005241112349091162
208905,0.0015707057774896809
208906,0.0005800328303575907
208907,0.019795960021594713
208908,0.001972920607185374
208909,0.0006081392241694878
208910,0.0008348734523916264
208911,0.03586374161641184
208912,0.022790950764367768
208913,0.0005526350137918223
208914,0.0013209138348324514
208915,0.005397121761311112
208916,0.0008455808606880563
208917,0.0051927995919073605
208918,0.00042121543249215695
208919,0.00465403122233233
208920,0.0006462397688129578
208921,0.0012682393153640912
208922,0.0022181416527759052
208923,0.0020229398863064662
208924,0.0006858665868835266
208925,0.0008273242679140425
208926,0.0030574482427925733
208927,0.0008286854663124047
208928,0.00060465266878543
208929,0.00041975289409839153
208930,0.002503897915241219
208931,0.006888348258316555
208932,0.0004849639703279932
208933,0.0008965034227591239
208934,0.004697657171192384
208935,0.0005828264380992335
208936,0.0012086758018504794
208937,0.005130467046989419
208938,0.0008275596442538211
208939,0.0006792295665332558
208940,0.0013935654053801748
208941,0.0006419158303179459
208942,0.006880668923957564
208943,0.0005445962876560551
208944,0.0009362925304877855
208945,0.003294483175725391
208946,0.07030504574667845
208947,0.0007546269497153609
208948,0.0007910338885422824
208949,0.0006951354599212915
208950,0.003032566294820268
208951,0.0006205169851120867
208952,0.01373340591402382
208953,0.0015340628001268913
208954,0.0005597565262752367
208955,0.0010938860702317185
208956,0.024303206279587423
208957,0.01658067981193824
208958,0.018368766352979918
208959,0.0007816465563926613
208960,0.0006995310581074653
208961,0.005651446854891269
208962,0.0005015513823510755
208963,0.0006762054651470865
208964,0.0005828535119510275
208965,0.0018401453243759303
208966,0.007336327480662331
208967,0.0005834237970384706
208968,0.0014411063872311158
208969,0.005306527927265459
208970,0.0004704095124576485
208971,0.0005292332073845307
208972,0.0003469968648191511
208973,0.00066688000736711
208974,0.0009133364627785368
208975,0.0006322850517264427
208976,0.012193088232205995
208977,0.02278932179246731
208978,0.0020680940741589103
208979,0.0015493752352760612
208980,0.0008284006261472259
208981,0.0011794651372992217
208982,0.0007270423495850005
208983,0.0005566188243047379
208984,0.010566052055115715
208985,0.0005849172296674449
208986,0.0007974750424757731
208987,0.3813280304902805
208988,0.007156917763000258
208989,0.000536831246402134
208990,0.0016305868525345064
208991,0.0010812675392949441
208992,0.0028541385790690956
208993,0.0006845018598307117
208994,0.0005864580145303199
208995,0.0005211430795588462
208996,0.0023071675531357236
208997,0.001065273625912377
208998,0.0004886723955537242
208999,0.0007747506790929521
209000,0.00073186205934745
209001,0.07229710929197258
209002,0.014948920024278486
209003,0.0006692294288505201
209004,0.0010226198568485823
209005,0.0006809092902322162
209006,0.0011224490420168583
209007,0.00042217484148157
209008,0.000908055438095121
209009,0.0064363614878158
209010,0.0007819302692122594
209011,0.0006065775586881163
209012,0.0011614526610948849
209013,0.0007647004059262158
209014,0.0005007144237559916
209015,0.000565742608021738
209016,0.0015737844441503055
209017,0.0007046423702638303
209018,0.0013651205021451107
209019,0.0011981361369336134
209020,0.003720025421461087
209021,0.0007466847561813499
209022,0.003902137383290455
209023,0.0077549224522367646
209024,0.0006075718681510277
209025,0.0003110326025085588
209026,0.20056760708817503
209027,0.0020313320647143583
209028,0.0005388212550368858
209029,0.007353423685555112
209030,0.0007097987739060793
209031,0.0006422093725483764
209032,0.0006417059600145982
209033,0.0006566318273188463
209034,0.9930320557685083
209035,0.0005694983301634119
209036,0.00098662628500108
209037,0.0017594769983044645
209038,0.0006502907031177296
209039,0.018062451636786072
209040,0.0008050745208869277
209041,0.0005218423980383889
209042,0.0026866215142788774
209043,0.0004712992595173901
209044,0.0005677794664318716
209045,0.002201077298445479
209046,0.00199389400263449
209047,0.004552951803486657
209048,0.0023068648127917485
209049,0.004059568437026208
209050,0.0028459214755841254
209051,0.0007725374826484434
209052,0.0009814905051443237
209053,0.0011758335676039073
209054,0.0009902914697498353
209055,0.0006249793310740525
209056,0.01880444039491805
209057,0.0014593873292151765
209058,0.0006132401861254028
209059,0.001136642304242129
209060,0.0006195044985813624
209061,0.003552796301637748
209062,0.04226384192532529
209063,0.049815745254886
209064,0.02569471153906498
209065,0.0015821706185106387
209066,0.006000235056554096
209067,0.0008325547675744848
209068,0.0009181792777089918
209069,0.0015387285671795104
209070,0.0005975410094531637
209071,0.04724683795696229
209072,0.000945196319076324
209073,0.0016290371826718562
209074,0.0005598771250316821
209075,0.0013317221810703024
209076,0.0018993676611973255
209077,0.0007322154021878026
209078,0.015691346411528966
209079,0.003976631845008502
209080,0.001580977301338501
209081,0.0005258295465603367
209082,0.004936187869701335
209083,0.993230920091809
209084,0.0006106439649458007
209085,0.0009061074541448571
209086,0.001221349426547879
209087,0.0004840364038950235
209088,0.0010855438985928022
209089,0.0008623377065830036
209090,0.001609075809116749
209091,0.008736681866769262
209092,0.01033017137225005
209093,0.029023987238006962
209094,0.014556807299837079
209095,0.003273302224253633
209096,0.0011551769985621951
209097,0.00047146773063666607
209098,0.00892797355613945
209099,0.0017375137793037261
209100,0.002750647599634091
209101,0.001654282858220505
209102,0.0006495215812628672
209103,0.0014528811839890706
209104,0.0007862242005272715
209105,0.0005628896201634708
209106,0.0019790220281244277
209107,0.016695042078445577
209108,0.0018988246016900206
209109,0.0025802005432518185
209110,0.0007650584208193544
209111,0.01853020242055365
209112,0.0009234847757413319
209113,0.002840044366839013
209114,0.0009122252829928182
209115,0.0006715995047922941
209116,0.010016467258940197
209117,0.9937497139983439
209118,0.0010092041712645148
209119,0.004486945411763562
209120,0.002254712558738752
209121,0.001509781063166932
209122,0.0010312896177599256
209123,0.007117481682115704
209124,0.0007169053422123931
209125,0.0004559127425379487
209126,0.0005211049178865285
209127,0.007394558721199514
209128,0.0007325207624348561
209129,0.0005798416719647863
209130,0.00034594114350928356
209131,0.0033728814215044744
209132,0.0004972697833158165
209133,0.0006027678793798065
209134,0.0011023995674072369
209135,0.004157404265500485
209136,0.0014930449199656594
209137,0.0018100784444863016
209138,0.0009182700605807246
209139,0.0008315679833863106
209140,0.00046750096545433576
209141,0.008898295457519557
209142,0.000739763875182089
209143,0.0035084723051346436
209144,0.0012587204354977824
209145,0.000841980221908533
209146,0.0013961726867389205
209147,0.0010900229193443781
209148,0.00039615677419875095
209149,0.000787885344766112
209150,0.00038263062819931924
209151,0.0005967238190274857
209152,0.0015095480804798226
209153,0.0007701777772390971
209154,0.006214477816319795
209155,0.0006818016443846818
209156,0.006349515161609556
209157,0.0005888409515673106
209158,0.003769677965686084
209159,0.0009174983402265279
209160,0.0007121817235007698
209161,0.06737814597948208
209162,0.0006707125604756591
209163,0.00043600674815841924
209164,0.0004267537578943363
209165,0.001762474478237245
209166,0.0007649899280510788
209167,0.0005519388614711694
209168,0.00118498515944765
209169,0.0006547392184639199
209170,0.00302315445792806
209171,0.001029187305334777
209172,0.0006533173910040312
209173,0.006969333235684289
209174,0.0029684153110009987
209175,0.0010176009004219078
209176,0.0008557024860300688
209177,0.0007206124606225745
209178,0.001814352252021598
209179,0.0005055771606075747
209180,0.000460811215460232
209181,0.0012483095127353333
209182,0.0006832533528335973
209183,0.00946580719925787
209184,0.0005773706362342125
209185,0.0006418470936941149
209186,0.004204149911487789
209187,0.0014084189455895687
209188,0.0009658693656299729
209189,0.0039971286791802615
209190,0.0004507677859100444
209191,0.00096571866498466
209192,0.0010344900961833713
209193,0.0039863502183776905
209194,0.0006961799462925716
209195,0.0004581684662851275
209196,0.0013290683135769948
209197,0.0015721114674246601
209198,0.0030387161402879014
209199,0.009003597175576398
209200,0.001066035814870847
209201,0.0010018297978104797
209202,0.001757308755853051
209203,0.0005094514522378895
209204,0.0005065976186817551
209205,0.002291650288627724
209206,0.0007977696383211781
209207,0.001413408939588172
209208,0.001381990633057873
209209,0.007390974494059682
209210,0.000804657640724204
209211,0.0011799365207946259
209212,0.005514793199120094
209213,0.0005745675316347771
209214,0.0009155025492161158
209215,0.0008674781551227336
209216,0.0007364046883108991
209217,0.0011987360919594368
209218,0.010389304823901564
209219,0.0008652724081838455
209220,0.002263335721771573
209221,0.002729755314980855
209222,0.0005940713368741703
209223,0.0013167555826316167
209224,0.0009222262365624987
209225,0.0004484452846916996
209226,0.005377450717521959
209227,0.0004284275796210328
209228,0.0005755323645915114
209229,0.20083970936276074
209230,0.0028884972525996836
209231,0.003262255230377561
209232,0.0012221356250567907
209233,0.0007757253943606538
209234,0.002089947284191317
209235,0.0025080410404283836
209236,0.0009083660712472577
209237,0.005744579291830209
209238,0.0009472037391272105
209239,0.9909530707127825
209240,0.007705941340926935
209241,0.004987581840069894
209242,0.0016668545677466515
209243,0.20107324132055251
209244,0.0008277866076797666
209245,0.000612787039498907
209246,0.0019302385754371002
209247,0.0006125092253910788
209248,0.0023276906136811834
209249,0.007922631230662808
209250,0.0005359212271698755
209251,0.0009286994718393177
209252,0.0008764713425053658
209253,0.003490928744292706
209254,0.0006590449964459838
209255,0.0008002561138338073
209256,0.0012351140753421204
209257,0.030630892540274804
209258,0.002758922205718493
209259,0.0006649737870953346
209260,0.0012644150474638521
209261,0.0009613836703477457
209262,0.9947595812855189
209263,0.0006121326783215472
209264,0.0036623400234763893
209265,0.000510903573891393
209266,0.0007437748435515663
209267,0.0005471624618427599
209268,0.0007470178897086982
209269,0.0009151188096808154
209270,0.0007678196992515319
209271,0.0005141332136426606
209272,0.001005593160964917
209273,0.0010345119003164636
209274,0.0009597246386483936
209275,0.002507193746595698
209276,0.0005778023865408903
209277,0.0010526795023915287
209278,0.0006142057581749081
209279,0.0010395612875676841
209280,0.000978377586421178
209281,0.0013085719313148986
209282,0.0009308438698916213
209283,0.0037255683889163994
209284,0.0024431198274867216
209285,0.0007275463255079643
209286,0.0005150564558960818
209287,0.009882854205611039
209288,0.0009439053471265238
209289,0.001976867944925193
209290,0.0003765923523684741
209291,0.002193735205797337
209292,0.0005324855573111441
209293,0.0004913063055549556
209294,0.0007331879587847763
209295,0.0018484293854696143
209296,0.0014093294154839781
209297,0.0005070775463855489
209298,0.014477989216173267
209299,0.0005750553456422594
209300,0.0005473538861489222
209301,0.0028896879374711477
209302,0.009879522736642606
209303,0.0007955062467643926
209304,0.0005265352638154364
209305,0.0019346279281588009
209306,0.0038820412822372836
209307,0.008415138463302364
209308,0.008632769288417417
209309,0.001132669285171917
209310,0.0006920400996887988
209311,0.0005876465593002797
209312,0.0007779556731398159
209313,0.0006644596286227069
209314,0.0006100061295832038
209315,0.012005980598500006
209316,0.0007009660408619888
209317,0.0022762108567277793
209318,0.0004898575751437044
209319,0.0006284131715875631
209320,0.0005851528129336778
209321,0.0007165124007845161
209322,0.0033138967090046417
209323,0.0013323229064179458
209324,0.003564309323764245
209325,0.0007556225860198572
209326,0.0009838521617110763
209327,0.0003308168617291462
209328,0.0017888307975546657
209329,0.9949309529758986
209330,0.0005789145383372757
209331,0.0021733233315365803
209332,0.0005024482742386542
209333,0.00653304131414016
209334,0.00037061921689206077
209335,0.0013206951979500407
209336,0.0006125131066496314
209337,0.0005872507542342512
209338,0.001033641663301743
209339,0.0032939485986161043
209340,0.0005447543988731196
209341,0.0038437400092530896
209342,0.0006148297300523775
209343,0.0015446251625450117
209344,0.0004842789163135163
209345,0.0006515370092042277
209346,0.0014227389130692044
209347,0.0007170143714260016
209348,0.0007407485366974883
209349,0.0010822897563355482
209350,0.0008785761870056339
209351,0.00558438879393829
209352,0.001510487867733222
209353,0.0005882119457585435
209354,0.0008785035063592814
209355,0.0006466928667147034
209356,0.0005287752136324043
209357,0.0006065472636267391
209358,0.004369153960918128
209359,0.0027060596951702385
209360,0.006943330059334051
209361,0.001489662319320803
209362,0.0009635678852900481
209363,0.000705453216946587
209364,0.0014107330938885555
209365,0.02665727319865094
209366,0.00037033536623450183
209367,0.0005508571809743504
209368,0.0007116775969834468
209369,0.000483038745340918
209370,0.00815751707748372
209371,0.001992832510289059
209372,0.0062640368240531544
209373,0.01743269641129297
209374,0.001557998458289077
209375,0.0005994725820636401
209376,0.02139500128867003
209377,0.000965224008334349
209378,0.013403044972301388
209379,0.0008604118620581505
209380,0.010534343897663563
209381,0.0014794181248904022
209382,0.00045064262279758863
209383,0.0005109009087578993
209384,0.0006404194655070222
209385,0.0007023485989906838
209386,0.0008115822945384917
209387,0.01696418613748264
209388,0.003302816806125262
209389,0.0007086307402833701
209390,0.0007294772967588576
209391,0.0017947696492874481
209392,0.0013109977647888643
209393,0.0018128742837759432
209394,0.0007602514878918111
209395,0.0007614228606938668
209396,0.0004979965905577535
209397,0.00047099931105700014
209398,0.0023416585928970664
209399,0.0010793696001431877
209400,0.029161026542371765
209401,0.0005802767833161641
209402,0.0006946135975966699
209403,0.0009322928178433576
209404,0.0005444941241348188
209405,0.0006641933672453908
209406,0.003300526937249252
209407,0.0005030618270311471
209408,0.0003895387970437149
209409,0.0030432396260579465
209410,0.0004297748317454203
209411,0.00422915443812461
209412,0.0005646109567444431
209413,0.001233084061486374
209414,0.0019628946410739307
209415,0.000693772777777106
209416,0.0009587361354110142
209417,0.0006332420640899701
209418,0.0006158320147679689
209419,0.03653030419332992
209420,0.004512995935050573
209421,0.020024738677750526
209422,0.0005384340695204777
209423,0.00769583283404921
209424,0.0006406427799805467
209425,0.0019576819110641826
209426,0.0006573332612529263
209427,0.0013801409575109453
209428,0.0032122240449138657
209429,0.0029098861130540618
209430,0.013727732217302967
209431,0.0017590629063118164
209432,0.0013759188436103175
209433,0.01760364037803066
209434,0.001370385790507103
209435,0.0005780094432554789
209436,0.001747214786907563
209437,0.0006580241328857542
209438,0.0011966286742809697
209439,0.004043182697770803
209440,0.0005873843470415429
209441,0.000628568532071296
209442,0.0013519514886750853
209443,0.0007815209563346798
209444,0.0005583169746133477
209445,0.002039400694316121
209446,0.0007392945203053166
209447,0.0018646646804654143
209448,0.0007454512766971084
209449,0.001129574183058727
209450,0.000692472667460242
209451,0.0013317028057442662
209452,0.0005238201202122686
209453,0.0007290304151549368
209454,0.0004002161053115543
209455,0.0005835095725961937
209456,0.00358579644626144
209457,0.011112568980869162
209458,0.010527202431609642
209459,0.0005787311819452262
209460,0.0021148835953674117
209461,0.01918313909505848
209462,0.0018254291017494604
209463,0.0005738395034091973
209464,0.00736592238792415
209465,0.0018057336833923136
209466,0.00562907637021164
209467,0.0005805530104176657
209468,0.03521929721416145
209469,0.0005443422653820185
209470,0.010371704839475488
209471,0.20360253996701275
209472,0.07105171624566554
209473,0.0038609394309816096
209474,0.002024908680332629
209475,0.001526231751211006
209476,0.0008120423610134798
209477,0.0008438662801232385
209478,0.0009582807830782325
209479,0.0005644916932312698
209480,0.0019054519653130112
209481,0.0008176970591576875
209482,0.000625628255495554
209483,0.0007288957084988027
209484,0.001294624126963483
209485,0.0007610863608876394
209486,0.000856617292213487
209487,0.0011715506181705386
209488,0.0035374736306204944
209489,0.027447170641299756
209490,0.003341534386561549
209491,0.0008976316841222678
209492,0.0006315947917877405
209493,0.0010526638298311982
209494,0.0005945440843717449
209495,0.0006376354136471032
209496,0.004050464997240532
209497,0.006225790712622424
209498,0.0005883453086763484
209499,0.0024743781301651436
209500,0.0009447274834630617
209501,0.0010635009148941537
209502,0.0008352421309884921
209503,0.019237103062007127
209504,0.002193881956645702
209505,0.00047191069202771863
209506,0.0007509867461034658
209507,0.0004821081476300094
209508,0.0019489100496546845
209509,0.0005776279606526726
209510,0.0011874172539143573
209511,0.3424154442623809
209512,0.0015879282032755634
209513,0.00411383151501785
209514,0.0005705117922952071
209515,0.001042619871244339
209516,0.0006012778181173283
209517,0.01800526493572758
209518,0.0009703108931681088
209519,0.0007431766123731072
209520,0.0008875897777227742
209521,0.0012795630668546475
209522,0.0249314263611354
209523,0.0012460941833640953
209524,0.0006599366375606676
209525,0.0030704987823629917
209526,0.0007374974804690749
209527,0.0077607331356794075
209528,0.0007265377550396783
209529,0.0004585414777671218
209530,0.0008005134411738105
209531,0.000577120500966682
209532,0.0005399797680868966
209533,0.0031221289739048093
209534,0.0005854187957384173
209535,0.001396317757677951
209536,0.0009117524572167487
209537,0.0005724947096834637
209538,0.0015007758068132418
209539,0.0019013403879356377
209540,0.0019343999723464688
209541,0.0005418169723521391
209542,0.0005900308662980328
209543,0.0014649932948381053
209544,0.0012318314509175096
209545,0.00042369357038653824
209546,0.0015761786319307448
209547,0.0008300807442584197
209548,0.9932398132231068
209549,0.00520982503661763
209550,0.9969808354442049
209551,0.012321089271104249
209552,0.0008431177713322083
209553,0.0006087561681332895
209554,0.0008276394082351548
209555,0.00038253078208684457
209556,0.0014599297851077208
209557,0.0006985740435934023
209558,0.0017608580804707227
209559,0.0015122130560543483
209560,0.0007911548596217419
209561,0.000546975264703009
209562,0.0005595704675730809
209563,0.0005906029044702711
209564,0.0038317940143995652
209565,0.0012774911236379193
209566,0.0037481380742805563
209567,0.0009368194094185886
209568,0.0005514372285487666
209569,0.9708167512169426
209570,0.0007617021888661969
209571,0.000574907241405633
209572,0.0004861351565068813
209573,0.0020265296478343972
209574,0.017598309837081334
209575,0.0009864077494615318
209576,0.0012607428639315283
209577,0.0022954502984951987
209578,0.0006321606913347994
209579,0.006365620232866052
209580,0.0011032604299674297
209581,0.0016814306407024874
209582,0.0018547064292051075
209583,0.0006631216859100601
209584,0.0020984692090404945
209585,0.000567596763704901
209586,0.0007186838653366907
209587,0.0005167130394047863
209588,0.0007065907032776517
209589,0.000451563653405904
209590,0.003581447795602032
209591,0.0010418928277148665
209592,0.0574688818418656
209593,0.0008019249472990171
209594,0.0008809286950571668
209595,0.0006820751502842669
209596,0.0013248953539215886
209597,0.000930892332032311
209598,0.0018668783235586215
209599,0.0005684455872638452
209600,0.003742712545631784
209601,0.00047250227586147003
209602,0.0012073293624802143
209603,0.001073988018198913
209604,0.016197416218747165
209605,0.0028954092346245757
209606,0.004031311664640124
209607,0.0006394612614954937
209608,0.00047436842265891543
209609,0.00044196792805624316
209610,0.0006657866080551479
209611,0.0006683134856084042
209612,0.0012533482348425296
209613,0.003186978706003159
209614,0.0015616097841658822
209615,0.002509073331810986
209616,0.002940395204183809
209617,0.0006137604438353084
209618,0.0002953266057863675
209619,0.00626218129388916
209620,0.00549346866024172
209621,0.02393825972966751
209622,0.000975549166646543
209623,0.001133661960408113
209624,0.0005838930974548618
209625,0.02679315960080604
209626,0.001301045332316902
209627,0.0015491088422969353
209628,0.001186163545505741
209629,0.00046324986586977984
209630,0.0027612971748461473
209631,0.00738094184353147
209632,0.0031900295811277814
209633,0.0005148430624680356
209634,0.0005260162275902122
209635,0.0035707166741555593
209636,0.0016178074259329302
209637,0.0016063214015998876
209638,0.0005415103328136803
209639,0.0007210874483715305
209640,0.0075569276210055904
209641,0.0006235686473430304
209642,0.0004956447799991316
209643,0.0005826904533755737
209644,0.0014097307120006252
209645,0.0007094957182393121
209646,0.000668013849271055
209647,0.0007196029622303619
209648,0.00841903926608226
209649,0.0031704980106991264
209650,0.0009801192134224674
209651,0.000626445854664285
209652,0.0027044833942362315
209653,0.003457743242520985
209654,0.00181607252264053
209655,0.0006963344518604032
209656,0.00043520054295513827
209657,0.0004649607889649971
209658,0.0004867292807885213
209659,0.0006508237730779466
209660,0.0008205321502209337
209661,0.0005271715486045126
209662,0.0012217171623489919
209663,0.0006295269950222211
209664,0.0011241312588974367
209665,0.006703140331724339
209666,0.0006439835905796918
209667,0.0013343426198482444
209668,0.0006608256176719616
209669,0.0016328852805351309
209670,0.0004562092496353922
209671,0.0008944082834097978
209672,0.0014026975986592687
209673,0.00241382213585114
209674,0.006713292279084196
209675,0.001050035778104558
209676,0.0105527999068879
209677,0.0005334017882785136
209678,0.006224235458348947
209679,0.0006886394090123323
209680,0.0008722903839009136
209681,0.0006256439931184284
209682,0.00141337810950024
209683,0.0038821365570019875
209684,0.004503682141848844
209685,0.005536896535639397
209686,0.010425409918312981
209687,0.00047604443104698935
209688,0.0008435887653092029
209689,0.004363022583659372
209690,0.005363548392773783
209691,0.0034851993144466432
209692,0.009615290749486052
209693,0.000616250010900829
209694,0.000990786436697858
209695,0.005452690794445903
209696,0.00045964150608365925
209697,0.0005518386058179656
209698,0.00045473706973421773
209699,0.00047529493496580895
209700,0.0007240722959347317
209701,0.0010451389193777308
209702,0.0007558968130011673
209703,0.0034636578294462554
209704,0.0006533844907741825
209705,0.002628439702906424
209706,0.0012713313586956124
209707,0.0034139104100890673
209708,0.0006732035054547436
209709,0.0017342609062078605
209710,0.0007058594324868742
209711,0.017557911091749943
209712,0.0008322770053034066
209713,0.0006400062004611885
209714,0.000929787187763715
209715,0.0022161202932572907
209716,0.0014313494013515906
209717,0.0053912083338612336
209718,0.0012732472465720396
209719,0.0008366683796543109
209720,0.0007382805205590704
209721,0.0005518815977574267
209722,0.000555199684873854
209723,0.000658235577506712
209724,0.0006129962519071182
209725,0.0008397318065970633
209726,0.0016652387487743384
209727,0.0006618136066828555
209728,0.002102430790855123
209729,0.0004835790832163736
209730,0.001338228940105674
209731,0.0010830200871829276
209732,0.0007052264098285233
209733,0.0009088196493848286
209734,0.0014180192971391787
209735,0.00642914227452631
209736,0.005846255596514486
209737,0.001532929170169887
209738,0.0006733269769327868
209739,0.0020375594437715173
209740,0.0005709167684306368
209741,0.0053609002523046624
209742,0.0006697380739563556
209743,0.0007761457639709845
209744,0.0016416033880587047
209745,0.002239626907684528
209746,0.0006802135709904027
209747,0.0006504163471217955
209748,0.0054473227022417865
209749,0.0012457097978813914
209750,0.001261093674307069
209751,0.004114256448714752
209752,0.0007108595048997441
209753,0.001585267156885206
209754,0.000657739198633245
209755,0.0004116230711988166
209756,0.0005488920185931028
209757,0.0058346448541354064
209758,0.0005119525684816374
209759,0.0006516706280539712
209760,0.0009347130269034918
209761,0.006518590433287636
209762,0.0005342398299465567
209763,0.0009061258563721332
209764,0.0007095136165880287
209765,0.0011915758711312724
209766,0.0009413698570289378
209767,0.0006556413190544007
209768,0.0007222755315338883
209769,0.0007569276332412573
209770,0.0008573639112466783
209771,0.0005679754464995049
209772,0.0011000488853068948
209773,0.0017093777973110893
209774,0.9955859764606063
209775,0.0004607837723385925
209776,0.0008351102378461157
209777,0.006592147487636241
209778,0.001470694638648448
209779,0.002593896181421017
209780,0.0005728156627396783
209781,0.002284049657483149
209782,0.0005301442355545913
209783,0.0035808233111304733
209784,0.0004916363072577011
209785,0.004689304026653102
209786,0.0011877418720414768
209787,0.00065974607158143
209788,0.005419708245977042
209789,0.004818966976417218
209790,0.0006526650611820463
209791,0.0007947569959389537
209792,0.0006370215937663424
209793,0.003279769721982145
209794,0.0019723414443609793
209795,0.004395080198695484
209796,0.0005817411789553788
209797,0.0005573290700052893
209798,0.0006398154755433333
209799,0.004227117245542058
209800,0.0008072445686820748
209801,0.00102916543441815
209802,0.0013663690058650512
209803,0.0016346268621530169
209804,0.000584706907392304
209805,0.0023511188847319875
209806,0.002668119810294169
209807,0.0007354083338572358
209808,0.005547823771808953
209809,0.0009867155757501862
209810,0.0005063115015931766
209811,0.005642075165821672
209812,0.004547552260868764
209813,0.0007525111681336955
209814,0.0004692370264068245
209815,0.007021403193546405
209816,0.0010759723959082568
209817,0.0008595654563266495
209818,0.011332809486063794
209819,0.0008667652127515103
209820,0.0005443659243359605
209821,0.0005962817266445449
209822,0.0007270097876715082
209823,0.021077674259644706
209824,0.0020511071718145504
209825,0.0005145367246436168
209826,0.0024785459462073104
209827,0.0007657405862769085
209828,0.9914040358101862
209829,0.0006706434084974589
209830,0.0277741587916448
209831,0.0014247841996558096
209832,0.0017326767100265396
209833,0.0004927571012569213
209834,0.0005179285387776892
209835,0.000520220392952015
209836,0.0007966996700868851
209837,0.0004999999685567801
209838,0.0015364820572648292
209839,0.0023875177049270356
209840,0.0012495778277186883
209841,0.0023567074768214543
209842,0.0004653508655208315
209843,0.0015065130264244183
209844,0.0006901289216266844
209845,0.0005537975642259082
209846,0.005392902203606287
209847,0.0008913403186322265
209848,0.041201910454671434
209849,0.0007233560768652975
209850,0.0008189320909330222
209851,0.003986037790014109
209852,0.0038240609354142805
209853,0.0009605346117861151
209854,0.001811776120759403
209855,0.0006687746668537768
209856,0.000662779093083472
209857,0.0012370923832545366
209858,0.00041981874640422133
209859,0.005707839426300646
209860,0.0007850433443694624
209861,0.0007198421931325699
209862,0.002144599852220168
209863,0.0004828060925361913
209864,0.0006026173726640604
209865,0.0014252068509754345
209866,0.0006745861480189905
209867,0.004802206407660692
209868,0.0007496369383113478
209869,0.002669485916668849
209870,0.08904274627915909
209871,0.001663415285702484
209872,0.0008216400226646624
209873,0.0004815253853626896
209874,0.0007820687577156816
209875,0.0009512929095774306
209876,0.0005911773547725493
209877,0.002581621122302394
209878,0.0016916432187383964
209879,0.0006647963235644904
209880,0.004693656008589654
209881,0.0009148428876616188
209882,0.02856691560386509
209883,0.0006293580086746602
209884,0.0012660055537423716
209885,0.008052829753807658
209886,0.0005119956892556574
209887,0.002166660218001734
209888,0.0006438844694544783
209889,0.0021264849012740308
209890,0.0007033993264338414
209891,0.0005434023523234601
209892,0.0007069057666393675
209893,0.00068004333599951
209894,0.0007753157448391034
209895,0.0006185413944147071
209896,0.000841453113019437
209897,0.01712983028028864
209898,0.0020124151220263196
209899,0.0009093762197142326
209900,0.004447885458217418
209901,0.006386866609896177
209902,0.0011713794643379363
209903,0.005881693143590704
209904,0.000695233271095286
209905,0.00048382350139613927
209906,0.008869345405065775
209907,0.0007479778517409405
209908,0.00614660740958412
209909,0.0004882277944612128
209910,0.003967597669824093
209911,0.0007960279231586106
209912,0.0008640277970778456
209913,0.004022265176048886
209914,0.0011592447007324523
209915,0.0006995696874500259
209916,0.0006275860701928609
209917,0.0012075514138783939
209918,0.0011102602449349756
209919,0.008153671287060208
209920,0.0005006588489388355
209921,0.012286084766084521
209922,0.001114873583262436
209923,0.0007191773737429606
209924,0.0006959789507079934
209925,0.0006999674681825362
209926,0.0006781607255144487
209927,0.0006065148729755016
209928,0.01224203197374069
209929,0.03881025699946532
209930,0.0009633280019136667
209931,0.0010033335090040654
209932,0.0007788875101159096
209933,0.0006893567485245627
209934,0.0006022175027133188
209935,0.005463067749857957
209936,0.007368094673571612
209937,0.003145869881121214
209938,0.004501162208954456
209939,0.0008222105510309488
209940,0.001355388059746021
209941,0.0006060529772781766
209942,0.0004587760911564299
209943,0.000981573344480317
209944,0.0006288553443209579
209945,0.0009800969818046868
209946,0.0014905818578947441
209947,0.0018262189526000183
209948,0.0006946369152978204
209949,0.0009455304933728708
209950,0.0013582262645424254
209951,0.0013463302307413375
209952,0.015414011127675157
209953,0.0004678366129964147
209954,0.0010079293195489536
209955,0.0009519038762627488
209956,0.0016043818472464113
209957,0.0010792407591057119
209958,0.0011718869399808024
209959,0.0009159670691597168
209960,0.0007794278798648934
209961,0.0006769399678170512
209962,0.002286258457561651
209963,0.062296550533641096
209964,0.0007200720070129521
209965,0.0005009200241142675
209966,0.0006531751907566987
209967,0.9923721211597409
209968,0.00039133741556298204
209969,0.0004626014419834407
209970,0.0009335290776901883
209971,0.004861500024141204
209972,0.001479572528187581
209973,0.0006827081155878606
209974,0.0014306628402725532
209975,0.0008216747964980961
209976,0.0009753600018671781
209977,0.008088421195055326
209978,0.0007161580790099523
209979,0.0006748578282277612
209980,0.0012270208500550872
209981,0.0006652671214514854
209982,0.0008101470020053198
209983,0.002452549472817785
209984,0.0005779891782785154
209985,0.003901224834997953
209986,0.0008461861838051477
209987,0.004708500651601964
209988,0.0009277192539610854
209989,0.0005431259465839802
209990,0.0036673992930747632
209991,0.0014297032297053984
209992,0.020787293237433925
209993,0.0007131018228974876
209994,0.001526323961260509
209995,0.0005641170375964304
209996,0.0021291205035611016
209997,0.0014007219388521956
209998,0.0005827155811995425
209999,0.000650921460600422
210000,0.0004980847073389373
210001,0.0006686609311382214
210002,0.0009412549018621933
210003,0.0014633266227373168
210004,0.0013214254204803213
210005,0.00705760233877459
210006,0.00284977999478089
210007,0.001530793386926643
210008,0.0008488496678660084
210009,0.0038948170781562324
210010,0.0005560469288653184
210011,0.0043926822971431245
210012,0.00047686235294438497
210013,0.0005279373157706083
210014,0.0007000674092979283
210015,0.0005550160959701674
210016,0.0005104017924202971
210017,0.0005566529080149804
210018,0.0007480231568626078
210019,0.000562857781446274
210020,0.001088603607378604
210021,0.001424658976506146
210022,0.0012376783366378702
210023,0.0008580402837021138
210024,0.0027847670642945966
210025,0.001121208630257952
210026,0.001089126248552146
210027,0.002858931676720364
210028,0.0010281243122118465
210029,0.0012135440469412755
210030,0.0002515144050999978
210031,0.0014688649905687206
210032,0.0008485941454794061
210033,0.0004888412818189547
210034,0.001876154089740697
210035,0.0006687569270341603
210036,0.004047201812353543
210037,0.0005650011123917402
210038,0.000756938589427007
210039,0.0017194312577963645
210040,0.00041094093349952913
210041,0.000694845357823221
210042,0.0008972536920242193
210043,0.001647988407467003
210044,0.0006015042286737723
210045,0.002509982852861665
210046,0.0004591265750089238
210047,0.0006981690157743714
210048,0.0007451133749508578
210049,0.0010201835609098527
210050,0.0036434122548507477
210051,0.0007658407154507778
210052,0.000906660369986408
210053,0.0011267372363038789
210054,0.0007903551135660706
210055,0.0006438835410220204
210056,0.002095959315029693
210057,0.00272231014305542
210058,0.021289325313694984
210059,0.0007996545569285546
210060,0.001042395603210241
210061,0.0072986716013862816
210062,0.0013781753068263032
210063,0.0013641230712658594
210064,0.0013880428496844126
210065,0.0006059842845597314
210066,0.0006079591205299846
210067,0.04985409930513979
210068,0.004677747723401544
210069,0.001009111837795487
210070,0.000677425512872686
210071,0.000706936300503045
210072,0.001413898869292854
210073,0.20593933826840832
210074,0.000965066220563978
210075,0.0008336571605553556
210076,0.1472186399142092
210077,0.0007804970520591519
210078,0.0009411644265597064
210079,0.0007482507013302184
210080,0.0005723857205810341
210081,0.0030354162895144077
210082,0.010276575497322575
210083,0.031409481312590096
210084,0.0012448525396971963
210085,0.0012709579758347304
210086,0.0011900728577798787
210087,0.003104908376393361
210088,0.0006340839889757932
210089,0.001942012354645566
210090,0.0034433740514112016
210091,0.0005558840352561929
210092,0.0009096222858469003
210093,0.005168010887006599
210094,0.0006688796339223682
210095,0.0004161144602010179
210096,0.9982251414235346
210097,0.002054405314033711
210098,0.0008591690699293364
210099,0.0016317482801894059
210100,0.0016922215667444394
210101,0.0013090744053016212
210102,0.0009212529140408177
210103,0.0007652500606676149
210104,0.0006781763184256452
210105,0.002310755001509204
210106,0.004840535289729691
210107,0.005958011280853076
210108,0.0007729779914354435
210109,0.992674717666663
210110,0.0008136832993097119
210111,0.005773887682483965
210112,0.00096278694938881
210113,0.0006144320004045523
210114,0.00451653477097603
210115,0.011828801689768034
210116,0.0007396637509270792
210117,0.002423547542306082
210118,0.0006957798703481912
210119,0.0021650616031118463
210120,0.0026519380742131655
210121,0.0004833769911599999
210122,0.00047270544488378044
210123,0.001377464843570798
210124,0.00048417067293833615
210125,0.000581978168988366
210126,0.0005621422288501633
210127,0.0016584380663245747
210128,0.000506652900708856
210129,0.0008631948185506221
210130,0.01294819051359673
210131,0.0004608734194322356
210132,0.0005771332440230844
210133,0.0016136635210841467
210134,0.0006604629199630139
210135,0.0005939852768269492
210136,0.00039337431901329185
210137,0.001034547449136015
210138,0.0005044594452400074
210139,0.0007475179382603371
210140,0.0010429968797771895
210141,0.0006010259158411311
210142,0.0009009776952405345
210143,0.0006321549866509335
210144,0.0008909547300540683
210145,0.0007836225406781243
210146,0.00042805492069290373
210147,0.0013740566832836263
210148,0.004017725407946669
210149,0.0023570268907461417
210150,0.23012548662769142
210151,0.00044008166448581787
210152,0.0006340997922875957
210153,0.0014310217219296523
210154,0.9936402771596574
210155,0.0030639328219892875
210156,0.0006961304327851686
210157,0.008448470379957291
210158,0.0009862119846961183
210159,0.0007249380259785724
210160,0.0005790733251104945
210161,0.0006657214946286347
210162,0.00048295030865689746
210163,0.001150931251018195
210164,0.004090407202471001
210165,0.2004395215078365
210166,0.0005401326759061896
210167,0.0005053061728745223
210168,0.04585481257802119
210169,0.9911177255999601
210170,0.0006877861218859055
210171,0.9955124405179749
210172,0.003048458015353292
210173,0.0005783887271926982
210174,0.0026420072987694897
210175,0.0011166618093139842
210176,0.0008331958262940105
210177,0.000832079690232223
210178,0.0029538308908472304
210179,0.0004621459851536594
210180,0.003824190557032245
210181,0.001391170382941711
210182,0.0010168326660313757
210183,0.0037040771290612036
210184,0.0011887605290570417
210185,0.0008587678521145984
210186,0.03383273491332833
210187,0.00095733958793102
210188,0.0005467779968846328
210189,0.0006213688348989278
210190,0.003224036960116845
210191,0.0006715572290178474
210192,0.0005230559997056336
210193,0.0008941131399954681
210194,0.0005564598908192125
210195,0.0012728762290909433
210196,0.0004844023530833695
210197,0.0014623686134611546
210198,0.0015602512639923212
210199,0.0017970059048188997
210200,0.0006065229933767134
210201,0.0007030453668893559
210202,0.0022528782135141073
210203,0.0017367357438800917
210204,0.0007957309413892033
210205,0.0012678945430766712
210206,0.9950847847174791
210207,0.00208503436581795
210208,0.0009774410282843847
210209,0.00046559134335323615
210210,0.0035930374685406597
210211,0.000574976720004949
210212,0.005816300753600932
210213,0.0006152754615917687
210214,0.0014222994245189054
210215,0.0006395317472768316
210216,0.0015399653883210393
210217,0.003314372174200456
210218,0.0010255039487524764
210219,0.0007162896554849018
210220,0.002125661468153858
210221,0.0060369387284219655
210222,0.009578142267918359
210223,0.0020496025507998027
210224,0.0012099310437433824
210225,0.0007203127964339477
210226,0.0040395872336944005
210227,0.0021122274791623773
210228,0.0010477110266124503
210229,0.0008485409592749125
210230,0.0017214074120019546
210231,0.004561316170336304
210232,0.004884281067168109
210233,0.0008877884359854661
210234,0.001927677769174027
210235,0.00277579687598093
210236,0.00082538370938425
210237,0.0028868881636118053
210238,0.0007100552209445105
210239,0.0009922773792062712
210240,0.0006547701312123185
210241,0.0007962144897419752
210242,0.0007798814198187759
210243,0.0006500541798741059
210244,0.0018486493315958493
210245,0.0028346145098043624
210246,0.0006217046424838881
210247,0.0029221562574563978
210248,0.0006332783859707728
210249,0.0005327887391662216
210250,0.0006830605355895219
210251,0.0005515030575606965
210252,0.0069539657587824434
210253,0.05532542421077642
210254,0.0019210438527121165
210255,0.001460537997248229
210256,0.0007913974037994287
210257,0.02051045485742518
210258,0.03753810389605072
210259,0.002562239159907584
210260,0.0006984085537708911
210261,0.019323276511419626
210262,0.0005531741745560896
210263,0.0157334864907331
210264,0.0007290414357858741
210265,0.0033919249085529353
210266,0.0008105778250255069
210267,0.0007155850546394588
210268,0.001236168030155358
210269,0.019826341117684044
210270,0.0008725496078493643
210271,0.9864233378402685
210272,0.000850661095308374
210273,0.000583884402364891
210274,0.0030326224110118222
210275,0.0007910852122041685
210276,0.0007781294431967512
210277,0.0005882770660765282
210278,0.0014312760393473426
210279,0.0022097144985599284
210280,0.0008470593080877373
210281,0.0008674914652540045
210282,0.0026110374378322046
210283,0.0006834038015370602
210284,0.0017028387427560966
210285,0.018321679744752038
210286,0.005244641878401613
210287,0.0012787400950243595
210288,0.001134465142588979
210289,0.0014177161311078163
210290,0.06941133059943728
210291,0.0022665267548490917
210292,0.0033322055412393532
210293,0.0007021956145933468
210294,0.02003563651726544
210295,0.0008316138247274206
210296,0.0008089070221312854
210297,0.0005014256966989416
210298,0.0009374599383111719
210299,0.0008891421161872448
210300,0.9821142473150618
210301,0.0014362399452370863
210302,0.0007586770926096993
210303,0.002748214658340413
210304,0.0006984216295500671
210305,0.0006273999282140812
210306,0.0009506515852395157
210307,0.0016468296993422088
210308,0.0005977068882110634
210309,0.0011349513252051913
210310,0.004273342474162717
210311,0.0006293283741252615
210312,0.0031071601137024254
210313,0.005889472623282013
210314,0.0013723180064675136
210315,0.005012804269085899
210316,0.004237853021107519
210317,0.003805230127640123
210318,0.0037470642008202775
210319,0.00097847589723067
210320,0.10854524271293385
210321,0.0016328853388768978
210322,0.0008219793620195389
210323,0.00850598215055725
210324,0.0006304327264792013
210325,0.0007714747297924089
210326,0.00044249032644561286
210327,0.0008034257359655999
210328,0.0005577916122357368
210329,0.001282947864608306
210330,0.0014249925156469107
210331,0.0008523456739959246
210332,0.0011305468024165252
210333,0.0006234058326899216
210334,0.0007066688887994148
210335,0.0005916041962615273
210336,0.0007269948501207588
210337,0.0005876225192814153
210338,0.0005588799824832165
210339,0.031596209682832374
210340,0.0007644152736313967
210341,0.0014058924787967138
210342,0.0019996408593858143
210343,0.0009225978311245992
210344,0.0005191900041725764
210345,0.0006198387585506713
210346,0.05214004942966291
210347,0.0008516053350623203
210348,0.0035856242199154573
210349,0.00691440778459745
210350,0.0008387845618483638
210351,0.0037540727146733437
210352,0.0016703763173609295
210353,0.002852467483816363
210354,0.0009971569474919067
210355,0.001647868742906406
210356,0.003437453877738916
210357,0.0006175263833772496
210358,0.000499912680058751
210359,0.000708373967496652
210360,0.0016357684352547842
210361,0.0007030574061443115
210362,0.002392822843766144
210363,0.0006108953458967468
210364,0.00058730979446245
210365,0.0005141850043637934
210366,0.0005889291944083499
210367,0.0008432771769681
210368,0.0008385777492723072
210369,0.0010108151324333724
210370,0.0005417375925287555
210371,0.0013941932285154936
210372,0.0017639884073565007
210373,0.0007008225517576886
210374,0.003148702433788269
210375,0.0004504227110896762
210376,0.0009372380738016327
210377,0.001219184532224425
210378,0.0007021804629036671
210379,0.001204652749535649
210380,0.0005358438646570639
210381,0.0005077617145316073
210382,0.0007911131100756168
210383,0.0038895758883059463
210384,0.001721179993066195
210385,0.0016590838443862124
210386,0.0007162041691538752
210387,0.0154403496646314
210388,0.2008795273485035
210389,0.0017244097477156746
210390,0.0006801588684024018
210391,0.0008049738906135383
210392,0.0004962645965974985
210393,0.001343090181779432
210394,0.005111266452398022
210395,0.0006815190340918676
210396,0.0012031299414305174
210397,0.004844041906721729
210398,0.000597108199260551
210399,0.0006419290320926989
210400,0.0013144120764202296
210401,0.0017177768032239004
210402,0.0006409191318323782
210403,0.0006576240582914943
210404,0.00205399950859538
210405,0.0006809451822012181
210406,0.004569154893757573
210407,0.0007058612783462672
210408,0.0005626228498132288
210409,0.006839804808477791
210410,0.0007249461944241189
210411,0.10706589044318113
210412,0.0008593883054020139
210413,0.000647803960947849
210414,0.000638586286316087
210415,0.0021885582594259882
210416,0.000276742812866869
210417,0.0008964326866009763
210418,0.0011193940989061707
210419,0.0010865899128301177
210420,0.0005822501080418902
210421,0.0005351995963110338
210422,0.0013798989589844223
210423,0.022644487498482198
210424,0.0005965846572006854
210425,0.0015927746401350456
210426,0.00984188747131555
210427,0.03333354787048805
210428,0.0007428494750494981
210429,0.0005816023420484359
210430,0.0005587202709163521
210431,0.0005204471600106191
210432,0.00195788088184008
210433,0.0036282089322782853
210434,0.008257816365148607
210435,0.0008065306498220204
210436,0.00525116792533394
210437,0.0006473250339956105
210438,0.0015565903645713718
210439,0.0006465618991446734
210440,0.0005705328244263886
210441,0.0010547009767835698
210442,0.0007398209746967281
210443,0.0007769356811886553
210444,0.006223307644152838
210445,0.012312467718998053
210446,0.00042735411993130644
210447,0.0012559873023636058
210448,0.008148551859327183
210449,0.1381172747824059
210450,0.0016254619889395521
210451,0.0015501994365332036
210452,0.006613253621649122
210453,0.0010780916070367392
210454,0.0016911272969040404
210455,0.995452344887577
210456,0.0006762905381430143
210457,0.0016522176316764088
210458,0.0010232804601670747
210459,0.0005376589071661068
210460,0.0005326835934296366
210461,0.004057680738211712
210462,0.0005893528200561942
210463,0.0004938966488052435
210464,0.0016211731888781064
210465,0.003469933501278456
210466,0.1265865373638213
210467,0.0007289249001539193
210468,0.000789672556521976
210469,0.0024010361235175122
210470,0.0008079293711619904
210471,0.0011051152954057375
210472,0.000639123598970115
210473,0.0025726014593860915
210474,0.0006244144024915277
210475,0.993093547589267
210476,0.01802694926425147
210477,0.0008295092706687645
210478,0.0010465516377839309
210479,0.0010264153650361729
210480,0.0007950931618194159
210481,0.0013422993165440487
210482,0.03217150176025603
210483,0.008136268960289956
210484,0.05261962156556403
210485,0.0008575477718684181
210486,0.002965047815311284
210487,0.004333947479364545
210488,0.99682063610677
210489,0.0009176815319613433
210490,0.0010288599596955693
210491,0.015004188304271072
210492,0.0010246244916945104
210493,0.0005945402536215486
210494,0.9891619857289028
210495,0.010834965619684174
210496,0.000812543949211449
210497,0.0008276794966572594
210498,0.0005743241080519309
210499,0.0006644136551613091
210500,0.0006755773134689512
210501,0.0017322103048167947
210502,0.002480205934537164
210503,0.0033797771989218022
210504,0.0006498111875318591
210505,0.001055408755714559
210506,0.011806823915753974
210507,0.0004653692008068785
210508,0.0005240472948621288
210509,0.0012790678115644708
210510,0.0005627542534667506
210511,0.0007301944784179962
210512,0.0018811072682253388
210513,0.0004839552714299203
210514,0.0005527543458294959
210515,0.0008341549626891052
210516,0.0008430321580992579
210517,0.0005189123767631635
210518,0.001248882157268831
210519,0.0012678079948115432
210520,0.0005416709901445033
210521,0.005653484862044724
210522,0.0306441632463702
210523,0.0006352830973539874
210524,0.02278334584754399
210525,0.0008946318081386254
210526,0.005310358291806061
210527,0.014688910352347356
210528,0.00044834779498506593
210529,0.0006961731922604845
210530,0.0011068199768032134
210531,0.0034933744366981677
210532,0.0006545970042011391
210533,0.0008244891625799314
210534,0.0007476248082901416
210535,0.003681130573897914
210536,0.004841627030980786
210537,0.0005527929009943766
210538,0.000685162313707142
210539,0.0004099613477095801
210540,0.0007794677216072402
210541,0.0006305097090715272
210542,0.0013261523025850956
210543,0.017789708630951497
210544,0.0008726271283715093
210545,0.001679244895780699
210546,0.0008908739218221561
210547,0.0004863352564487396
210548,0.0004701019984354808
210549,0.0011816100886783447
210550,0.0018678087543029021
210551,0.0017318030916190436
210552,0.0069346780261171645
210553,0.0010298866171775242
210554,0.004202198166331967
210555,0.007444408729541249
210556,0.004856373041086879
210557,0.0005947882035956122
210558,0.0004929928626640843
210559,0.00047556340145395236
210560,0.0007438387621659108
210561,0.0011024100771704487
210562,0.0004979206184611454
210563,0.0006590340622729491
210564,0.0018246332474703354
210565,0.0006425000417319295
210566,0.0021585069570217103
210567,0.0013246770975023662
210568,0.0007343786442561641
210569,0.0007605072491350613
210570,0.007983536557405831
210571,0.0004246789841136802
210572,0.0006378060979224589
210573,0.00030743389418406384
210574,0.0020348193957173545
210575,0.0008768677387960616
210576,0.001133196610397937
210577,0.0060015381785277315
210578,0.0007741988213510419
210579,0.0014080600363108944
210580,0.0013458163375883376
210581,0.0551172292733043
210582,0.0014691929857197994
210583,0.0005146083406811108
210584,0.01721518341748348
210585,0.0006540735511631618
210586,0.0008294322982250206
210587,0.0011414709806476836
210588,0.0007507817834231767
210589,0.0018020743628372393
210590,0.14801829402415392
210591,0.0006449466597113378
210592,0.0009811348576628173
210593,0.0008255729617243657
210594,0.001440420035013703
210595,0.0007549042636720431
210596,0.0005547705745106679
210597,0.0010820589321185008
210598,0.003152739910379365
210599,0.0013004042263878375
210600,0.0010504390184862245
210601,0.0008424296620599745
210602,0.0009559502888401561
210603,0.0006470449440256903
210604,0.0006144715894216752
210605,0.0019489599901474574
210606,0.000743676638382909
210607,0.0036816937697187217
210608,0.0008367526739433904
210609,0.0010287596627763503
210610,0.0014147948027584106
210611,0.0005063700910572825
210612,0.0024999801076763303
210613,0.0008743789850542965
210614,0.004727162226022376
210615,0.0005153939166070673
210616,0.0006699318835007101
210617,0.0009721524354697196
210618,0.0016664141781662914
210619,0.0008669220768401729
210620,0.001411816125354552
210621,0.0005146168239922059
210622,0.0054357153857792695
210623,0.0005603927219616873
210624,0.007130445110242241
210625,0.09166662484923165
210626,0.011880591379185564
210627,0.001817586902051018
210628,0.0006424774669946886
210629,0.0023384393890813204
210630,0.00596802469892295
210631,0.0008709810021526895
210632,0.0027959033016703803
210633,0.000761606716587381
210634,0.001486556824599039
210635,0.000922923849309483
210636,0.0005584500593563944
210637,0.0009480445458413487
210638,0.0015400789820261141
210639,0.0010370556463424174
210640,0.0009617946849173518
210641,0.015808770145451345
210642,0.0020294238471254573
210643,0.012414165394406419
210644,0.0010732104795156611
210645,0.0005998699795861484
210646,0.0006978735730619008
210647,0.0029462393135798806
210648,0.0005870026893887405
210649,0.0023849282440379727
210650,0.0005500226387162404
210651,0.0006027589990685608
210652,0.000669291244572714
210653,0.0007036165464294928
210654,0.0010679560195728341
210655,0.0004967553550733296
210656,0.003193977848715273
210657,0.0009013006876328383
210658,0.0004032534505054012
210659,0.00146926062478626
210660,0.0007816674367685955
210661,0.0005052111646199467
210662,0.0005212198075783609
210663,0.0004676734568537554
210664,0.0005113029512535933
210665,0.001502232105451429
210666,0.0009561289644019646
210667,0.00046796117515890596
210668,0.0005802744494403217
210669,0.0009954532314788993
210670,0.0013665082805171757
210671,0.0005702103499050257
210672,0.000348883256250455
210673,0.9930995302962592
210674,0.0005538819389856173
210675,0.0004544103480197151
210676,0.0049665946754205775
210677,0.0005126212795252878
210678,0.001360133865332804
210679,0.0011185264492379599
210680,0.0005568539434588546
210681,0.004679052856000489
210682,0.002186889980353891
210683,0.00044989161786903914
210684,0.0021491696120599477
210685,0.0015858067258047914
210686,0.0004660278534309274
210687,0.002180151025384971
210688,0.0017095564671835866
210689,0.03208372685050404
210690,0.0035797970592522698
210691,0.0005809347733297098
210692,0.2016753258178988
210693,0.0009457897661647714
210694,0.001951515707608105
210695,0.0007613232083896401
210696,0.0012061931010096298
210697,0.0005001315947778442
210698,0.0016157856157605315
210699,0.00035549207025317107
210700,0.0007217489420483119
210701,0.007512540435227543
210702,0.002301469041237525
210703,0.0013406791175534778
210704,0.0009128254027834506
210705,0.061452951917871514
210706,0.0004427608322976215
210707,0.0013811995917730523
210708,0.0007793228671407509
210709,0.0035036927657765876
210710,0.002562160583487878
210711,0.0003014309040659947
210712,0.0014872308309161369
210713,0.0004981151410680487
210714,0.000505982279058116
210715,0.00045079686930747745
210716,0.0006787690349231065
210717,0.0009694231862055432
210718,0.0007179780164547835
210719,0.0011197091676190731
210720,0.0011441090469879091
210721,0.0031515795161398408
210722,0.003094824497293927
210723,0.0019580421672142955
210724,0.001519136495685686
210725,0.011369631888028055
210726,0.0005485332126406031
210727,0.02024504525100229
210728,0.0012243293671283712
210729,0.004064774232511449
210730,0.0005256624795231182
210731,0.0006449752601726295
210732,0.0005897280922725363
210733,0.003739559403795561
210734,0.0012302934720159282
210735,0.0006880416466664071
210736,0.0036632372915556487
210737,0.0007189048143423653
210738,0.0015027782157393055
210739,0.0006342119328103845
210740,0.002555150623329198
210741,0.0006982466207375965
210742,0.0007872209123937716
210743,0.0007742144987131216
210744,0.0006057642447892068
210745,0.005299057028186813
210746,0.0007181530506692161
210747,0.0008573338483197864
210748,0.0022991442291217957
210749,0.0009652712285558962
210750,0.0038289715147865255
210751,0.00048396712426549175
210752,0.002500362481816174
210753,0.003370263682547221
210754,0.007597325379465414
210755,0.00034563122034840754
210756,0.0006738708830842436
210757,0.002958932817170015
210758,0.0008795156826813663
210759,0.0029776632530823357
210760,0.006480782057604868
210761,0.001315695636157727
210762,0.0006431574614676592
210763,0.9942428234223475
210764,0.0006778688864420501
210765,0.0007434135672981392
210766,0.0007914908936164104
210767,0.0012434247483596717
210768,0.0007558090812606103
210769,0.0010025814131287454
210770,0.000616722881270042
210771,0.014115860228385933
210772,0.008376700313432234
210773,0.003543531095174309
210774,0.0005371286003197054
210775,0.0006575845319600251
210776,0.0010137534619831827
210777,0.0020461155682123247
210778,0.20785326232159343
210779,0.0015050264344798378
210780,0.007882313988706681
210781,0.0007752811177721417
210782,0.0037243912087156494
210783,0.0013297033035124565
210784,0.0009739018265303246
210785,0.09597291079000798
210786,0.0006163785269668609
210787,0.0006323651350303615
210788,0.0006492167281778916
210789,0.006089695127577545
210790,0.0008441026757579002
210791,0.0005163699654736138
210792,0.006402127558912946
210793,0.0007246729137930417
210794,0.0009177939891643873
210795,0.007079100684447978
210796,0.0008168314529293117
210797,0.0010304892555479304
210798,0.0014348994378451125
210799,0.007943325173160074
210800,0.0003249473455465219
210801,0.0710920018771094
210802,0.026737137246858524
210803,0.001616718203753684
210804,0.0008262166360365987
210805,0.004106300097655686
210806,0.0008621130133491214
210807,0.0007736283129813223
210808,0.9963213794305263
210809,0.0006501323402054648
210810,0.0004492392622974841
210811,0.009797659507566114
210812,0.00943307494217564
210813,0.005682907747057961
210814,0.0020300422797471292
210815,0.007136017883183787
210816,0.0007234390222479535
210817,0.0013119744897746122
210818,0.0015492987347514079
210819,0.00177145399465169
210820,0.0005218978298016894
210821,0.0006102422764623604
210822,0.0006733729551434717
210823,0.0006468983595256387
210824,0.0008268595959409602
210825,0.003126234582001352
210826,0.001651835487262042
210827,0.005989260535190151
210828,0.001177568402306841
210829,0.0008097325320546549
210830,0.029494172349328326
210831,0.0006697177748375545
210832,0.0013466027276423276
210833,0.0006821162133746756
210834,0.0010103721660026112
210835,0.0008692027705220448
210836,0.018071055659358855
210837,0.0005998581437550675
210838,0.0009290309455591378
210839,0.0010096001750005852
210840,0.0013158807086312888
210841,0.008044258699012166
210842,0.00300877527821707
210843,0.005174055817113152
210844,0.0007373555313661022
210845,0.0005519071758996596
210846,0.0016558061874830591
210847,0.0006651429412143899
210848,0.026113267236598996
210849,0.0018292361169350425
210850,0.0069276875680010135
210851,0.009049302060920441
210852,0.0005702866924777758
210853,0.0006727023759385208
210854,0.008217015585316722
210855,0.0007791901804386199
210856,0.0011663106804304525
210857,0.001965702998285227
210858,0.004274409473618256
210859,0.000714098218142708
210860,0.0007502815443145992
210861,0.001630576030110549
210862,0.002283287582470168
210863,0.0023226598758660623
210864,0.000584162893210688
210865,0.0025204335261842263
210866,0.0015405676732410639
210867,0.0006583852924217388
210868,0.002075519926180497
210869,0.017143255240831174
210870,0.01189406049037701
210871,0.0006994950395752554
210872,0.001976536938605539
210873,0.0010751846536487233
210874,0.000651569062866451
210875,0.0022556404945287102
210876,0.001268222625653015
210877,0.0014570906853709842
210878,0.0006420170762285824
210879,0.0009599463149742398
210880,0.0005162058829479716
210881,0.002657793908951358
210882,0.000669948062066773
210883,0.005583947814487372
210884,0.0005395282504664541
210885,0.0005635002516200951
210886,0.0016055952336735961
210887,0.001863351222448988
210888,0.0012736949728212369
210889,0.0017185925759950521
210890,0.0023764486067035934
210891,0.0018448949229250594
210892,0.0014506002145924025
210893,0.0007944756473743902
210894,0.0008298270392344535
210895,0.0009371469371041501
210896,0.0009903329465043762
210897,0.0005640104929731463
210898,0.0007548052539687837
210899,0.0007381358139901244
210900,0.0006837560982084752
210901,0.023471852110669784
210902,0.0017930465446223337
210903,0.06682178721283698
210904,0.0011371910176701558
210905,0.0006595371331756387
210906,0.0006480019687552122
210907,0.000860980377960997
210908,0.0005685490944837784
210909,0.0009548758097466469
210910,0.0005597352283193222
210911,0.0008003962822157784
210912,0.0008798113148108368
210913,0.0028855716696354395
210914,0.001988693852862916
210915,0.0005426365967173591
210916,0.0013322949118675226
210917,0.002316178170251801
210918,0.0006690320282136555
210919,0.0036542951169571294
210920,0.0026293357968023507
210921,0.0008210469777477666
210922,0.0008181842165190055
210923,0.0005239024618598353
210924,0.00046729771754468793
210925,0.00045094542785892745
210926,0.006887932050543685
210927,0.0014110184958178065
210928,0.0005866362669810358
210929,0.004794359070431003
210930,0.0005841009976091313
210931,0.0005887840242786924
210932,0.000544726045724038
210933,0.00046313955959654635
210934,0.000715386889532808
210935,0.0005290411021999445
210936,0.0008508744965462097
210937,0.0007489048032320994
210938,0.0012488584131877972
210939,0.0017448914747057991
210940,0.0005034459876920548
210941,0.0008748762935325228
210942,0.0019875707695792533
210943,0.0007829540804198593
210944,0.000685539219783093
210945,0.005173753980851536
210946,0.0005680680825330831
210947,0.0006452462190730786
210948,0.9929057956377587
210949,0.0005273086603623332
210950,0.0007773824196132895
210951,0.0007019110493558588
210952,0.0005880111564023817
210953,0.0005175640148956331
210954,0.07581751801344576
210955,0.0006651385044227518
210956,0.0006791999095947837
210957,0.0006849020102161425
210958,0.008894736771479535
210959,0.0009306572701372631
210960,0.0069632922329671415
210961,0.004024460048299292
210962,0.0030640325681431223
210963,0.0008496642080152231
210964,0.0006616000285127827
210965,0.004765850699663293
210966,0.0007082709811808819
210967,0.0013807997629443694
210968,0.0020534180313838473
210969,0.001441268384428273
210970,0.0006241136130789558
210971,0.0005284398483110535
210972,0.000634403817915585
210973,0.003349815755553983
210974,0.0006119814258696823
210975,0.0008448609492246841
210976,0.0007100450533219073
210977,0.0007709469575382028
210978,0.0023730954259428673
210979,0.0012920241613244678
210980,0.0006870459719668009
210981,0.0004963118480057369
210982,0.0022695999931300866
210983,0.0007619937903104326
210984,0.001960438617376263
210985,0.0006068374500830969
210986,0.0005480659742245009
210987,0.9973521534555319
210988,0.00047392831085119676
210989,0.0011372303624522866
210990,0.0040062882402834045
210991,0.0016779268713391108
210992,0.0006447254181494897
210993,0.0032953265694014282
210994,0.014500865558944632
210995,0.0036663068231254274
210996,0.0005533582631212791
210997,0.0004965257624367754
210998,0.00192218238624571
210999,0.001627339305317345
211000,0.1416375405326486
211001,0.007432185438626258
211002,0.0007233263558762869
211003,0.0026390342163001013
211004,0.0059649122504585195
211005,0.006760548659253764
211006,0.0007360894915318763
211007,0.0004587120606858316
211008,0.0014270711401008513
211009,0.0014827530403888497
211010,0.0017129975172682443
211011,0.000678061411618061
211012,0.0013787391778948403
211013,0.0036987770966421876
211014,0.002835495741717455
211015,0.003532995094232038
211016,0.01307416057573323
211017,0.0006424388669206806
211018,0.0007525769973845396
211019,0.0006850450017264577
211020,0.0008525028897216711
211021,0.00113872181157894
211022,0.28459829643990786
211023,0.0019956840675638635
211024,0.003598818679260217
211025,0.0006616199742979514
211026,0.0008895444943959379
211027,0.0007227012051505032
211028,0.0007635355853530612
211029,0.0007753491055991982
211030,0.0014034590802405682
211031,0.0005184452849418616
211032,0.002866922726904142
211033,0.0006957887192798869
211034,0.0006666297625911287
211035,0.0009604909233741106
211036,0.00048237303058129197
211037,0.001809734206420138
211038,0.0006973191030622211
211039,0.000780098458874236
211040,0.0006289046948176439
211041,0.0005011492782703135
211042,0.0007848329351499921
211043,0.0380800393414729
211044,0.000560661775347914
211045,0.0025717410832606807
211046,0.001620050385023887
211047,0.0004687160504846077
211048,0.006255680936472181
211049,0.00470651470432885
211050,0.0006320431713450541
211051,0.0013031458397332794
211052,0.000560755142990104
211053,0.0007638099792298095
211054,0.0030167930904477624
211055,0.008055460707686729
211056,0.0017630950064361263
211057,0.000978050674575902
211058,0.0013234581288420683
211059,0.0005784131775141316
211060,0.0005243497707669546
211061,0.0023745387937325942
211062,0.0006988495035699866
211063,0.0004901524762773106
211064,0.0006243786196664889
211065,0.000787679764681107
211066,0.0005471901752652372
211067,0.0005025237359589004
211068,0.0008131997542948459
211069,0.0013711956917202388
211070,0.0025288275796748905
211071,0.0007558861894202415
211072,0.0009307960498752274
211073,0.0006296705999477412
211074,0.021547876615264056
211075,0.0030939142167578947
211076,0.0035236979431443032
211077,0.0007700757028026107
211078,0.0007147351417567621
211079,0.0007555231354052032
211080,0.0008439980360580226
211081,0.001236279509790654
211082,0.000834258979793098
211083,0.009089053835683529
211084,0.0007279544016358093
211085,0.0007446248943992991
211086,0.0029731219222645573
211087,0.002731165307838072
211088,0.0012389754247845671
211089,0.0010324180062896127
211090,0.0004520371543927532
211091,0.0013089373889404363
211092,0.0009221492205882423
211093,0.004334466412766998
211094,0.0015596330058412558
211095,0.0020580185051520274
211096,0.00902168261339676
211097,0.0007248067395224675
211098,0.005268925766084271
211099,0.0065343430101965
211100,0.0008922380568034656
211101,0.003261906409474778
211102,0.0018096127817847465
211103,0.0005270861373855617
211104,0.000890504357599866
211105,0.013900421996306474
211106,0.000613228941247567
211107,0.0006818392543366616
211108,0.0023317259260721055
211109,0.0009990381993820825
211110,0.000751864101428594
211111,0.0005938492224062306
211112,0.0007319442846244319
211113,0.0010520672573970662
211114,0.0007042956496476067
211115,0.0005453761064967031
211116,0.00039939285818713023
211117,0.0007350923648813755
211118,0.01897578291021502
211119,0.004466621600061076
211120,0.0021030376485595163
211121,0.0017561838597723463
211122,0.0028376597541327968
211123,0.0011376021723190606
211124,0.0006335723365023644
211125,0.0013455090259224273
211126,0.0006776660800452422
211127,0.0026197746194808373
211128,0.009828928457477192
211129,0.005258181544336877
211130,0.0005346827879474994
211131,0.0057333632697953475
211132,0.0006292691985620843
211133,0.0006031047963323443
211134,0.0004466217330123052
211135,0.0008579055386888875
211136,0.022919799902750063
211137,0.002341258884209261
211138,0.0007141001161208709
211139,0.0006103813241289428
211140,0.0004621341723230956
211141,0.0005855133857203801
211142,0.0006569558288367448
211143,0.0016006563608093086
211144,0.0014465830419819472
211145,0.001449778426618153
211146,0.0009558875102922796
211147,0.0006551011274548719
211148,0.0008087116762840503
211149,0.0006416129009092912
211150,0.0008800467336656315
211151,0.0004923620900349254
211152,0.0005026600535239143
211153,0.9972421941016191
211154,0.0007521459051041797
211155,0.0011537829028102527
211156,0.0007544449984034326
211157,0.0016296702699141413
211158,0.0005984514456834157
211159,0.0006333549769675078
211160,0.0005910394742241126
211161,0.001198862740211817
211162,0.001706226492460351
211163,0.0014139523887892142
211164,0.0006545299265526688
211165,0.0031706967533764972
211166,0.0007392623975919304
211167,0.0015504180607746458
211168,0.0007535345163280883
211169,0.0029828866970095912
211170,0.000598755144130028
211171,0.0006536188088093028
211172,0.0010578319445424533
211173,0.0008173365311742325
211174,0.022848702557589383
211175,0.0006410781778018798
211176,0.0017553468105810498
211177,0.0008757171745842139
211178,0.0014701072500112001
211179,0.0044145075660410125
211180,0.001072451870163753
211181,0.01957213771872349
211182,0.002054300881074856
211183,0.000868681914074153
211184,0.003489701250027354
211185,0.0013790090536863445
211186,0.0008668609106422486
211187,0.0007293605488477786
211188,0.0006580426543361617
211189,0.0005676171944290814
211190,0.0006173438817351786
211191,0.0010655010902873162
211192,0.0006057102171795525
211193,0.004752034528181601
211194,0.0007218218313527328
211195,0.0011117901158675565
211196,0.0019222279552036326
211197,0.4909746607101355
211198,0.0011316339319732797
211199,0.0009737170718176168
211200,0.0006567490059872607
211201,0.005837279789999105
211202,0.0006216155917452953
211203,0.0005891563765417913
211204,0.003362631568205452
211205,0.0011737469539950438
211206,0.000832746699343643
211207,0.0012380451814910096
211208,0.0006643428478671327
211209,0.0008110293074262572
211210,0.0018351682675610379
211211,0.0006261657110590594
211212,0.04439405702283658
211213,0.0010157537892064683
211214,0.0006941944034625596
211215,0.007137167070574755
211216,0.0008823817460265963
211217,0.001053324319269573
211218,0.0010182758735283088
211219,0.004937930582664842
211220,0.004018115310762153
211221,0.0014866798759636546
211222,0.050968793386262146
211223,0.0011240457174357256
211224,0.0028589420620151133
211225,0.000765810125357808
211226,0.0005818653977946623
211227,0.00041874715183548816
211228,0.009331001300438471
211229,0.0036742460948740556
211230,0.0007374490896070946
211231,0.004035044348258947
211232,0.001062434786944127
211233,0.0015672257693161173
211234,0.0012826814261077833
211235,0.008256665512798947
211236,0.02158070926186082
211237,0.0027882812653083314
211238,0.0006280760436118997
211239,0.0006381648541973055
211240,0.0006295001179139546
211241,0.008510826954538288
211242,0.0006192882122215015
211243,0.001402642337739555
211244,0.00472996034149601
211245,0.0013785044544161638
211246,0.0004657942126547524
211247,0.0007804742513528493
211248,0.0013784391331528648
211249,0.0005010588518565662
211250,0.0006837782530322749
211251,0.023856166817282632
211252,0.002824483644017892
211253,0.0012508417203415628
211254,0.0014284178834735946
211255,0.0009067292968112531
211256,0.001180046109866798
211257,0.0005756657861027112
211258,0.0010557402066584975
211259,0.0018727645817757255
211260,0.0008719406772511326
211261,0.0009557764126826318
211262,0.004827883996261701
211263,0.0013202412281835391
211264,0.0010383453893556814
211265,0.0009224894157705277
211266,0.001994102571731946
211267,0.0014632174426874435
211268,0.0016929894162535804
211269,0.010205614841732293
211270,0.0009391014535414636
211271,0.016825442729086836
211272,0.0014041826576998697
211273,0.0006201396789790781
211274,0.0017914782005594996
211275,0.001123934354290439
211276,0.0005936660605540074
211277,0.0005367580413779189
211278,0.0006537865083308323
211279,0.0018154053917133288
211280,0.0004988640115866663
211281,0.0009332284016948574
211282,0.0029980613409019167
211283,0.01433116495850103
211284,0.0005463856789133481
211285,0.0006500067073293928
211286,0.0007288326183235193
211287,0.0031153492406800183
211288,0.0011525786716224883
211289,0.0005653504339562037
211290,0.005751895941773208
211291,0.004400236179231112
211292,0.0022951374066464266
211293,0.0010349109646266973
211294,0.0010294671915534559
211295,0.0005529387988033262
211296,0.0006777172978586869
211297,0.0006949287809280142
211298,0.0016455899688797599
211299,0.004397208476088935
211300,0.0006003315829116276
211301,0.0005690875730806367
211302,0.0007667836821762793
211303,0.007337176766879258
211304,0.007127503735849101
211305,0.006712621416149886
211306,0.017433260329339954
211307,0.0007078970478180559
211308,0.004305075363210114
211309,0.0008344645222993281
211310,0.0006007991166143531
211311,0.004260949001354648
211312,0.0013407591982227559
211313,0.0006505580683506362
211314,0.0006697883027575826
211315,0.0006762017201368695
211316,0.0007173184304383492
211317,0.0013939362243382822
211318,0.0005622911840158224
211319,0.0007871371792318232
211320,0.0025838466052995526
211321,0.0005541807208461333
211322,0.000892478102885724
211323,0.000515823586622395
211324,0.0019242543887150214
211325,0.0013393658486299859
211326,0.000563943100763211
211327,0.0007958401600634776
211328,0.0008157885457544257
211329,0.0009356395324393998
211330,0.0010130891391928335
211331,0.0017233183781956304
211332,0.007368663197490369
211333,0.0014751645906940728
211334,0.0009564837612632904
211335,0.009866960613382594
211336,0.0004533708722204865
211337,0.0007362072371899376
211338,0.000978761417269986
211339,0.0024658471542483894
211340,0.003352705148853832
211341,0.0006082686439939789
211342,0.0019853230238294065
211343,0.0009728189700852869
211344,0.0005816107264489584
211345,0.0007175004508440527
211346,0.000986849804687166
211347,0.0005573926484134256
211348,0.0009146872323170148
211349,0.011377682063102187
211350,0.0038710805838375693
211351,0.0017375718844122798
211352,0.0009683077751454388
211353,0.0018284091233882345
211354,0.0013876333034626115
211355,0.00221682473588732
211356,0.010221574697185327
211357,0.0011799737296366263
211358,0.0010132782960303888
211359,0.0005987060634012386
211360,0.0013224439133713052
211361,0.0013306851510688396
211362,0.0009440295590606671
211363,0.0013199717607423071
211364,0.0018798048741844714
211365,0.0007818566322430713
211366,0.0009354532483805019
211367,0.0005325560169524198
211368,0.013211806433933534
211369,0.0009535313739955035
211370,0.0008335030902153973
211371,0.019450049364271076
211372,0.0008388047306687335
211373,0.0011310783670750388
211374,0.005631565926237444
211375,0.0006370066287365696
211376,0.0015309125294788643
211377,0.0021931059668012743
211378,0.000539431681245792
211379,0.0052688664501476775
211380,0.0008941288843873299
211381,0.002892732544074646
211382,0.00078915281462082
211383,0.0005485011654685695
211384,0.002306129015917168
211385,0.002127784054394892
211386,0.0010177881340855443
211387,0.0008390638901247581
211388,0.004443871665754591
211389,0.0011397069037286107
211390,0.0036665610625923476
211391,0.0008162743806122971
211392,0.0005479423006234919
211393,0.002801414925746588
211394,0.00048075208168982215
211395,0.0005621213682104885
211396,0.0024145401251305753
211397,0.0027363337322533054
211398,0.0009670747629600069
211399,0.0008514865078201118
211400,0.0007547727471334012
211401,0.0006242985403297779
211402,0.004037643909835137
211403,0.0009302641094171933
211404,0.015143484961567779
211405,0.0005297619764017757
211406,0.0008365116114103098
211407,0.0008969490068928797
211408,0.002439779212156052
211409,0.0018472864156661604
211410,0.0014333212161396517
211411,0.0007828220397032809
211412,0.20049181606992406
211413,0.01327588521311069
211414,0.00402042700172578
211415,0.0013404640701234459
211416,0.001306335909918311
211417,0.0008237547600027269
211418,0.0006045111777694774
211419,0.005784070687981089
211420,0.0006255332019156378
211421,0.001758502130007607
211422,0.002452166217401447
211423,0.0005785601560416788
211424,0.0019753412330003315
211425,0.0008250994145984221
211426,0.00157950752624506
211427,0.005079182528725336
211428,0.0035415040234822357
211429,0.001178720197597204
211430,0.004348982351530967
211431,0.0077938663531410225
211432,0.0008275303923754862
211433,0.00217026359069266
211434,0.0021965951535844928
211435,0.008862923638607745
211436,0.0007008786177294921
211437,0.0005059805664449604
211438,0.003938906212794019
211439,0.0003387199042545356
211440,0.0008695936176676824
211441,0.0007053757110078906
211442,0.000814316162055454
211443,0.000985613651361086
211444,0.0007816461925227046
211445,0.009553358527835556
211446,0.001079180167167034
211447,0.9891878688081741
211448,0.0008217527728157797
211449,0.0006030817880627244
211450,0.018569644424039203
211451,0.0010898211639071443
211452,0.0022035769118654847
211453,0.0015542232349124317
211454,0.005642643811382365
211455,0.0005443996133664233
211456,0.0007907469731816619
211457,0.0010772941947647485
211458,0.0007811567502769533
211459,0.0009038058044990008
211460,0.0007911414700609225
211461,0.001380510366187243
211462,0.0006639805269201474
211463,0.0011087406383693131
211464,0.0005620557127578056
211465,0.0009872113491798513
211466,0.002477451537572369
211467,0.0005448557531212997
211468,0.0011364374988211395
211469,0.0007446717482321862
211470,0.0014244244847650125
211471,0.0019196169922838303
211472,0.010715969651220618
211473,0.002610482893442937
211474,0.00045213003759512175
211475,0.00543640742346695
211476,0.0024558823572773105
211477,0.006284269079823792
211478,0.000623947909679165
211479,0.0006265629857415134
211480,0.003835642341972382
211481,0.0006204972431328161
211482,0.08726074400217415
211483,0.0467827364712344
211484,0.0007372970100007459
211485,0.0011200134380733606
211486,0.004576579928987239
211487,0.004281702540451316
211488,0.0007954574508979191
211489,0.028086809635284413
211490,0.0005934821572475373
211491,0.0017311266847000154
211492,0.0011617965757060866
211493,0.0004128120759772858
211494,0.001700961389805193
211495,0.0008378734306487988
211496,0.0007140517475701383
211497,0.0005506208996609757
211498,0.0029896903405702297
211499,0.0010238338775552078
211500,0.0005872447467550387
211501,0.0008333475488962402
211502,0.0010525907960430348
211503,0.00048603339581367527
211504,0.024280756433073293
211505,0.004037687558455209
211506,0.0007067137835544387
211507,0.0013570140735499514
211508,0.005849279333501961
211509,0.0014852704205426228
211510,0.016957667061587724
211511,0.002065065160415846
211512,0.0032728762922070997
211513,0.0030985625869876946
211514,0.000527754644636212
211515,0.000684713355942947
211516,0.0007730291786625262
211517,0.00997623564309847
211518,0.002242826549067956
211519,0.000892834556839997
211520,0.006947627798569202
211521,0.0009081702817720192
211522,0.003938702412982513
211523,0.0006063650012608934
211524,0.0007847302099502618
211525,0.0021324246972413263
211526,0.0006795902073263351
211527,0.0007172195092628168
211528,0.01097905328680778
211529,0.00046688991647943543
211530,0.000879606465311557
211531,0.0066901477441904484
211532,0.005442832068805498
211533,0.0008877157887636725
211534,0.0005497282489190117
211535,0.0024685412132246236
211536,0.000795855973618078
211537,0.000628549334911188
211538,0.0031056287644173897
211539,0.0008721909798774786
211540,0.0013581411286356243
211541,0.0037277740107978905
211542,0.0009084328895421447
211543,0.0006473992784189521
211544,0.008212313940778291
211545,0.0005583890723649377
211546,0.0009859975327424588
211547,0.0010147543679003017
211548,0.004756572765895969
211549,0.002021160019459298
211550,0.0029007870961321575
211551,0.0014014794303984844
211552,0.9943664464906428
211553,0.0012072557621050886
211554,0.0005713260007361807
211555,0.0006768463518175346
211556,0.0009720000693612767
211557,0.0030971323443342064
211558,0.0009619859685503754
211559,0.0006116805718175537
211560,0.0005022032875123928
211561,0.0006399142067112994
211562,0.0007358070254650558
211563,0.04736817753867188
211564,0.008417652726493531
211565,0.008293419710535519
211566,0.0010004644809561345
211567,0.001095068268491037
211568,0.000504766861394023
211569,0.0005899242756142397
211570,0.0022047681331480206
211571,0.0005382392227782427
211572,0.00736923720990017
211573,0.0019698982752610304
211574,0.0006689556795359444
211575,0.001692620185228684
211576,0.0007382426348123867
211577,0.0007703279937777553
211578,0.0005135539581484725
211579,0.0065129883070597725
211580,0.0013250607518728078
211581,0.0006259720436096931
211582,0.0015139718729292443
211583,0.0040758564328647676
211584,0.0005934449604150803
211585,0.010926475775601107
211586,0.0007675582724900162
211587,0.0008013994749906553
211588,0.0011985337123668642
211589,0.001016326408416668
211590,0.0012886408870963946
211591,0.0007266343538240403
211592,0.006930134123774306
211593,0.0005050350217021149
211594,0.0006920062787923747
211595,0.025574317965322696
211596,0.0009750033085249661
211597,0.005324192119443818
211598,0.00052294347339878
211599,0.0006225234083718997
211600,0.002992660138667621
211601,0.0029482524869372975
211602,0.0005804563448747965
211603,0.0006117601549950343
211604,0.00661258021439676
211605,0.005477394623959431
211606,0.0028848765326987256
211607,0.0009338988433721771
211608,0.0005623082262305891
211609,0.0016118967150694466
211610,0.0010057621682496175
211611,0.0004999209225254316
211612,0.0004554422296579105
211613,0.0004717036156577903
211614,0.0006057135785680655
211615,0.0007773037736221507
211616,0.001447029469499862
211617,0.0007767775643002449
211618,0.0009140882145802611
211619,0.36074706532296463
211620,0.00921519822543496
211621,0.000552501673536688
211622,0.0006346581992734423
211623,0.0006439382620372628
211624,0.003914383455572168
211625,0.0006974657369251929
211626,0.002643741560679102
211627,0.0018635134917673146
211628,0.0004015810396897334
211629,0.0015661594415793303
211630,0.0008990633591745306
211631,0.0016202376457232655
211632,0.0018720792461396213
211633,0.0004105258916147405
211634,0.0015939832957373786
211635,0.0005090943650500613
211636,0.001759601979652861
211637,0.0019978484069198494
211638,0.00038466806402887363
211639,0.002567229514085255
211640,0.0007643800489728333
211641,0.0005433302549316299
211642,0.00185887067706269
211643,0.0006868524824047006
211644,0.0011246541296390212
211645,0.0011939976056474153
211646,0.002315465110998691
211647,0.0007209794130328584
211648,0.0006765419859913165
211649,0.0018161797871585588
211650,0.0045484179523774615
211651,0.0008838065512076698
211652,0.0007192318242804172
211653,0.0008132720679750993
211654,0.0021265496346728517
211655,0.0005743629754602609
211656,0.001462249200876324
211657,0.007166792298373684
211658,0.004716040741685923
211659,0.0012721807950758697
211660,0.0020815347076145246
211661,0.005255265624359311
211662,0.0006310374832575446
211663,0.007694418950336339
211664,0.0018903147920234131
211665,0.0019579280530113504
211666,0.0009330300961260808
211667,0.0015992121874203727
211668,0.00556574553234305
211669,0.0005192647529821823
211670,0.0008173570572106678
211671,0.0010970004312104628
211672,0.0016487029431957638
211673,0.0011702960126505663
211674,0.0011533898092483692
211675,0.0029827414140430994
211676,0.0031845276068015555
211677,0.0006176811461017515
211678,0.002468114301891163
211679,0.0005376342086523024
211680,0.0006948207109449139
211681,0.0007467688714721462
211682,0.0011501447960839952
211683,0.002611129147363749
211684,0.0005257744965762611
211685,0.0006718313100645015
211686,0.04484909668974661
211687,0.0009184976241650696
211688,0.0008140613698993458
211689,0.0010233104749176928
211690,0.009226145310574592
211691,0.0025721482599235647
211692,0.0008486222214343233
211693,0.00041576369403024775
211694,0.0019730728843033386
211695,0.000658405270787207
211696,0.0008726852026489991
211697,0.000546067291819629
211698,0.000599390264697452
211699,0.0008660095156825403
211700,0.005016909590013427
211701,0.001038459150728361
211702,0.0010761017871149324
211703,0.0008365902105022011
211704,0.0005645652929818633
211705,0.000548723756177705
211706,0.0004828422449639075
211707,0.008497377776108091
211708,0.0023100110288300927
211709,0.0006155126250360187
211710,0.001677879670128704
211711,0.0004925465350376326
211712,0.0004324786035295827
211713,0.0005828747340781117
211714,0.019194709573510937
211715,0.0013097847717300497
211716,0.003749346281302176
211717,0.0007985737531736221
211718,0.0005749494530249398
211719,0.0006584046780635352
211720,0.0012808393011305337
211721,0.0006268542733080661
211722,0.0015307697360627522
211723,0.00651028205687728
211724,0.0011466976495572983
211725,0.0005506004148208057
211726,0.0020647497350416593
211727,0.002110694339002357
211728,0.0015517662899723833
211729,0.0023207402403648686
211730,0.0007099170959880558
211731,0.0008626228027453822
211732,0.0007198402389077458
211733,0.0006087892535387664
211734,0.0007435249876184473
211735,0.0031640234677538246
211736,0.0009538101110469776
211737,0.019685669306424715
211738,0.0007017430270887935
211739,0.0029300599768271925
211740,0.0011868090713817502
211741,0.0008708613620701983
211742,0.00044551890694184064
211743,0.002348244298280477
211744,0.0006422824854481582
211745,0.004231011795099658
211746,0.00510816740371799
211747,0.001580606312453894
211748,0.0043440678752907315
211749,0.0008770946678855688
211750,0.016403618847523845
211751,0.0033927104402101055
211752,0.002607470271150368
211753,0.000596990950318798
211754,0.010508798658025578
211755,0.01658869474707644
211756,0.002063907544500417
211757,0.0007668439049126907
211758,0.000729709596226328
211759,0.0014309883893576457
211760,0.0003013123382673419
211761,0.0026035159516869565
211762,0.0007489692072964393
211763,0.000873479825732803
211764,0.0007471085856188056
211765,0.00126577504557765
211766,0.004515419918322552
211767,0.0005172793555922079
211768,0.0009498233136501738
211769,0.0014460525046864092
211770,0.0008222076220471729
211771,0.0009127943878682069
211772,0.0006451548721960877
211773,0.0012081615397457762
211774,0.0060632112966039955
211775,0.0022282028382251914
211776,0.0004998807313828807
211777,0.0035794182188866415
211778,0.0007395794447645694
211779,0.0026829429224602508
211780,0.010081585019896703
211781,0.00040091388184354114
211782,0.0014925703056788528
211783,0.001049582024788396
211784,0.0008371273200454565
211785,0.0022545296580741064
211786,0.9961639516036376
211787,0.0004479192218101422
211788,0.0007304115566226856
211789,0.012334771832469412
211790,0.0022820240686845525
211791,0.00337909373957564
211792,0.003250295640208138
211793,0.0020033827429769982
211794,0.0054917094714933175
211795,0.0010929000549796432
211796,0.0005364489239663139
211797,0.0010260389017085097
211798,0.0011152513750210971
211799,0.005414502857724253
211800,0.0020328588511011095
211801,0.0011393447041115187
211802,0.000900714769410316
211803,0.0034829486126164077
211804,0.002578859559853112
211805,0.0061227373477674525
211806,0.0005885360758990833
211807,0.0027339107564487777
211808,0.0012572241645765444
211809,0.0017969438816895387
211810,0.002505771630824106
211811,0.004883426145932755
211812,0.010418601454351391
211813,0.0005999669669744427
211814,0.0005388152098914191
211815,0.0005487090198873582
211816,0.0008570109102959965
211817,0.0022113140183498145
211818,0.009390683184788053
211819,0.0009783528358860939
211820,0.0007414340497213763
211821,0.00279960930320338
211822,0.0007514786302122097
211823,0.0007416755199343213
211824,0.0006212048574935298
211825,0.002870034618766502
211826,0.0005728609753230391
211827,0.0018608363698426511
211828,0.9526108837755767
211829,0.0016822337471290062
211830,0.0022211419452782383
211831,0.13568848362237662
211832,0.0004227208865930024
211833,0.0006806705164006637
211834,0.010702895549836694
211835,0.0024862131491925924
211836,0.0005972267041667088
211837,0.0005943005545751204
211838,0.0007151599695207366
211839,0.00045838900064615876
211840,0.0005386679343805267
211841,0.0022290269689895026
211842,0.0006479817799528388
211843,0.0003929631888583427
211844,0.0006922072960503356
211845,0.04967821401516098
211846,0.9914387211812143
211847,0.0018479071023744002
211848,0.0006294940304512281
211849,0.0011168171443677456
211850,0.0013717749770741198
211851,0.0010379733659829401
211852,0.0005302799192534331
211853,0.0006058979653103796
211854,0.006770930666827376
211855,0.0006204032416680177
211856,0.0010201434413987796
211857,0.003758495284247997
211858,0.005892528758370793
211859,0.003154589410829128
211860,0.0006493091105303436
211861,0.001486820604334083
211862,0.0010719386418496144
211863,0.9968694292393177
211864,0.0007875570147652454
211865,0.0020954633856277946
211866,0.0008203246552599881
211867,0.0014534510312598334
211868,0.0007055244321361887
211869,0.002846768604154113
211870,0.007922631230662808
211871,0.0005371104911565247
211872,0.0005813276621483906
211873,0.0006290032040570505
211874,0.0006731563690070817
211875,0.0011612671113068187
211876,0.0006345999970598299
211877,0.00421978082031443
211878,0.0015823608864774213
211879,0.0009147877149309476
211880,0.0010358437668307248
211881,0.0021909991677052697
211882,0.004692446739277422
211883,0.002653022814956706
211884,0.0016679162632903032
211885,0.0007382363377516666
211886,0.0006795551383434665
211887,0.013517937570535541
211888,0.0026543620557046227
211889,0.0005541731644094598
211890,0.018299937302934343
211891,0.001999156924242393
211892,0.0005252940762145777
211893,0.0015890280961456651
211894,0.0013355388465020825
211895,0.0006705518876642282
211896,0.0009632350289389969
211897,0.0026682614945459614
211898,0.0010571998610131052
211899,0.0010313681405576577
211900,0.00081725453063466
211901,0.0006643765173546829
211902,0.0006404719151947253
211903,0.0005526202584121477
211904,0.0014138008719961487
211905,0.0010066538485888523
211906,0.0007022698590135083
211907,0.0007951401676230842
211908,0.004881600265816839
211909,0.0005323078803890662
211910,0.0006165202265578523
211911,0.0010027733924035539
211912,0.007977716480700028
211913,0.0007493054186261436
211914,0.003168663890400429
211915,0.00114741490882629
211916,0.0006144066966227963
211917,0.0008345490336942891
211918,0.0006804385064192028
211919,0.0005540144276414863
211920,0.004434242611706351
211921,0.005790315166869666
211922,0.0005294109808559911
211923,0.0004577211185170701
211924,0.0013482230026417618
211925,0.0010408995223424
211926,0.0005374223405352908
211927,0.0022611803788060722
211928,0.0005845607861397835
211929,0.0006380912416643831
211930,0.019499307176514838
211931,0.0006699686453311414
211932,0.0013795574405617555
211933,0.0014294789703114897
211934,0.0006446134852352646
211935,0.0004874976931825258
211936,0.0011231127906232128
211937,0.0006584199173841745
211938,0.0034607311349123294
211939,0.008459371311913296
211940,0.0005063207943939332
211941,0.003928836328896738
211942,0.014363198345310125
211943,0.0014361746711631868
211944,0.000511914823024498
211945,0.0026132959788687828
211946,0.002780891230647293
211947,0.0051533264969344395
211948,0.006574215341433021
211949,0.9974082581432283
211950,0.0003538437370834266
211951,0.0012282962198119688
211952,0.0007642872240699852
211953,0.0004832666808825054
211954,0.0022749346975024843
211955,0.0009602010366929722
211956,0.0005571198233935417
211957,0.0006785366357048218
211958,0.0014026879558216479
211959,0.002586202132757949
211960,0.006308724860338054
211961,0.002732303655939938
211962,0.0005096474988735486
211963,0.0008959691594324468
211964,0.002819566418711547
211965,0.001755332324330981
211966,0.0017915753224406936
211967,0.0006933620053963886
211968,0.0006243358182756327
211969,0.0026313136659266833
211970,0.000679031719435706
211971,0.028498074579352693
211972,0.003315881600919609
211973,0.0006980591313804406
211974,0.01862515050518817
211975,0.0017378764088145132
211976,0.043876724825534785
211977,0.0004423982354741936
211978,0.3045043031790741
211979,0.0016025407920452843
211980,0.0005812199133666703
211981,0.000540616375713979
211982,0.20133230900207064
211983,0.0004656373993611481
211984,0.0008891032291088543
211985,0.001076236050255028
211986,0.0017676668158213837
211987,0.0024084272917560302
211988,0.001926090733405702
211989,0.001251146991613053
211990,0.001674014016081549
211991,0.0008576249154345377
211992,0.00037965937682186746
211993,0.0014093404543665084
211994,0.005905999935216809
211995,0.0006426720146937307
211996,0.004406770664547363
211997,0.0019736552054856584
211998,0.000642248349927351
211999,0.0005981796218438208
212000,0.0045421095956695865
212001,0.0005499631276671264
212002,0.0005710157946539357
212003,0.0025582792405213365
212004,0.0007229953665511896
212005,0.000512397774272176
212006,0.0030466655527462347
212007,0.0006501563773389555
212008,0.00058381554760144
212009,0.0009992973729236584
212010,0.0005722492564130268
212011,0.0029778445282466993
212012,0.0006519830166768456
212013,0.0007753210563959012
212014,0.005443127353131617
212015,0.002897513549625347
212016,0.0008974130959318004
212017,0.0021458025535880717
212018,0.0025576255335848256
212019,0.000976815154803919
212020,0.9960967112023038
212021,0.0006835687831054048
212022,0.01657253294469012
212023,0.0006065550314003031
212024,0.0007206815544676028
212025,0.00045651361314125204
212026,0.003753686269823196
212027,0.005314803408993245
212028,0.014072193117119103
212029,0.0007757709333911627
212030,0.0006589435873925546
212031,0.0017676548063675968
212032,0.001067424911191702
212033,0.004577968600066255
212034,0.0005458074247265415
212035,0.0015474660657354622
212036,0.000751391267783947
212037,0.00490965628264789
212038,0.0010270990657322387
212039,0.0015162612372672016
212040,0.004730327824603225
212041,0.001171069424236646
212042,0.0008150021240557088
212043,0.0020439265386029077
212044,0.0006931113978470399
212045,0.0007645997263681328
212046,0.0018142880461661098
212047,0.0007308173940204087
212048,0.0006880357806185436
212049,0.0005512293273096946
212050,0.0006279676812747175
212051,0.0007993086181848717
212052,0.0009928471842785733
212053,0.0006859826150128163
212054,0.0017809750334302358
212055,0.0019003129775260845
212056,0.010701344985459653
212057,0.0007583032157291484
212058,0.0030434672777285947
212059,0.0010506469336717984
212060,0.000983077921308488
212061,0.002354323484157341
212062,0.0019488210671707441
212063,0.017111735960364298
212064,0.001091488456406052
212065,0.0006109726592249562
212066,0.0023007995336450726
212067,0.011017937063030718
212068,0.0008428324366584969
212069,0.007883166181040164
212070,0.001794648646734388
212071,0.0005136580995761219
212072,0.0009011517391068157
212073,0.0009147515284288504
212074,0.0009388127031089259
212075,0.0008256336279939681
212076,0.0009305764412559231
212077,0.014852312477846678
212078,0.0006848606779255435
212079,0.006204411483381794
212080,0.005047654957092614
212081,0.0010135984867113332
212082,0.0004793886228227367
212083,0.0006031147185578247
212084,0.0005334535575222989
212085,0.01295938995075862
212086,0.0018919709445936088
212087,0.0009253229486228687
212088,0.0004831012508291423
212089,0.0010467439315781902
212090,0.006857668035047365
212091,0.0009625344446105945
212092,0.0007168680286360603
212093,0.0011837647035986367
212094,0.0034177041221281207
212095,0.0035277327186007687
212096,0.0028862090746542934
212097,0.0014389343676721115
212098,0.01748109375288265
212099,0.00044181636795866743
212100,0.0013115180568292746
212101,0.0036099175177759825
212102,0.00043464137365966987
212103,0.0006943760049353727
212104,0.0021192840574261115
212105,0.011919267159056385
212106,0.001424785872718496
212107,0.0014940086916815838
212108,0.00047680875269660747
212109,0.0008550557400181622
212110,0.2043204038493635
212111,0.0007128597735076577
212112,0.009842948017776564
212113,0.0029748176656123754
212114,0.002675667844494216
212115,0.00043910346001624497
212116,0.0005673109938502769
212117,0.0008663523456076514
212118,0.0006961803351659663
212119,0.000588574450236683
212120,0.0010474586123869838
212121,0.010724240155226853
212122,0.002295732065917468
212123,0.0011024152771383494
212124,0.0008998420022705822
212125,0.0008804064883087669
212126,0.0016960349123773528
212127,0.0006609180046550891
212128,0.006567920238966088
212129,0.00502261313164276
212130,0.9968030910883852
212131,0.0014935057338943624
212132,0.0010630826881847565
212133,0.0037823881802600025
212134,0.0009170517386897275
212135,0.0005289901518528511
212136,0.000551794584196359
212137,0.0006396063696637958
212138,0.9905961222319611
212139,0.0021020625107636822
212140,0.0014140898379561865
212141,0.0014969716057052778
212142,0.0005912723213258907
212143,0.0005555667174127753
212144,0.016790418520202535
212145,0.0012869044281824237
212146,0.004638310423836068
212147,0.0011498773708284397
212148,0.0013059851538213402
212149,0.0029615272630030467
212150,0.0015194960923865972
212151,0.002045716246091225
212152,0.0022682306586368477
212153,0.0015394355050689704
212154,0.0011928571564149147
212155,0.0006078956979810939
212156,0.0005356686049442075
212157,0.0006189341169288273
212158,0.0005742648616977098
212159,0.0018743209696908663
212160,0.0011821933399107421
212161,0.0025441904003406296
212162,0.000992811596187148
212163,0.0010382997992021332
212164,0.0018114182080617995
212165,0.0003984223571318421
212166,0.0012252735320403313
212167,0.0009426151688086072
212168,0.0008351550494420854
212169,0.0006703886573797564
212170,0.005895214470025964
212171,0.0021741705748648662
212172,0.00365021829527899
212173,0.007337864033219144
212174,0.0011099207975023588
212175,0.0006986442950954416
212176,0.0010060460774461146
212177,0.003329016935695704
212178,0.0020735571731369234
212179,0.0015068555536836266
212180,0.0008429779447885754
212181,0.0013279666570767843
212182,0.0005727642758270976
212183,0.0005708502505061162
212184,0.007361176524301051
212185,0.0008593567708043965
212186,0.0013504189722170522
212187,0.0015401921492642508
212188,0.000680584884635165
212189,0.006716642659384565
212190,0.0004977964329414021
212191,0.0010574513336466598
212192,0.0005857571600913825
212193,0.0005017166889329525
212194,0.002293390107990233
212195,0.003385100679105273
212196,0.0007317392946462357
212197,0.0005009609202608759
212198,0.0005567929123525651
212199,0.0016984249239823054
212200,0.0016114163305341064
212201,0.0013832054767961145
212202,0.0009276730708779352
212203,0.000742657295251705
212204,0.0008305546340742988
212205,0.0007678048460832075
212206,0.005153223306747124
212207,0.001471729842338846
212208,0.001236716739149954
212209,0.000905285191885758
212210,0.0008884712544094328
212211,0.0007182836991344488
212212,0.0025205356826071106
212213,0.0010046738022758618
212214,0.005518617109944388
212215,0.0012730819269727842
212216,0.00042998307380953595
212217,0.0018960958236790154
212218,0.0013035568320432988
212219,0.0006398734827704261
212220,0.0010329906817517103
212221,0.0008711567671590198
212222,0.004401559903050495
212223,0.0005383350179182231
212224,0.0009421641202987056
212225,0.0015352200512155102
212226,0.000923581844536627
212227,0.0004781827514037548
212228,0.0006221316855039977
212229,0.0017512156758623845
212230,0.00045564578546546694
212231,0.0017865527948522056
212232,0.0008179452896086498
212233,0.008394227592181903
212234,0.0011809620096945098
212235,0.0007434087364315188
212236,0.0018067465794380517
212237,0.0007234346986954796
212238,0.0009159243835102921
212239,0.0008058876858081316
212240,0.00116056779773307
212241,0.0008885451858616782
212242,0.020896403332186845
212243,0.0017102805447297463
212244,0.9730430286610434
212245,0.002104859894206312
212246,0.005428934566363927
212247,0.0006552902754497952
212248,0.002090873050360281
212249,0.0008918199429209156
212250,0.0013326942882389843
212251,0.0025288323372887602
212252,0.0006436163623478231
212253,0.0010626435174888062
212254,0.0009170012307584606
212255,0.0008468431212395632
212256,0.0006339828468253368
212257,0.0010408198231327626
212258,0.0026547507103908104
212259,0.0013516268648302195
212260,0.0006057043287646035
212261,0.0005480933524793826
212262,0.0008814040672025151
212263,0.008757671234461317
212264,0.0003537321961872031
212265,0.000456666374497487
212266,0.0005133286197154609
212267,0.0004151622771090685
212268,0.0005870765246949349
212269,0.0007028201257171947
212270,0.000491959397384826
212271,0.0004687124374127639
212272,0.004454951056186399
212273,0.00040321301409170423
212274,0.0009466371749148562
212275,0.00046069004107061065
212276,0.0005647421667397214
212277,0.0003921523283270841
212278,0.0007739234809889775
212279,0.0004951907531843823
212280,0.00675544876443405
212281,0.0008476572052932236
212282,0.008074297228060929
212283,0.0007352980289534315
212284,0.0005934272578429366
212285,0.003661263430577987
212286,0.001630766533355537
212287,0.0027903044236802657
212288,0.0005908013571004622
212289,0.000622765713139993
212290,0.0004416220649837025
212291,0.002593326435272109
212292,0.001768538417557901
212293,0.0012753261954803626
212294,0.0006890805641299211
212295,0.001226125420994842
212296,0.0006039932282731151
212297,0.000591051527211103
212298,0.011964458735196554
212299,0.0018607659422225013
212300,0.00053701945777203
212301,0.0018130374450723691
212302,0.0018691595239332913
212303,0.004871072624224461
212304,0.0061330477637882115
212305,0.9947436837507216
212306,0.000512277778198435
212307,0.0006816522303883572
212308,0.0027166787192664434
212309,0.008051378257918042
212310,0.0007338562965200344
212311,0.0005811521081447731
212312,0.0008220341130911777
212313,0.0006563049562525874
212314,0.0005736408715636875
212315,0.000567918228732401
212316,0.0005702151773033007
212317,0.0008996101222374242
212318,0.003402848569684915
212319,0.0009286789334843471
212320,0.0007600859495511391
212321,0.0004874605546420211
212322,0.0010277518743879645
212323,0.0005724737277914627
212324,0.0006977527657502371
212325,0.0006014627784794739
212326,0.0006538581832819997
212327,0.001191414440229017
212328,0.008212193186932573
212329,0.000941841614057997
212330,0.0058985467716499125
212331,0.0006111693628165242
212332,0.0018432750557410326
212333,0.0004474368268214763
212334,0.000945762457830634
212335,0.0005731867639426731
212336,0.0010258332204075033
212337,0.0014739004490508518
212338,0.0007832959297461817
212339,0.00332346363333516
212340,0.00569523091375767
212341,0.00311380129867817
212342,0.002824204620085033
212343,0.0006075813102074067
212344,0.0003148372672631433
212345,0.00264158448684581
212346,0.0006577110600880822
212347,0.0006829819901932545
212348,0.001594708289457732
212349,0.0009303079904554956
212350,0.00047488574249999994
212351,0.00046641997341530846
212352,0.0006028366162549422
212353,0.0037369556648180558
212354,0.0007423627342911482
212355,0.0010762514095058108
212356,0.003178255786707271
212357,0.0010610503556560851
212358,0.0015001101995601718
212359,0.0005604491927394855
212360,0.005322443331246998
212361,0.002015262638582077
212362,0.001268727003432738
212363,0.0032714906083893894
212364,0.000705295912640767
212365,0.0007152087260746672
212366,0.0007590448298749684
212367,0.0004893414172933894
212368,0.001130296565461409
212369,0.009030105417607064
212370,0.0021587259963670863
212371,0.0022167567710949586
212372,0.0008013810742628488
212373,0.0004548060851016857
212374,0.0004625088202451944
212375,0.001570395757063503
212376,0.005567746545722432
212377,0.002989574711974696
212378,0.02205216764366113
212379,0.0013512429634167462
212380,0.0033713176921981104
212381,0.002494064051442167
212382,0.0008094964482896505
212383,0.0008288443409883072
212384,0.00140974924564745
212385,0.003269101901390439
212386,0.027212242570643044
212387,0.0008246227594275393
212388,0.0008374364822101147
212389,0.0006783023000664456
212390,0.011856321615812546
212391,0.0010918890142145926
212392,0.0003984835741635765
212393,0.013386194407759754
212394,0.001673531679103627
212395,0.0008136594954854068
212396,0.016699003440538332
212397,0.0011445294727332512
212398,0.0006411433171406143
212399,0.0013713635532773033
212400,0.0005299449396072426
212401,0.006671796098826178
212402,0.0008396781294588026
212403,0.000571881520674862
212404,0.00048136200198475236
212405,0.0005278091098471253
212406,0.0004718093556313746
212407,0.0007424517174681798
212408,0.0007708587686644855
212409,0.0010727035044955523
212410,0.0013420708895980275
212411,0.00040373250249413524
212412,0.007842672883422509
212413,0.0008502010368673951
212414,0.0009315436279054678
212415,0.0010828717580193175
212416,0.0033187785470253817
212417,0.0004966327844338425
212418,0.0011190822916650077
212419,0.0005603425166118256
212420,0.0033655884619095988
212421,0.0022561534656687973
212422,0.0008930263118193359
212423,0.0006399386385046236
212424,0.0007072875403080458
212425,0.004947335969169143
212426,0.000552983259172835
212427,0.0014247615049522142
212428,0.00045223504883896607
212429,0.008420333415023606
212430,0.000652622709968553
212431,0.0007873045497999015
212432,0.0008667113850352179
212433,0.000984579517274156
212434,0.0010372816004503961
212435,0.0015528733752498804
212436,0.001000359912659573
212437,0.001605596222064262
212438,0.0004344705314370902
212439,0.000509383660159108
212440,0.0006610704717360241
212441,0.0007922172084978824
212442,0.015514661665507867
212443,0.0015762227982382135
212444,0.0008310154369437606
212445,0.0027753569673230265
212446,0.003624831308234942
212447,0.0007172221900846321
212448,0.0007017188767964329
212449,0.0006340906386233041
212450,0.0024232146957561306
212451,0.0077807453497051515
212452,0.0018731070360103854
212453,0.004315873245515821
212454,0.0005576252592696352
212455,0.0013024263535818849
212456,0.0005561959847561531
212457,0.0005100288927290323
212458,0.0034039752780207697
212459,0.0011181275933072753
212460,0.0005136446770366642
212461,0.0009428526721779681
212462,0.0005684121423833538
212463,0.002076919979041999
212464,0.0026919831441795565
212465,0.0005218512868544129
212466,0.0014026014195441703
212467,0.0006578637333761361
212468,0.0005082260304808883
212469,0.0019039864721325105
212470,0.0008738766551842042
212471,0.004489834589884692
212472,0.0022677023321331915
212473,0.0006758899328158498
212474,0.004233458351417569
212475,0.0020218209508997267
212476,0.001537665251758863
212477,0.0009156316321662285
212478,0.00047445086674567037
212479,0.0008644914945494103
212480,0.005530910485907571
212481,0.0007803039751259724
212482,0.0020324056968403386
212483,0.0010447470087978192
212484,0.008915951758673943
212485,0.0007640987216795115
212486,0.0005333041935912885
212487,0.017553165820277754
212488,0.0008304519301784968
212489,0.017840569956777606
212490,0.0019011917675728445
212491,0.00030907067847713883
212492,0.002408497842049319
212493,0.0010430506075165774
212494,0.001816417238791482
212495,0.0007982172961056755
212496,0.0006941546504715669
212497,0.0028920046288022716
212498,0.0071067937733581875
212499,0.0006345921756612271
212500,0.000570586667634376
212501,0.0006890686834361851
212502,0.0011672603948046862
212503,0.0004948782944044694
212504,0.005305771955183659
212505,0.0009095387633342128
212506,0.0029359972375578615
212507,0.0007931472485795473
212508,0.004852440010208663
212509,0.0007390495445946642
212510,0.001100026332778515
212511,0.0005807934823077431
212512,0.0006409824182151136
212513,0.0009787738997997226
212514,0.00040441368318908127
212515,0.004916292552905986
212516,0.0009243313363355649
212517,0.00046735070994558567
212518,0.002006400483777784
212519,0.0009566531730513105
212520,0.0020170886464493777
212521,0.0005909051650689211
212522,0.0006349817386678478
212523,0.003088856680612732
212524,0.0008727415121781698
212525,0.00282418774653831
212526,0.000437601510219275
212527,0.0009371141179722583
212528,0.0005172712394217054
212529,0.001897486728451866
212530,0.0016907359601348085
212531,0.0010196802015147231
212532,0.0007810882668260912
212533,0.0022941064682181914
212534,0.0015952908217815298
212535,0.0017494163288261986
212536,0.0017686580788285745
212537,0.001997706865949398
212538,0.0005789767769532469
212539,0.0005981574712112046
212540,0.0021815616266271957
212541,0.0007009020463239772
212542,0.0016433807937226623
212543,0.002101667730668049
212544,0.0013513678263458151
212545,0.0006581831783413214
212546,0.002749974770116748
212547,0.0005556974628525772
212548,0.0005452001218829164
212549,0.000560953833567456
212550,0.0011011548268293424
212551,0.005018860205593475
212552,0.0013099628462585478
212553,0.0012790912364089072
212554,0.001341343553654271
212555,0.0008517286271578139
212556,0.001007189220225358
212557,0.005003088971649991
212558,0.0007468104371339063
212559,0.0017224828256590028
212560,0.0019247021083273756
212561,0.0009353986276862853
212562,0.0005803321118420624
212563,0.0015788926195405293
212564,0.0012608262890398325
212565,0.016032807916065366
212566,0.0011561737013859625
212567,0.002625780447051842
212568,0.0005975532466202079
212569,0.0007758790288584562
212570,0.00499526926268001
212571,0.001152877724601927
212572,0.001141728936612769
212573,0.0011039393947358772
212574,0.0005873608901975037
212575,0.0015514261974980752
212576,0.0005065142981836949
212577,0.0005251451123902469
212578,0.9939510168409793
212579,0.0005728068927018735
212580,0.0009153414760360133
212581,0.0017997083176608333
212582,0.0016353407209586616
212583,0.010583213908821392
212584,0.0015213448774361905
212585,0.0010591826850341595
212586,0.000730441234639511
212587,0.0007980024865457174
212588,0.002838213998189236
212589,0.9945457098790127
212590,0.0013799504253022348
212591,0.0023427744660921334
212592,0.000601465395160844
212593,0.0006580931178998067
212594,0.0010087394050627976
212595,0.0005449749209944336
212596,0.001163250834816345
212597,0.001589370564768783
212598,0.0036347692915226553
212599,0.00047948205785008094
212600,0.2007071898966555
212601,0.000744653847512984
212602,0.001910657358588482
212603,0.015417815062349825
212604,0.5122376609826752
212605,0.0029208602772076405
212606,0.0007264992353852266
212607,0.0018395984994836342
212608,0.0006625839216550393
212609,0.00045692152608436856
212610,0.001990515791298591
212611,0.0018817006163433401
212612,0.00070225869267251
212613,0.0010208090713127232
212614,0.002149116758820378
212615,0.0020228866221481236
212616,0.996662509423557
212617,0.00844710489389584
212618,0.005330600608910052
212619,0.024074244627569096
212620,0.000806875671743754
212621,0.035184182168004244
212622,0.0011938841972643113
212623,0.0017405649303593204
212624,0.0007744857493738465
212625,0.00048607765145602824
212626,0.000506683213672041
212627,0.00034678475682263895
212628,0.0007226514307784036
212629,0.0053259814688400905
212630,0.0014405318706234896
212631,0.0031173382445684366
212632,0.0016151009317431058
212633,0.0014710808472335824
212634,0.000746279663215725
212635,0.0005822180521615047
212636,0.0005660419122074114
212637,0.0007726969655746864
212638,0.0005984978174751453
212639,0.0008895549001317911
212640,0.0021617287735563977
212641,0.001042402965062885
212642,0.0004191498504931694
212643,0.0017762041246906957
212644,0.0036578836141847306
212645,0.0006529277067055597
212646,0.15431141270130824
212647,0.0005072524172136054
212648,0.0011673993550949066
212649,0.005684740509350422
212650,0.0005341510247158604
212651,0.0015146494823902227
212652,0.0013012312328023828
212653,0.0005079597526445967
212654,0.000751201519942138
212655,0.0033444912927884053
212656,0.002525682628319557
212657,0.002552014643060693
212658,0.0017973885588317409
212659,0.0009018259394369309
212660,0.0006367668364501914
212661,0.00046369692035916907
212662,0.0006302026009429846
212663,0.0007428205484082528
212664,0.00081726559101855
212665,0.0008809393693421117
212666,0.003813683110403584
212667,0.0008153924934550865
212668,0.0008416914307288585
212669,0.0006079864721008542
212670,0.0017008967031790635
212671,0.0010094136935408365
212672,0.005111792266554784
212673,0.202181550315021
212674,0.0005540959284997079
212675,0.002349615889350909
212676,0.002173200171493236
212677,0.0006899290038976712
212678,0.0014690032350042589
212679,0.0007577763068362079
212680,0.00047061742942520644
212681,0.0011399181458432927
212682,0.0006472737348328318
212683,0.001560095575446607
212684,0.00057518208505441
212685,0.0010545604644726493
212686,0.0008202167504573054
212687,0.009352516221196795
212688,0.0008343423147512871
212689,0.0006300700614093759
212690,0.0008050056349786131
212691,0.0017072466100280124
212692,0.0012109620779732436
212693,0.003911503527705165
212694,0.005649981272005774
212695,0.001439949287132194
212696,0.0013846989655588713
212697,0.0006625579893551459
212698,0.0009858128777611135
212699,0.014809177889480062
212700,0.0008296392047554002
212701,0.001005223070731209
212702,0.0014217846707420434
212703,0.0005269812672867028
212704,0.0009896959606108115
212705,0.0016371367123951563
212706,0.0005295538537123329
212707,0.0008197941002032937
212708,0.0009344811489973271
212709,0.003181695362888897
212710,0.000870734296849044
212711,0.0018113910231990016
212712,0.0011593943940788392
212713,0.0006050153433080942
212714,0.0005606597018080232
212715,0.0014113084703044182
212716,0.0021684226057041163
212717,0.0008022668999216699
212718,0.0007368055161107602
212719,0.9924135440025071
212720,0.0007979955603810845
212721,0.0003891443248219531
212722,0.0011019571477166247
212723,0.0009853613618094666
212724,0.005942308052704527
212725,0.0005247453179416986
212726,0.00068675526977079
212727,0.0016464562526899175
212728,0.0010220867250572518
212729,0.012484819054673989
212730,0.0009324651560522572
212731,0.0006689947082107
212732,0.0006810872794525463
212733,0.0006731276841073421
212734,0.0005475871288397468
212735,0.0012827557187126545
212736,0.0007818249556895823
212737,0.002828803044481509
212738,0.0006220801177437687
212739,0.9991036118749409
212740,0.0010222146216063855
212741,0.0011373885669741747
212742,0.0004837458476581398
212743,0.000918740535576081
212744,0.00538630679831221
212745,0.00673631721676381
212746,0.0012540734711286856
212747,0.0009997437344416056
212748,0.001333831492935365
212749,0.00333706010638018
212750,0.000750163902296357
212751,0.0007369460369081723
212752,0.001057396126548661
212753,0.000815631493436757
212754,0.00041116660612108954
212755,0.0015697871397429297
212756,0.0009817291151693623
212757,0.0005632236414840529
212758,0.0047497353808543825
212759,0.0033813454549174024
212760,0.005054500777079099
212761,0.0005060418901613439
212762,0.0034380798497969716
212763,0.0019230160522882732
212764,0.005258181544336877
212765,0.0006546183989818813
212766,0.0009781694877043319
212767,0.0022842417124599316
212768,0.0003990487253505737
212769,0.0008104683803017593
212770,0.020561973082777216
212771,0.0012827607762949636
212772,0.000573453281392124
212773,0.0006326792805574845
212774,0.0008221678731415902
212775,0.0006193352870123145
212776,0.0005327304720324581
212777,0.000753950011341832
212778,0.012211167679413597
212779,0.0007366313344801595
212780,0.0006703752906499485
212781,0.0013527895763671377
212782,0.000608600220108774
212783,0.002763920324457862
212784,0.0004467056301654482
212785,0.0011323622814974309
212786,0.0008069028005499282
212787,0.001778630143766613
212788,0.007602379696676641
212789,0.013214744893079774
212790,0.0011410578216529267
212791,0.0004910928183268816
212792,0.0012344652189861514
212793,0.0006571565877122882
212794,0.0007080952935775992
212795,0.005591941485725913
212796,0.014939315970297845
212797,0.0009731946359649462
212798,0.008067800137193229
212799,0.022138964302437912
212800,0.0032227866945052685
212801,0.0006554499882870828
212802,0.0009258734773819359
212803,0.0008019687013944432
212804,0.01442691703376016
212805,0.0006301955983066894
212806,0.0004218870059274496
212807,0.014404443992348668
212808,0.0013557852188316565
212809,0.0007705528910589928
212810,0.0007852068658299982
212811,0.0006802596673202226
212812,0.0015512890951625146
212813,0.0011002343400284714
212814,0.0020170126809544867
212815,0.0006413016310831505
212816,0.0005795809178235904
212817,0.0010592331404130303
212818,0.001161462332141165
212819,0.0012122320127998635
212820,0.0007358431162424024
212821,0.0015654012283953364
212822,0.001167045528668087
212823,0.0027436887158505943
212824,0.001267495396855997
212825,0.014360360126344597
212826,0.0006782268277877149
212827,0.001952489359982828
212828,0.0019413326350837645
212829,0.0004943763081294249
212830,0.004009310362901015
212831,0.00513104056926612
212832,0.0011079815467025275
212833,0.0033607721377613437
212834,0.000655656995021892
212835,0.0002775510651203385
212836,0.0009601895677214991
212837,0.0010605129691895203
212838,0.0008494066079148329
212839,0.0009442182007115359
212840,0.002298499067192187
212841,0.002314874822237587
212842,0.0006983500180077355
212843,0.0007250791055030435
212844,0.001093997310998155
212845,0.0012052716115560141
212846,0.002817103268853619
212847,0.0007286336618826941
212848,0.0008302519401958192
212849,0.00043134321463509593
212850,0.0026842863857158635
212851,0.0008430436235534965
212852,0.0012593360445899335
212853,0.0025516245835923187
212854,0.0006751660454584602
212855,0.0015804921473030155
212856,0.00749657450426981
212857,0.002369233393351378
212858,0.0005372628636260367
212859,0.0009592626085123876
212860,0.0005753059711350433
212861,0.0004668575876174847
212862,0.012969344276945549
212863,0.00042321832431801043
212864,0.0006792717483010403
212865,0.0006028656196851212
212866,0.017258092376003138
212867,0.0012340882119587894
212868,0.0007405855333597413
212869,0.0007208916339426677
212870,0.0007776489187055229
212871,0.0005015761695144978
212872,0.0008680559559070442
212873,0.0006323818812252831
212874,0.0005587479646160294
212875,0.0007657334935608972
212876,0.0007647046349480805
212877,0.0007920426081888747
212878,0.0023465022611389016
212879,0.0007377466573302542
212880,0.0011383834729480674
212881,0.0011783045479828746
212882,0.0019740435788249714
212883,0.005139253864290384
212884,0.0014358670851100242
212885,0.0008677564143281771
212886,0.0005195995796407189
212887,0.0008388521288003912
212888,0.007303811380795656
212889,0.0005880711908724191
212890,0.0007440723699740764
212891,0.0007793290457586656
212892,0.0005440230948892425
212893,0.0013757500562737732
212894,0.01114881897650563
212895,0.001177461161096407
212896,0.0005521142981419389
212897,0.0004706355318304165
212898,0.001822844481426396
212899,0.0006517624063256043
212900,0.0018318437792535247
212901,0.0007152462011566659
212902,0.0005573776797650862
212903,0.0007534998741721814
212904,0.0023788908016713585
212905,0.0006378160931827204
212906,0.0004547186327220774
212907,0.00044611497165926174
212908,0.015147616327886412
212909,0.0007670115747811627
212910,0.0007869366121883202
212911,0.0010681474865131978
212912,0.0013597007721354248
212913,0.0011437526850451621
212914,0.0006146746242654284
212915,0.0016182782349500897
212916,0.20065674477068096
212917,0.0008805583277717053
212918,0.0006385670303523752
212919,0.0013875149422329514
212920,0.0006963880693991826
212921,0.001993250638008993
212922,0.0009191167426791644
212923,0.0008382739826007268
212924,0.0013880554824019142
212925,0.002107159290282873
212926,0.0008369237728514639
212927,0.0007154048277936316
212928,0.0005956572540472158
212929,0.005455209152501841
212930,0.0005657774754356294
212931,0.0006623105849557754
212932,0.0016647405389545794
212933,0.0011034227675871997
212934,0.001454881965598047
212935,0.000813617064721105
212936,0.0015068368575003122
212937,0.001816808366116183
212938,0.003063543501873966
212939,0.08023443319179756
212940,0.0012233454402237165
212941,0.004308505255348059
212942,0.08189201009174188
212943,0.014756732326655243
212944,0.002134086373470934
212945,0.0006042181793543506
212946,0.000841422245717213
212947,0.0006396275551206051
212948,0.000516639251813598
212949,0.0007392115824690733
212950,0.0007923820508024615
212951,0.015979320942574596
212952,0.001955448839624138
212953,0.0005963270604249073
212954,0.0008604409039153608
212955,0.0005335107811044379
212956,0.003418034132858719
212957,0.0006373272800942284
212958,0.0008360423297867219
212959,0.0006278654332818845
212960,0.003045715499300425
212961,0.0007661753751923334
212962,0.0016109674693062406
212963,0.000722687584196333
212964,0.0005995141204928162
212965,0.012708390670497786
212966,0.003880905763379085
212967,0.001463624413370621
212968,0.0006042087409385069
212969,0.07183888330615958
212970,0.0005945456133446127
212971,0.0005027108010541646
212972,0.019100973063706686
212973,0.0009107004098716666
212974,0.000759130992567445
212975,0.0006966925816912121
212976,0.010442350023945102
212977,0.0014090248918914297
212978,0.0015392521794732024
212979,0.006667988595263193
212980,0.0025922970451750594
212981,0.0003316330897952947
212982,0.0006184326735716476
212983,0.011797423405432762
212984,0.010729477304031926
212985,0.0034717604490276
212986,0.018305233287694997
212987,0.0011538261123130722
212988,0.0005730028830429903
212989,0.0006042958980484498
212990,0.002540715723102508
212991,0.0012595466971474824
212992,0.0019512476312931394
212993,0.0007108104173639924
212994,0.0006743648262600986
212995,0.0004975240683669027
212996,0.002772153793649531
212997,0.004090188138213458
212998,0.00041521964023505484
212999,0.0006006480181146729
213000,0.0007427127678029795
213001,0.0006699126512503819
213002,0.006262714689706882
213003,0.0006322213744618336
213004,0.0005675491976047149
213005,0.001618547279776587
213006,0.010223340524102967
213007,0.00186329253870386
213008,0.0007766651103485081
213009,0.0007086942351573161
213010,0.0005128008619649043
213011,0.0007020266729645397
213012,0.000788874568836709
213013,0.0006350061817838555
213014,0.0007445299758137247
213015,0.0007474795656121202
213016,0.0006323909916421271
213017,0.0010167241389088563
213018,0.0012602382427816625
213019,0.0008094462323911171
213020,0.0009868013033689153
213021,0.004037740633974181
213022,0.004531104999797352
213023,0.0007455056683435847
213024,0.0004194545347866263
213025,0.021026635013893537
213026,0.003838663965924848
213027,0.0009068475089329209
213028,0.00045041574449664393
213029,0.0009456960482123638
213030,0.0009977876005722861
213031,0.0005576847966004945
213032,0.0010372629821431428
213033,0.0006505862743723836
213034,0.0005675566842090702
213035,0.00043194007910594924
213036,0.0006719294321868587
213037,0.347841909688639
213038,0.0013009611673714739
213039,0.00454750792269863
213040,0.0005310155276299991
213041,0.08942806845735587
213042,0.0005109773888692147
213043,0.0011055484740636928
213044,0.0005748877497892306
213045,0.0007246172803952958
213046,0.0018625402414770577
213047,0.0045949949737414284
213048,0.000364490151417685
213049,0.010387272194237369
213050,0.0023868268196827365
213051,0.002058024969076942
213052,0.00035107618238588235
213053,0.0010126643961944591
213054,0.0004993059868631305
213055,0.0008202567767833118
213056,0.0006712406887223435
213057,0.0006009637844485347
213058,0.0007281643107266108
213059,0.0006891619274436429
213060,0.005558880472987516
213061,0.0011633685110496654
213062,0.0008629748982370134
213063,0.0006781847958240151
213064,0.012382370510422831
213065,0.000598507333140478
213066,0.0010768276622714068
213067,0.0011022483797136343
213068,0.0023954565224734185
213069,0.0014709741589015697
213070,0.004010945815470086
213071,0.006192330509584915
213072,0.000847051875976343
213073,0.0005917658413355459
213074,0.003836363267715678
213075,0.00038150111343296237
213076,0.0006658540230602147
213077,0.0006776295898026699
213078,0.0007649719641566222
213079,0.0009709431579845659
213080,0.0006688759682082083
213081,0.21401504245958888
213082,0.004478696238232518
213083,0.005459388331527757
213084,0.0025941475700542987
213085,0.0018678923207553454
213086,0.000988770761814066
213087,0.0005240617364478294
213088,0.00042453534373354464
213089,0.06736894886102689
213090,0.0014758053801316568
213091,0.0042578952493052885
213092,0.000550670110491691
213093,0.0008328146106876261
213094,0.0021468176500574606
213095,0.0036557834028693816
213096,0.0011901419023266397
213097,0.0014930285572287553
213098,0.0010930299629695187
213099,0.0008934400656467746
213100,0.003500059599854652
213101,0.008078927608307425
213102,0.0008494597259570952
213103,0.0005840269851431648
213104,0.00091403444048088
213105,0.0009826880306198734
213106,0.0017294055538123834
213107,0.002338924688854809
213108,0.000642380659756901
213109,0.00195374548432035
213110,0.007292263462546863
213111,0.0011374212652417353
213112,0.0007708989083539777
213113,0.0014950522363466757
213114,0.0011630193138095527
213115,0.0017065798716690448
213116,0.0009938461221391025
213117,0.0004873908833799628
213118,0.0005986410940100909
213119,0.000657379732904766
213120,0.0022583813313206244
213121,0.006193323619331342
213122,0.001076376712692294
213123,0.01729136946698328
213124,0.0008989926363415168
213125,0.0013978938611955531
213126,0.013953948197214027
213127,0.004274280695180266
213128,0.004081967226990026
213129,0.0018907608242847555
213130,0.0017725619749262992
213131,0.00061419122036187
213132,0.0005923271818201062
213133,0.0007428065234296724
213134,0.0006505819612182468
213135,0.003219353472235533
213136,0.0009877081851788676
213137,0.0005878580321037909
213138,0.0015528708369448216
213139,0.0006984710079916425
213140,0.0009829221814868592
213141,0.009623803164930778
213142,0.9977042579124528
213143,0.004752191147404614
213144,0.0011168343044802213
213145,0.0006091965518709461
213146,0.0006458114857261776
213147,0.0007609377592053243
213148,0.0008826510975590855
213149,0.009520630716421062
213150,0.0022993079612293518
213151,0.0004940469154329247
213152,0.0014659415806076073
213153,0.0007543573535213131
213154,0.0006896661089785295
213155,0.0009107671822461429
213156,0.0006977374663260957
213157,0.0004527780543780364
213158,0.000797670965559646
213159,0.003189027335582441
213160,0.01341644051041627
213161,0.0015015991356237043
213162,0.0007243196719981115
213163,0.00942744106375783
213164,0.001534187603045609
213165,0.0020334620507878034
213166,0.0006995047575785432
213167,0.0014017193066144084
213168,0.000737569625580459
213169,0.0006804679512178687
213170,0.0005575549520117502
213171,0.0006633752398088162
213172,0.0006724712178136339
213173,0.0010646470387485466
213174,0.0009954698974376334
213175,0.5252306144439675
213176,0.00047198612890558773
213177,0.0009493899346884858
213178,0.0006897508364606574
213179,0.00041346056386396067
213180,0.00046552335070478717
213181,0.00045938559765520113
213182,0.0006418314861278711
213183,0.0009649057249108853
213184,0.000502165981430689
213185,0.0006842367079551169
213186,0.0008951172517483103
213187,0.00044963919138292345
213188,0.0005703030233019045
213189,0.00046383973090331223
213190,0.0010045868268641265
213191,0.000638159000788056
213192,0.0015096569920997195
213193,0.0007402571346704672
213194,0.0007361523013835576
213195,0.0007353250957537103
213196,0.0009200251449983448
213197,0.000574938560624059
213198,0.008303061474407396
213199,0.0006128471555086458
213200,0.000836379958872637
213201,0.0007276399011954169
213202,0.0007864695920751945
213203,0.0005057799183441612
213204,0.0014109918086759893
213205,0.0015618482247676496
213206,0.016069751594876325
213207,0.045409404383147195
213208,0.0008006444525798161
213209,0.00038603107538579147
213210,0.0005089994636792444
213211,0.9795704418556204
213212,0.0026253855341075846
213213,0.00402611401552067
213214,0.0009911938341179408
213215,0.003663035091461449
213216,0.0006213173932840407
213217,0.002451016309805228
213218,0.0005474021422226379
213219,0.02194117623653591
213220,0.0016531534182977622
213221,0.0005972725160762553
213222,0.0006178706162784093
213223,0.0006687586006217753
213224,0.0006764639442697687
213225,0.0005468194291860312
213226,0.0018840802352971724
213227,0.008486543664832516
213228,0.01765082608182723
213229,0.013907675628820788
213230,0.001039338511366146
213231,0.0006668706450966004
213232,0.0014817783198729647
213233,0.0003036616100909972
213234,0.006391084064847989
213235,0.0004129144910788586
213236,0.0029715157190171424
213237,0.0007006048657288896
213238,0.0007537689909003821
213239,0.0015077244575416925
213240,0.0023261853249381655
213241,0.0008392171291984284
213242,0.0064655820735000985
213243,0.001593160047649134
213244,0.003426224208819321
213245,0.001996954291470037
213246,0.00047799259213734176
213247,0.0008024185882928763
213248,0.0005167106507394973
213249,0.0014974799588947862
213250,0.008805678582131861
213251,0.000799139129109822
213252,0.0006921626061900563
213253,0.0028731571901638993
213254,0.03632536335978369
213255,0.0022778997200143167
213256,0.0005974870852535714
213257,0.0043026283526645
213258,0.0007335608335821784
213259,0.0009899442661561464
213260,0.022853131637214252
213261,0.0009180715207079114
213262,0.0004370465317919343
213263,0.010379117507715464
213264,0.0009431883962135144
213265,0.0006532234604857672
213266,0.0007621328041797674
213267,0.0012235490380268208
213268,0.0005175283159753821
213269,0.000588951386698218
213270,0.0005559365824272987
213271,0.00393353401944255
213272,0.0007754958146780538
213273,0.0007397119937950674
213274,0.0004759321719801088
213275,0.01255278402526739
213276,0.001815219304329391
213277,0.0012734436318662383
213278,0.010662750757715505
213279,0.037424365786719746
213280,0.0007331403496513599
213281,0.000974386565579944
213282,0.002595719356709736
213283,0.0049965003915244865
213284,0.001251466237957224
213285,0.0006853283915387815
213286,0.019444895804241
213287,0.0015656729001590122
213288,0.0007569144086993505
213289,0.004939780519763111
213290,0.0004581368395356306
213291,0.0012020355072602461
213292,0.0008020888732310533
213293,0.0007448649593841325
213294,0.0006948269593283113
213295,0.0012293119276543952
213296,0.003468012114726129
213297,0.0008324288612361477
213298,0.0012283228879181466
213299,0.0015578792912224468
213300,0.0005829759046742359
213301,0.002104300264758873
213302,0.0010398060113011097
213303,0.0008075986890481581
213304,0.0041811427307395215
213305,0.004677694083063618
213306,0.0023826752758278153
213307,0.0616052429364079
213308,0.0006098292416124329
213309,0.0006579876540240429
213310,0.00041393994754680035
213311,0.0004240629789520721
213312,0.0005708028096104332
213313,0.0012768223561594677
213314,0.0006828423585039455
213315,0.0017072983310902098
213316,0.002550218718302918
213317,0.0006203116481312766
213318,0.008756839295927398
213319,0.0007616458039021057
213320,0.00118336861711952
213321,0.007428305200802283
213322,0.0006833943163104239
213323,0.0008245523675654723
213324,0.00046095093951386716
213325,0.000683419150855518
213326,0.00124112793139325
213327,0.07407049782827504
213328,0.0008522992415221324
213329,0.00036794372816686683
213330,0.0015424460948912256
213331,0.0013897083968235605
213332,0.05785774479259596
213333,0.0005081934442742165
213334,0.00045090284857619975
213335,0.0014867316617275133
213336,0.0005831991085410091
213337,0.0007241065021757381
213338,0.002884222265877123
213339,0.0015038734360689134
213340,0.0006098120513558742
213341,0.0015240623126695678
213342,0.0004445169457680177
213343,0.0006209449614025871
213344,0.0007862163902155037
213345,0.003866613097312433
213346,0.004630064329639501
213347,0.0004944359718394043
213348,0.0025498457060710695
213349,0.0017821925170983957
213350,0.0006201883139152877
213351,0.02148201661555616
213352,0.0016385294994479306
213353,0.0013807956718242817
213354,0.0006115132247057273
213355,0.007383444643500643
213356,0.0006196087676853242
213357,0.000609717331108194
213358,0.0006608894104825384
213359,0.0014272168767047537
213360,0.005574182369907064
213361,0.0025394407414773418
213362,0.0028199152001567246
213363,0.0006446445463167167
213364,0.002433745486502448
213365,0.00047329986737289155
213366,0.0034612945755573992
213367,0.0009891755701445866
213368,0.0007269612040729377
213369,0.0006983630163171293
213370,0.010312156051568476
213371,0.0030117605637768733
213372,0.00882832295285162
213373,0.0005454771657322768
213374,0.0007309987923437489
213375,0.0009640358705144176
213376,0.029560791754971102
213377,0.0007783736634561385
213378,0.0024197300525671513
213379,0.0005241221530721263
213380,0.0027086175098437176
213381,0.004319687804942178
213382,0.001190867086886335
213383,0.0015214169021112063
213384,0.009122847627962226
213385,0.0011414031562129666
213386,0.019001975977301303
213387,0.0004943517568246254
213388,0.0005669223780855072
213389,0.0007253981266110242
213390,0.0004829361430644956
213391,0.0003589431066247933
213392,0.004773921120160772
213393,0.0011112375783791251
213394,0.000565105438446958
213395,0.0007911532969060173
213396,0.0009814654609423816
213397,0.0013284060416281994
213398,0.002249016566863613
213399,0.00918654062813229
213400,0.0013491069367824447
213401,0.0007344846876884516
213402,0.003306137233102022
213403,0.0010183347333147423
213404,0.0006239491066692094
213405,0.002284605772897098
213406,0.0007615957126324665
213407,0.004856828463453847
213408,0.0007193200668762637
213409,0.0013247108377469194
213410,0.000665872256371575
213411,0.0012625910909422465
213412,0.002162445099493503
213413,0.0015325606179785061
213414,0.013731733654780424
213415,0.001339397953950227
213416,0.0030637611543928214
213417,0.0018472824333460292
213418,0.0009457752352524009
213419,0.0024412768178853654
213420,0.002863042431056833
213421,0.00043059665337569236
213422,0.0006764876657378368
213423,0.0012502217474147418
213424,0.0013145437896091565
213425,0.0020077784408755396
213426,0.001368706391929567
213427,0.0005836512281131803
213428,0.0023536504356612446
213429,0.0006270756440041695
213430,0.0017784662160372183
213431,0.012643912157624367
213432,0.017267055800271304
213433,0.00046495282093287596
213434,0.0005545005007115074
213435,0.003260059809470025
213436,0.0021346945075292915
213437,0.003412814222517758
213438,0.0007764797467366608
213439,0.0009082056814077595
213440,0.0005830538594199023
213441,0.005286931705869087
213442,0.0007177225267719847
213443,0.0006955092175425828
213444,0.0005162218873294461
213445,0.0005348916074135591
213446,0.0004268305376977694
213447,0.9846489147260372
213448,0.03266792880657711
213449,0.0007821227684820411
213450,0.9917903952847658
213451,0.0005816184326243529
213452,0.0005170054752637225
213453,0.0008591234499206008
213454,0.00283778055321037
213455,0.003243965036491661
213456,0.02211850498473778
213457,0.0019707475543736183
213458,0.002210587673034137
213459,0.00274476234232886
213460,0.004345538077168139
213461,0.0008118010596467528
213462,0.0026925226514357184
213463,0.0005804291120878478
213464,0.0006952461027442773
213465,0.003180543847102239
213466,0.0048049625322945985
213467,0.0005980698260771723
213468,0.001266842550546665
213469,0.0005436209527468985
213470,0.01253333348888772
213471,0.001283082803386002
213472,0.0004291602677955986
213473,0.0011665389524368355
213474,0.0009551237636353767
213475,0.000880884214688106
213476,0.000671210001895701
213477,0.0010541444421799553
213478,0.0015302000864014184
213479,0.0005651733160251656
213480,0.014580330109018
213481,0.003032620064420709
213482,0.0010787431479800426
213483,0.0008769585580085002
213484,0.000436962543015909
213485,0.0006077929290601774
213486,0.0020027260367982197
213487,0.0007750367568689744
213488,0.000662641928211534
213489,0.001115229905095597
213490,0.0007666853270635433
213491,0.0016035433809642413
213492,0.0007469227082896857
213493,0.012532429237536797
213494,0.005233276227090678
213495,0.0005479559056863866
213496,0.0008843564337664724
213497,0.0035676539279211744
213498,0.0005459905343381099
213499,0.00477715689371056
213500,0.0005427582566566915
213501,0.0006994103944868098
213502,0.0007864678098561951
213503,0.0055615608826133905
213504,0.0009100941686000443
213505,0.0006477235164520889
213506,0.0006783505051552789
213507,0.0011201855123119738
213508,0.0006274640235384978
213509,0.0008240415281661727
213510,0.0014055637025939826
213511,0.0006123237408147947
213512,0.0009099872962936968
213513,0.0011838277619196321
213514,0.002191305599227147
213515,0.0005658615392048378
213516,0.00045430834853324464
213517,0.0005305420840180427
213518,0.0005658306106484412
213519,0.0005769501994740639
213520,0.00123474987127361
213521,0.0006907272446382765
213522,0.0015317754899149714
213523,0.00046651480134095384
213524,0.0005658316486732088
213525,0.0018381639792357793
213526,0.002899686648927198
213527,0.000684926585541283
213528,0.0014799995503889077
213529,0.0027256761327251796
213530,0.000811958721258524
213531,0.0008839208815174592
213532,0.0003973627905365821
213533,0.0007259376787539715
213534,0.0005069782564746411
213535,0.0008684233244479955
213536,0.0010210321106485514
213537,0.0012822798461412763
213538,0.002854540292076647
213539,0.0007902882153624456
213540,0.0007400485905346791
213541,0.0005876381506894875
213542,0.0007996809428980627
213543,0.0033917207593727257
213544,0.0006776197541260655
213545,0.08559338018101269
213546,0.17828297144099797
213547,0.0004525179611591068
213548,0.009507827762120639
213549,0.0006423177714884498
213550,0.0006253959728349124
213551,0.0006759296060500559
213552,0.00542791487655134
213553,0.0006599948118805436
213554,0.0006366550863158726
213555,0.009464465580949414
213556,0.183890176076196
213557,0.0006609529793397234
213558,0.0006231505048656532
213559,0.00046926842531414405
213560,0.013172306482100589
213561,0.0022389795936766594
213562,0.0016436324269701688
213563,0.0008254983168037118
213564,0.0035651084452836975
213565,0.0006086442129046552
213566,0.018486150821590268
213567,0.0005377093497429058
213568,0.031227207465420584
213569,0.0004809619897673402
213570,0.001123734482269306
213571,0.0013176410815404379
213572,0.0005693555589643426
213573,0.0004120645911635981
213574,0.0007141310543485085
213575,0.0008777793212408952
213576,0.000426279254756936
213577,0.0005764113358113985
213578,0.356951514602429
213579,0.0014384320210157097
213580,0.000846003274076582
213581,0.0012210357496013824
213582,0.0016004887087266296
213583,0.0022453780100158633
213584,0.0008948308234269277
213585,0.0008167016670655545
213586,0.0145984131306884
213587,0.005549859611913909
213588,0.000753463387004818
213589,0.000444489811064136
213590,0.0004965140604352148
213591,0.000777937848904649
213592,0.0008167709694366814
213593,0.0011369691006299443
213594,0.015962417577643388
213595,0.0013189587346788016
213596,0.0008876767443940974
213597,0.0019089347180398205
213598,0.007474933091271039
213599,0.002995816002458071
213600,0.0003389698236904458
213601,0.0004420507346157123
213602,0.003156735787227504
213603,0.013144587213738658
213604,0.0007362615505159137
213605,0.0007275718160765405
213606,0.0007484745786996059
213607,0.0006955485134730204
213608,0.0017166516471378572
213609,0.000851158066472312
213610,0.0016964703605057774
213611,0.0005261217630899216
213612,0.0008048655398281014
213613,0.0005630075467837165
213614,0.001332302321510079
213615,0.001635870363453383
213616,0.0004687043113447608
213617,0.0008000919452405702
213618,0.000539826807552274
213619,0.002934168587974009
213620,0.0019318428181239662
213621,0.0033578385491954505
213622,0.0007078778051978216
213623,0.0007328273854554623
213624,0.000816241352463673
213625,0.0014323655361974826
213626,0.0005868473748273308
213627,0.0009253888900524402
213628,0.0005508666287095204
213629,0.04191893386377018
213630,0.11261795686183529
213631,0.0494978082070149
213632,0.0013284865360034361
213633,0.0005934891808170959
213634,0.0004339642097664321
213635,0.00411070814113146
213636,0.003477211494676272
213637,0.0008084692173341138
213638,0.0016627721787526725
213639,0.0021104524372912658
213640,0.002434209108111954
213641,0.0013836711704930788
213642,0.0016860894521784457
213643,0.000526206787776069
213644,0.0014858399850974733
213645,0.0016311770603732183
213646,0.0036811886864681733
213647,0.009357842817820948
213648,0.005081047879584277
213649,0.0015888039916956622
213650,0.0005814364365413593
213651,0.00535414755268418
213652,0.0004191418666543026
213653,0.0006993238171837114
213654,0.0010997261191000116
213655,0.0007900219626092167
213656,0.0011426460438965372
213657,0.0004296341787250536
213658,0.0007298737232601997
213659,0.0017093743703853062
213660,0.0005006551063503342
213661,0.0009593980377796286
213662,0.000758493090624146
213663,0.00043123921663978015
213664,0.003734006415469574
213665,0.0038582034809481183
213666,0.0006027260904926049
213667,0.0016687358930858815
213668,0.002840437448825534
213669,0.0008964815421845096
213670,0.0017189080964434829
213671,0.0013482542262471184
213672,0.006027256932186803
213673,0.0005876728875313452
213674,0.0030533583986433457
213675,0.0007159717450023601
213676,0.0036599309435103775
213677,0.0004647606513292154
213678,0.0006501393914442853
213679,0.0032387987893851547
213680,0.0036054924980618475
213681,0.0008756624622651868
213682,0.0009363093114091425
213683,0.0012381213848132347
213684,0.001414925931851474
213685,0.0022655490639286856
213686,0.0015750319456392403
213687,0.982950489317723
213688,0.0010071981855884898
213689,0.0008045987501744162
213690,0.013439815197069816
213691,0.00045035248736776393
213692,0.0018677209614885756
213693,0.001222403903581117
213694,0.9970950957410345
213695,0.0007963589016476977
213696,0.0007308435073360912
213697,0.004920082581923109
213698,0.003088504064790357
213699,0.0005812022366054274
213700,0.003606407196997427
213701,0.0006244338831029632
213702,0.0022808855386732404
213703,0.0028324985110129205
213704,0.005403712564147954
213705,0.001167451749637647
213706,0.0007536240277586596
213707,0.005791157167781761
213708,0.003450455358424493
213709,0.0011706070761840067
213710,0.0008407214842058231
213711,0.0007756873968331692
213712,0.000950552901841125
213713,0.001124928284290742
213714,0.0007307578893947452
213715,0.0017654649329381421
213716,0.0007889221094817022
213717,0.04522888847079208
213718,0.0045400035188683735
213719,0.0008079281492244391
213720,0.0004380244925848469
213721,0.000810014453982917
213722,0.0020003701455524586
213723,0.007951646649362832
213724,0.00035152351791918325
213725,0.004616511290453378
213726,0.0010554339767069433
213727,0.0034535541902788874
213728,0.0017343308600428963
213729,0.0005895549525543548
213730,0.008509501909434398
213731,0.0005524035407653533
213732,0.000842845077553727
213733,0.001853049117582248
213734,0.0003532057336764172
213735,0.0008632263893753641
213736,0.0010138126856856472
213737,0.0015782717531244387
213738,0.0006155548543683768
213739,0.0008064132187161675
213740,0.0006771144616452856
213741,0.0005957793267783554
213742,0.028685731260600415
213743,0.005308353522298102
213744,0.0005033205376197178
213745,0.003665439497170356
213746,0.006862663342205653
213747,0.0016852349160718324
213748,0.0016793030773072648
213749,0.007267059246658199
213750,0.0009966185955711364
213751,0.00036659846772431814
213752,0.0008473350789759445
213753,0.9910154490767856
213754,0.0010748134102531027
213755,0.004445956151716887
213756,0.0036412783108826906
213757,0.002832594229764563
213758,0.0011734746111783582
213759,0.0006101300154957085
213760,0.0017447989432361243
213761,0.0007762111068412923
213762,0.0037456708757211653
213763,0.000433792928099836
213764,0.0005582857536590068
213765,0.0006784618527549576
213766,0.004659283603034075
213767,0.0009468136148710158
213768,0.0014355102018677784
213769,0.0004927304509407643
213770,0.0008445849646736244
213771,0.011069949128498645
213772,0.0012930668190064259
213773,0.000756724540707878
213774,0.0015976152753186307
213775,0.0010049717457680414
213776,0.002497071559939311
213777,0.0006466003175078055
213778,0.00277941667803038
213779,0.0007814629449669408
213780,0.0027074801381387365
213781,0.0008857170633543143
213782,0.0006786836301358723
213783,0.0006951354599212915
213784,0.002387439717080341
213785,0.0006076772689494885
213786,0.004886855186859214
213787,0.006947273412931561
213788,0.0011841619072131889
213789,0.0020887383253403668
213790,0.0006198478303531236
213791,0.0003927158243126907
213792,0.0009128727476259033
213793,0.00043909975049433744
213794,0.0008387905937463961
213795,0.005451792391948583
213796,0.0008068194070684308
213797,0.044766156615573365
213798,0.0008467055194243986
213799,0.0021782975088650456
213800,0.0009175774505630641
213801,0.0006473018980538078
213802,0.0007445628609640324
213803,0.0005662281607130566
213804,0.0011793293774027443
213805,0.0005627874729959185
213806,0.0007064914231395866
213807,0.002619092249002636
213808,0.0006054750185723703
213809,0.0013893024986383696
213810,0.000685497111230505
213811,0.0007103954422336616
213812,0.0006997005458841176
213813,0.0005291903577465356
213814,0.0027649928683344052
213815,0.0005632600826908261
213816,0.0008005660837033275
213817,0.0013519487371246282
213818,0.009595603856723053
213819,0.0006281810046323432
213820,0.0007085828575960766
213821,0.0005403105268361901
213822,0.0005815241034659269
213823,0.0017779167202000069
213824,0.005622305931896729
213825,0.014567621506908154
213826,0.0005963363423895845
213827,0.006724435343265674
213828,0.0005895968148479969
213829,0.0005957054888462154
213830,0.019637475913260594
213831,0.0010941008471233235
213832,0.000779428405084285
213833,0.0005858704310586398
213834,0.000807272976699418
213835,0.0006794570270506076
213836,0.0016457581685451678
213837,0.0013781140416227046
213838,0.0006326531167907633
213839,0.0012391154531400284
213840,0.001110255572658327
213841,0.0007584668810139326
213842,0.0008000843308776629
213843,0.000560487192749832
213844,0.001746007808377229
213845,0.008603450437680172
213846,0.006929213488091359
213847,0.0004883111051473629
213848,0.0015668568356584534
213849,0.0011860574265985023
213850,0.002436936976872587
213851,0.0017237657210570625
213852,0.0017272316754852412
213853,0.0015159164017716862
213854,0.0010563853088854486
213855,0.0008716842663200317
213856,0.004672102227846295
213857,0.0008827144053269479
213858,0.0005745431494530537
213859,0.0007164724453542187
213860,0.0007928228301038931
213861,0.001243490106859446
213862,0.0007671027386841585
213863,0.00087191537112728
213864,0.0008862152393125863
213865,0.0010691726019873638
213866,0.0006752395633145302
213867,0.0033796045645238253
213868,0.0007672332651923918
213869,0.0036329747548593206
213870,0.20127240777401373
213871,0.0005771671454433833
213872,0.0017213056577699494
213873,0.002416557534915989
213874,0.0007187548499345249
213875,0.0009010054298617914
213876,0.00048649451277758214
213877,0.00089439913822268
213878,0.00253142389759144
213879,0.0005525340190506931
213880,0.018231554630588967
213881,0.0011270538968822074
213882,0.011701385467559215
213883,0.0021381718584104837
213884,0.00106496600085248
213885,0.032471450601627934
213886,0.0009085475708903582
213887,0.001312774569377847
213888,0.0005055045250055507
213889,0.015024782630500923
213890,0.0007977522901459099
213891,0.0006327929119230075
213892,0.026040072060005866
213893,0.0004732478195595146
213894,0.000655083230399244
213895,0.0006441741054432403
213896,0.0006459187950889195
213897,0.0016967087315360695
213898,0.0005817578328270644
213899,0.0007724244706385549
213900,0.0015300751095575628
213901,0.0005902755674469927
213902,0.000695373498363021
213903,0.0005384152644324255
213904,0.0007139853194425231
213905,0.0009680599790917752
213906,0.0022839064662752745
213907,0.0036363328762577217
213908,0.002185702393647614
213909,0.000582112758648201
213910,0.0007293943029921165
213911,0.0004431479084857174
213912,0.0004905222624349525
213913,0.0008048876748054058
213914,0.0017478498267370804
213915,0.000546212220674043
213916,0.001883408557061999
213917,0.0071025543910251555
213918,0.0019706440668727145
213919,0.010217095873512447
213920,0.0004960825841770992
213921,0.004024833509907988
213922,0.0006334000269366863
213923,0.0009607908575796362
213924,0.0004907865276785242
213925,0.0028445835828857574
213926,0.001989317981780903
213927,0.00036465336749332954
213928,0.0005895417790616933
213929,0.0020018106625741315
213930,0.0006195819824901745
213931,0.002206596424432235
213932,0.0021455903347333783
213933,0.0021034876716618826
213934,0.000828890936141965
213935,0.0005266212629229718
213936,0.0006773824257184307
213937,0.0006953815572138155
213938,0.0007957267766508392
213939,0.0014202567778238372
213940,0.1791807645664148
213941,0.0008235090535350108
213942,0.0012495054621136053
213943,0.0006903457146622955
213944,0.0011505890100872238
213945,0.0009670571171307111
213946,0.0009948544683097554
213947,0.0009836902818119444
213948,0.0005901252036537344
213949,0.0008002065114456095
213950,0.0011549217978540972
213951,0.0006223106086803368
213952,0.027114759648049866
213953,0.006031411356348288
213954,0.0004702079033856423
213955,0.0005803141382585908
213956,0.20159508315407904
213957,0.003731925669170649
213958,0.0005452359824815614
213959,0.0011197074470294314
213960,0.00795132065427793
213961,0.0012070721463776218
213962,0.0005265701402603635
213963,0.008069617554699635
213964,0.0010078822657527122
213965,0.0008372231202153366
213966,0.00522167096307742
213967,0.040304253939573445
213968,0.0005225471405656256
213969,0.001014395325023058
213970,0.001809424196175209
213971,0.0005128822116880766
213972,0.0005622675349903811
213973,0.003132617208221571
213974,0.0005261470115584457
213975,0.001649818051721524
213976,0.0022447231599019325
213977,0.0020090532030999477
213978,0.004081836820295273
213979,0.000692806996238146
213980,0.0070853662232229775
213981,0.0020903128815310383
213982,0.0034856144431590404
213983,0.0004926055187161954
213984,0.000503413207280225
213985,0.001182306744132068
213986,0.0005673514518246133
213987,0.0011234716717369924
213988,0.001106462100649979
213989,0.0007474442222001478
213990,0.003118074942234807
213991,0.0008910019300182473
213992,0.0015946904985233083
213993,0.0012627181429951766
213994,0.003620136364548482
213995,0.000891327251196081
213996,0.0025609275029303143
213997,0.001050857213442791
213998,0.003898853285735598
213999,0.0007269664279674975
214000,0.0027462225027037592
214001,0.0023759940432865126
214002,0.003764807778493995
214003,0.0009346003316475578
214004,0.0006876616813193464
214005,0.0005035800644799751
214006,0.0010202695046903814
214007,0.06353103933139835
214008,0.9639156468291192
214009,0.004882658247739983
214010,0.001022985014981483
214011,0.0009798478227334218
214012,0.003331988707689862
214013,0.0005674127105329523
214014,0.0007212392776938014
214015,0.0015250767873389293
214016,0.003695142876641572
214017,0.00046837380304181676
214018,0.0009772987911076767
214019,0.0003262625246787543
214020,0.9924165108701837
214021,0.0016982611120508432
214022,0.2005856817938051
214023,0.0017250391906082885
214024,0.0019648960349551428
214025,0.0017522451232788294
214026,0.0043405270146189764
214027,0.0005482753237268836
214028,0.0005646410900743335
214029,0.001289990806153802
214030,0.0011265208644761532
214031,0.006285868303163114
214032,0.0009236894756136352
214033,0.9852159530294384
214034,0.0006346493711987572
214035,0.0012794123459078815
214036,0.0008232910293345565
214037,0.0015185028394343264
214038,0.0017367459786436163
214039,0.0006782403231473011
214040,0.0011642484281633243
214041,0.0004586984005172685
214042,0.0011226918086393626
214043,0.003036121871850047
214044,0.0005568997389334271
214045,0.004267700720769761
214046,0.0010583032367688953
214047,0.0007067494118090755
214048,0.0071251705545213335
214049,0.010344655723815908
214050,0.0013249356967558596
214051,0.0017812796371420424
214052,0.001060458186401689
214053,0.0005747869741436446
214054,0.0038743543953454287
214055,0.0027349868494659876
214056,0.000759820540467979
214057,0.00046567071119091226
214058,0.0007097853970019215
214059,0.024839130058810333
214060,0.000677157071755011
214061,0.004566778591438194
214062,0.0005401402281484459
214063,0.0005500458004560979
214064,0.0006716479761628178
214065,0.006855919508288677
214066,0.0008444883140324369
214067,0.004446204917616925
214068,0.0006749143165350915
214069,0.0005886207887210023
214070,0.0008631849511447449
214071,0.001664379894741953
214072,0.002384787471374916
214073,0.0015710625457482103
214074,0.0005952115603162343
214075,0.029503626867452115
214076,0.005453845017474681
214077,0.0006753720176925532
214078,0.001114991906149592
214079,0.008058198766918712
214080,0.0006868574353175219
214081,0.0005903382313418851
214082,0.0008080536542877162
214083,0.0019065811137502025
214084,0.004500998917040811
214085,0.0006053316171211486
214086,0.0010727229845068453
214087,0.0006658054089584847
214088,0.002317188152484085
214089,0.0005517074122479084
214090,0.0015371189550511804
214091,0.0009908194601961093
214092,0.001448903747474944
214093,0.0008484040247135616
214094,0.00047500542276430265
214095,0.0006599339196847263
214096,0.0004730554454389343
214097,0.0015592358571898442
214098,0.018869366692759904
214099,0.000690823545975259
214100,0.002053695459883122
214101,0.0012476832234804241
214102,0.0005235072860114415
214103,0.001217766377679072
214104,0.0005405514722215884
214105,0.0023124871426857384
214106,0.012797736002286656
214107,0.9906576162862859
214108,0.000730769467149368
214109,0.0005984702882239872
214110,0.0005005837548826881
214111,0.004538693931762984
214112,0.004311142367464424
214113,0.0010007376927533376
214114,0.000949610958910463
214115,0.0008920703188285507
214116,0.006904996086374352
214117,0.0025639719721538396
214118,0.002251749361741966
214119,0.0006562045376036572
214120,0.006654064646803092
214121,0.0006439552135845837
214122,0.000902020771734274
214123,0.1166439336529661
214124,0.00045193560883700294
214125,0.0018378638041832618
214126,0.002122137817073963
214127,0.006111751245908015
214128,0.0007114588874867934
214129,0.0016172366416697067
214130,0.004021947065207892
214131,0.001046950972222361
214132,0.003101822083963911
214133,0.0012442579235451996
214134,0.0005938082626881238
214135,0.0009509747987457883
214136,0.005204439346321539
214137,0.014081729137734447
214138,0.0006300871605958501
214139,0.0040368732688808705
214140,0.0029353151059252486
214141,0.0006018701365994869
214142,0.0005243756787173951
214143,0.00154701331315988
214144,0.0005904513248795276
214145,0.0007462662379263441
214146,0.0006261200703151862
214147,0.0005677739962929795
214148,0.0005936854567712125
214149,0.1696336341833666
214150,0.000610137188649727
214151,0.0007773082985980943
214152,0.997016868656043
214153,0.0017160373050883956
214154,0.0006160820177055443
214155,0.0009564194653980363
214156,0.007723009619487338
214157,0.0005031988653367938
214158,0.0006968150458216727
214159,0.0006761641809896643
214160,0.003250230429659757
214161,0.0007892168300012215
214162,0.0006390147756904425
214163,0.0007370250519395154
214164,0.0005732743896745038
214165,0.011575530098577166
214166,0.002634239258026949
214167,0.0025268083050995474
214168,0.0005685178729646806
214169,0.0009064979478759981
214170,0.004658556424212665
214171,0.011050720447536352
214172,0.0769506888006572
214173,0.0038109120201083937
214174,0.0005707140856891237
214175,0.0009683813379099511
214176,0.0006641618272318515
214177,0.000756883923594627
214178,0.0017276807639145758
214179,0.0004639294062782053
214180,0.0003954825759947678
214181,0.0004036124087137808
214182,0.0008285267446719569
214183,0.003076199822943923
214184,0.0005558388427041573
214185,0.0004644212438951489
214186,0.028029693324155586
214187,0.000566158307480531
214188,0.001111648361936935
214189,0.0006014964936012855
214190,0.010838287226883538
214191,0.0005848523891877485
214192,0.017173436550182292
214193,0.00039794532797098823
214194,0.0005293095506665145
214195,0.0028991500087400604
214196,0.0006726341460445309
214197,0.0030345615142623374
214198,0.0007029874716113324
214199,0.0010693087249523863
214200,0.0008134941946890816
214201,0.0003757878042134787
214202,0.0005279975638487336
214203,0.0007217609915065548
214204,0.0008502045083878733
214205,0.0006210750567273715
214206,0.0008355668218744295
214207,0.00526719666056003
214208,0.0006461015901345294
214209,0.0038151191925703053
214210,0.020571550881115952
214211,0.0019599459925005273
214212,0.0048617371660259305
214213,0.0011960824175724074
214214,0.004632392561323789
214215,0.006848235817280392
214216,0.0006657102496629829
214217,0.0008069625115675904
214218,0.0026443292343232947
214219,0.0017512520508861605
214220,0.010792845144194037
214221,0.0007229050644567195
214222,0.0004746930035373245
214223,0.0006637463776325327
214224,0.0006052117395202715
214225,0.01196362214914672
214226,0.0004926602439361016
214227,0.0007103381546426247
214228,0.0053286385004534505
214229,0.0007909477397647822
214230,0.0006038563715407417
214231,0.0011671797521831042
214232,0.0075550986118049146
214233,0.0008170566045197236
214234,0.0008778836974851958
214235,0.00042819239190512146
214236,0.0008892334001788485
214237,0.0014245761531920685
214238,0.0005863046372531226
214239,0.01602594159594012
214240,0.007671429135603999
214241,0.0006700077000004957
214242,0.0015230557204861986
214243,0.0030019527149674208
214244,0.0008186964054384007
214245,0.00250181480117516
214246,0.0007064135204519404
214247,0.0010661915038344284
214248,0.004709735308987189
214249,0.0008393371816804811
214250,0.0038639635774355965
214251,0.0013031268993287583
214252,0.0008955278159770872
214253,0.0014639587912446308
214254,0.0009675643252205592
214255,0.0030263937598359793
214256,0.0009172305159522722
214257,0.0004157242013102959
214258,0.031929714044097196
214259,0.0034807983187253484
214260,0.0017019651399718216
214261,0.0005638139236561345
214262,0.0005480807112680636
214263,0.0016117492956567354
214264,0.0012916173395277457
214265,0.000866661383331313
214266,0.012713347531021019
214267,0.0010130433256328054
214268,0.0010425588385661183
214269,0.0015331596481092267
214270,0.001496125309042983
214271,0.0008716771034259568
214272,0.0005747110643313203
214273,0.0013176293291136023
214274,0.0008624360253917516
214275,0.0005057229217757263
214276,0.00040102482941511947
214277,0.014159363462083106
214278,0.0011625472161035065
214279,0.00348130541283986
214280,0.0007096131592438883
214281,0.0006620563245061007
214282,0.0009843428709637994
214283,0.0008013683017866016
214284,0.003244866932499874
214285,0.0006533330225138876
214286,0.0006358072522977986
214287,0.0006709728985874874
214288,0.0073731028095218466
214289,0.0030445998799008282
214290,0.0033135542550299653
214291,0.007954757171422949
214292,0.002499184718431594
214293,0.0011035191589742076
214294,0.008546446815271976
214295,0.0016549470394099728
214296,0.00424585343731112
214297,0.004556740286383932
214298,0.000509356662942413
214299,0.0024707358366989674
214300,0.027885958271481177
214301,0.0029227678928679538
214302,0.0008466117739859725
214303,0.0008039549547507426
214304,0.002369072160125563
214305,0.001857818868221
214306,0.0007200614657374664
214307,0.003653527640919348
214308,0.0005515497495503002
214309,0.0013495502050691428
214310,0.0005347369739450052
214311,0.012973076577802344
214312,0.0015966039302787514
214313,0.005930155043567594
214314,0.0008954539518730761
214315,0.01475873069950297
214316,0.008203436308948564
214317,0.0009697421251792923
214318,0.004614529540016286
214319,0.0008306529706983336
214320,0.0006154763774909971
214321,0.0015286995384086427
214322,0.20088796279156443
214323,0.0005031860516482213
214324,0.001107738671369101
214325,0.0003258885476627006
214326,0.0030070219716686756
214327,0.003547397917761354
214328,0.9975101354870326
214329,0.0005900451610149979
214330,0.001157042148479638
214331,0.0006021598085878085
214332,0.9964536708866488
214333,0.017107739699077567
214334,0.0005368018280128101
214335,0.0021569912019848416
214336,0.0028863709917730128
214337,0.0006975867143577308
214338,0.0008435214426083686
214339,0.0009651978267169918
214340,0.0005167802215533382
214341,0.0006385838886042872
214342,0.01049582194629179
214343,0.00048091861150750836
214344,0.0006663405596995372
214345,0.0017630727006556668
214346,0.0022652133611756027
214347,0.014545074703430753
214348,0.0010491923530082906
214349,0.0024383472557334145
214350,0.0017316407427705165
214351,0.0006001251790793857
214352,0.012480325172456012
214353,0.000564534193837844
214354,0.0058319987996226
214355,0.0007198272924281253
214356,0.005214772848155393
214357,0.028149250557184945
214358,0.004128384833020457
214359,0.002677159592056569
214360,0.0007836954119098366
214361,0.0004839092578398528
214362,0.0009510570954089654
214363,0.0025549227272184836
214364,0.0008412889565894477
214365,0.0006381049943146621
214366,0.0005565516012282378
214367,0.9935862766660254
214368,0.0015134954934447266
214369,0.0006420386500648611
214370,0.0008193680099976257
214371,0.001085607772420105
214372,0.20187010689381718
214373,0.0008066230826549721
214374,0.0005109790936571101
214375,0.005689452914559018
214376,0.0008026136067115579
214377,0.0011434396751737
214378,0.002933706611135285
214379,0.004201479525571445
214380,0.0013939540166011985
214381,0.0009704276501058978
214382,0.0006180538442056095
214383,0.0005531352338927399
214384,0.0022383306640663013
214385,0.0005549851967398818
214386,0.002972106938069309
214387,0.0018958219503411445
214388,0.005276913390791943
214389,0.0022722875292693935
214390,0.001017260665384099
214391,0.0008815756488722412
214392,0.0003779755078192657
214393,0.004877322782946452
214394,0.010072307980740786
214395,0.00048195763831731413
214396,0.0005132993416982952
214397,0.0011108447504696154
214398,0.003149244414626426
214399,0.0017591148396453198
214400,0.008282291031224414
214401,0.0015766061536310071
214402,0.0006666865691179775
214403,0.002132196686439722
214404,0.003182419677874751
214405,0.0012990589076886118
214406,0.0006018203084029455
214407,0.010204297385910062
214408,0.0007123726485411515
214409,0.0011036027840799502
214410,0.0021796248979380887
214411,0.001482848597565531
214412,0.0008631157598969533
214413,0.005866884204137456
214414,0.003937036205621071
214415,0.2064846060427302
214416,0.0006986765456926116
214417,0.0004537396280631203
214418,0.0006034584783856746
214419,0.001471545974240489
214420,0.0008063407793866231
214421,0.0015120744204110627
214422,0.6809637490268623
214423,0.0006483201802959844
214424,0.0006615590675019675
214425,0.0004124894913755549
214426,0.0011750905993416784
214427,0.02145503669230055
214428,0.0005900006306513844
214429,0.0008335579892911646
214430,0.0006912867840160324
214431,0.0006789004477927697
214432,0.0008188918363956871
214433,0.001400421195516298
214434,0.010847201272851173
214435,0.0035742532688326795
214436,0.001409286871842508
214437,0.00065571972901555
214438,0.0011131586032142094
214439,0.004360418295478037
214440,0.0009814720900420983
214441,0.0022041461235072987
214442,0.002141305827193117
214443,0.006334201594996399
214444,0.0021602370838777907
214445,0.0012535050132836075
214446,0.0034080149478396466
214447,0.0007653394491467339
214448,0.0014284308990390015
214449,0.0009510389953275506
214450,0.0010211177013160523
214451,0.0006239621047485169
214452,0.000508443828546137
214453,0.005804191516664859
214454,0.0013871958180775492
214455,0.0014685367077354318
214456,0.0011865132915182103
214457,0.0029842247927250563
214458,0.00043139825095397206
214459,0.0034199320546568807
214460,0.0010577871360786006
214461,0.0010989912485678197
214462,0.0020968015844252683
214463,0.0008950851560308007
214464,0.0006869589645548101
214465,0.000409480412954297
214466,0.0010440562620498395
214467,0.002030069281720901
214468,0.0004666145201092043
214469,0.000879153652176652
214470,0.0005005016572286249
214471,0.0008238265631861222
214472,0.0007247361234937838
214473,0.00041491084784140315
214474,0.0009521690289798827
214475,0.0004649813060887615
214476,0.0007279240316234693
214477,0.0020294002962543693
214478,0.000537350332738135
214479,0.0103248988877245
214480,0.007564661528962459
214481,0.0007156097771064773
214482,0.002615379520927427
214483,0.0006679095976657543
214484,0.0007757030048525829
214485,0.0009596308948971297
214486,0.009163288770987068
214487,0.0011592204626799571
214488,0.0011091271136210662
214489,0.000540161071428943
214490,0.0006592924433339064
214491,0.0007502935254905462
214492,0.000542446528987424
214493,0.00054206827039625
214494,0.007095992798470157
214495,0.0017948118705163956
214496,0.009988600021349945
214497,0.0006534428688354406
214498,0.9950630588516947
214499,0.025428489182629653
214500,0.0007486928459426537
214501,0.0004887927047068071
214502,0.0013891018417667043
214503,0.0003526789479801968
214504,0.0007284012881623961
214505,0.0005219075552121683
214506,0.00048647458092985205
214507,0.0035687091096673717
214508,0.0006196724028985775
214509,0.01911029527615099
214510,0.0004938794740685198
214511,0.9880860131204212
214512,0.0005748964162167669
214513,0.0007755328292885699
214514,0.0006301454832645808
214515,0.01824113486543345
214516,0.005640265973011848
214517,0.0015174889201715453
214518,0.002372058151920782
214519,0.0012807882206051643
214520,0.00237128650399762
214521,0.0006717574426085373
214522,0.0020054694321994825
214523,0.009042773279588311
214524,0.002179675099105557
214525,0.04452322563493548
214526,0.0011626460605672388
214527,0.0005750941759258097
214528,0.0016848288832071756
214529,0.0006455214619710377
214530,0.0011395993416993858
214531,0.0032025621836243683
214532,0.004305108569601705
214533,0.0003654227493626124
214534,0.0031063384595106727
214535,0.0010251045505212998
214536,0.0032454311816706937
214537,0.00675544876443405
214538,0.0006925014663144942
214539,0.0006581537740859314
214540,0.0022270458360715787
214541,0.008839624293377242
214542,0.0010785142009591085
214543,0.000868201431162863
214544,0.0005575880771341254
214545,0.0005788580109949893
214546,0.0007044843504430849
214547,0.0006634761513401084
214548,0.0005584404720854349
214549,0.0006448639741319876
214550,0.0006381657544274783
214551,0.9967179162076911
214552,0.0036763263790243338
214553,0.00040679315216617004
214554,0.005549398754348883
214555,0.0013587677934995609
214556,0.0018207968542324946
214557,0.0009227074959377533
214558,0.009557462484298705
214559,0.0005421596875667781
214560,0.002453751086916558
214561,0.0005492722623286637
214562,0.0004239656097359221
214563,0.0003968257519034438
214564,0.0013456642532830685
214565,0.005002335089655759
214566,0.0004863512308314708
214567,0.001122430186276228
214568,0.012558377644187713
214569,0.002157881521747284
214570,0.0007183453778187994
214571,0.006215010169664973
214572,0.0005965394992930407
214573,0.0020284240665953282
214574,0.008559484059190107
214575,0.005067703577245806
214576,0.0005879807357438661
214577,0.0006367433624618659
214578,0.0023958128890434506
214579,0.0007669106022251265
214580,0.0010134241908484932
214581,0.0006007936120554087
214582,0.0027088086251708648
214583,0.0006047038351883889
214584,0.0005383707419222665
214585,0.0003823149688420146
214586,0.000811281100196603
214587,0.11516911212079986
214588,0.003429179561093614
214589,0.0010425473345213123
214590,0.0014840281987560926
214591,0.0010128838677240931
214592,0.0012655192956071972
214593,0.01978725825793052
214594,0.0005213980704148102
214595,0.0017475038456540122
214596,0.0009133925769508439
214597,0.003802482852845396
214598,0.00047234461154217397
214599,0.00040250494227035493
214600,0.0007544224277720789
214601,0.01904171164870631
214602,0.0007773300432374522
214603,0.0008261943510131574
214604,0.0020410906495490757
214605,0.0010763127152936857
214606,0.001980562070303388
214607,0.0007777227591401525
214608,0.007809189744300243
214609,0.003085400935751912
214610,0.0017879667598357635
214611,0.00442354630200881
214612,0.0012944303416889244
214613,0.0015572714951014271
214614,0.004823322721564653
214615,0.0012832779791352791
214616,0.0005659197825306341
214617,0.0005275874440332573
214618,0.0007013706351878192
214619,0.0005545636919546693
214620,0.0005689811679419822
214621,0.0026667727290369423
214622,0.0005395908182603228
214623,0.0005547095898683834
214624,0.0017900191841936372
214625,0.0010740683843492986
214626,0.002565311006292907
214627,0.0005974496669338798
214628,0.0006418789237745907
214629,0.0008849316455722643
214630,0.0027039368659510024
214631,0.0012287724535019772
214632,0.0011707160822109126
214633,0.0006234966847037094
214634,0.0008849672543846206
214635,0.0003587740852810991
214636,0.0010262459207665481
214637,0.009189694909254361
214638,0.0030166016133410705
214639,0.0019358477525596692
214640,0.0037967070660640473
214641,0.004451894229100381
214642,0.0006887168984644866
214643,0.0005829897853892999
214644,0.001902988416364738
214645,0.0013711127381911313
214646,0.0019235094664486045
214647,0.0008608492576864114
214648,0.043301196792237415
214649,0.001133161800347929
214650,0.006199935581184971
214651,0.000580342450702993
214652,0.001733794529526211
214653,0.008894858879758803
214654,0.0006786701869564182
214655,0.0006779062423304298
214656,0.0012956860163668635
214657,0.0005472783112219324
214658,0.0021384264840837324
214659,0.0019255484984336735
214660,0.0010350139924689213
214661,0.011622888629414577
214662,0.004422045127155152
214663,0.000939807300296552
214664,0.0027519443929290275
214665,0.000539747825352242
214666,0.022244778158879066
214667,0.0005154338605857434
214668,0.004700449754690538
214669,0.0011957816153638553
214670,0.0012327096745581422
214671,0.0012400861221104251
214672,0.0022868063800550674
214673,0.0013780554258565427
214674,0.0015927225614833207
214675,0.0017357587885321825
214676,0.0013181632067896373
214677,0.002403295484010068
214678,0.0006505656822947892
214679,0.0024619425265912064
214680,0.0008102707748504031
214681,0.004422589365727253
214682,0.0009947686971782139
214683,0.000480560366206712
214684,0.0007886870567150027
214685,0.0004491758047080835
214686,0.006579203380547237
214687,0.0005504172798776287
214688,0.0005137660657957344
214689,0.0010209307069022735
214690,0.0006283551876989876
214691,0.0023954245598541224
214692,0.0025640958358979834
214693,0.027321566072248022
214694,0.0006511411588697112
214695,0.002037714052091185
214696,0.0013782043886756477
214697,0.002750915481241235
214698,0.0005552534047090365
214699,0.0006468648560372103
214700,0.001263030503369525
214701,0.005441725932692472
214702,0.0012367137113026942
214703,0.0009533092482713397
214704,0.001231607536918714
214705,0.0010177916323737119
214706,0.0004723974594025475
214707,0.0029648434777684676
214708,0.0018389651664491968
214709,0.004401901329986719
214710,0.0010903189195481688
214711,0.0036266371018568518
214712,0.0010923879972372505
214713,0.006507085116529313
214714,0.9917993093546924
214715,0.0005756292626206358
214716,0.0007509914765115606
214717,0.0011012868562035863
214718,0.0006553744988552618
214719,0.0006297020583618021
214720,0.006997067327787779
214721,0.002105235824342643
214722,0.002979941267651502
214723,0.0015739290548827676
214724,0.0007404065851309105
214725,0.0010254251952572767
214726,0.009920631609618057
214727,0.001862826351198801
214728,0.002051317006247525
214729,0.0017756064190158605
214730,0.0012272924215465855
214731,0.00047996280052569295
214732,0.005283812291946276
214733,0.0010168844882657716
214734,0.0012897950842287826
214735,0.0004369430251703622
214736,0.004622282002352171
214737,0.0006490514123951665
214738,0.0008163906985298754
214739,0.0007077565820794614
214740,0.00040792136408664717
214741,0.003907660784332721
214742,0.0004654772605388698
214743,0.003932428721586877
214744,0.004432284463543497
214745,0.0015862680139343778
214746,0.00238431649286883
214747,0.002994447147710041
214748,0.0009600427151766191
214749,0.0005606180019195234
214750,0.0005774681979341575
214751,0.0006592380384909563
214752,0.0028962501345525665
214753,0.0009406776697709447
214754,0.0009305698315872247
214755,0.001614740126941793
214756,0.00043599563274210193
214757,0.0008766471366328996
214758,0.005093974698537404
214759,0.0006893573082081828
214760,0.0007368385921435711
214761,0.0005956899049769046
214762,0.004543379187878322
214763,0.0008261942517451839
214764,0.000698698960853385
214765,0.006696065295365941
214766,0.00919550477042013
214767,0.0006853580749332385
214768,0.001607718152320825
214769,0.002349013861645986
214770,0.0006885363184226132
214771,0.9949275257094178
214772,0.011530885293683396
214773,0.002085700655169115
214774,0.0005690717419225583
214775,0.005560596326004379
214776,0.0012953552029418176
214777,0.0027090974214480715
214778,0.0008154032719387801
214779,0.0007260353255871944
214780,0.0006718755254502241
214781,0.012529884134340998
214782,0.0006699819311047922
214783,0.0004547330987762681
214784,0.0033068135300372047
214785,0.000600828162794882
214786,0.0005393842839170371
214787,0.9990816492718094
214788,0.000554228690156327
214789,0.0004816512628420738
214790,0.0007378053835241856
214791,0.0006017927590088448
214792,0.0029986003789114267
214793,0.004896843940842256
214794,0.004686628163466653
214795,0.0004449532240384399
214796,0.000853479583944585
214797,0.0007883765639334638
214798,0.0007043259353742659
214799,0.0005685662179236454
214800,0.0006771363367859753
214801,0.002082657471705731
214802,0.000495454728934224
214803,0.0005647084211485771
214804,0.001090522374585449
214805,0.0033302955658039194
214806,0.0005364253676674727
214807,0.0015679251986794075
214808,0.004496177178653721
214809,0.0007112569413511846
214810,0.0011101357637650334
214811,0.0012235683855137047
214812,0.007701886289036113
214813,0.0009885094569043564
214814,0.0008264319781476793
214815,0.0016926516879609925
214816,0.0006356639187753649
214817,0.0011171832290643568
214818,0.01459850825220763
214819,0.005754609877479732
214820,0.001072282116116026
214821,0.0006989543506273695
214822,0.002330068709435106
214823,0.0017281678198975117
214824,0.0014361841956443725
214825,0.011292608035657676
214826,0.00858337325541791
214827,0.0012065799712183065
214828,0.0014042257828778687
214829,0.0010486757302035213
214830,0.014752194217569119
214831,0.0028534163587999803
214832,0.0009073619344188322
214833,0.0013819506045974674
214834,0.0031039276482223038
214835,0.001026098831352156
214836,0.0006008133513901511
214837,0.0033001611941406227
214838,0.00501572117421108
214839,0.0012308020334377964
214840,0.0005365127087805693
214841,0.004365656572026439
214842,0.0006897145379842022
214843,0.005840823343120205
214844,0.0008529038173462855
214845,0.0021136307961441003
214846,0.0008946285073935652
214847,0.0018020889347269515
214848,0.004568866306375174
214849,0.008812578284871591
214850,0.000456866547862984
214851,0.0008518669239194163
214852,0.0006311853550031393
214853,0.0006701842476306822
214854,0.0005515832964825696
214855,0.001549936203444925
214856,0.0006001287901765363
214857,0.0007484712896687996
214858,0.0006061467690005311
214859,0.0010178973229284178
214860,0.0007189600703022429
214861,0.0005514936987941432
214862,0.0007403725876259227
214863,0.0005571205456299753
214864,0.0004781239028815796
214865,0.0012663747172881696
214866,0.01677066275177489
214867,0.004411142097803124
214868,0.0019584157070967646
214869,0.0013540332578445878
214870,0.0006100644599640886
214871,0.10603784325752913
214872,0.0007241529478428475
214873,0.0007883873186509099
214874,0.002995821914358302
214875,0.0019665959039831815
214876,0.0007407776864057055
214877,0.0005821397905720501
214878,0.0013725535294445655
214879,0.0006901466441175455
214880,0.003012208915371287
214881,0.0006057224212664884
214882,0.0016257749262699379
214883,0.000891442510199998
214884,0.0005367697212176143
214885,0.009195114612027712
214886,0.0010068196455554949
214887,0.0007411829700230295
214888,0.002995111203345036
214889,0.0008128054071457064
214890,0.0008346081954613116
214891,0.0005048396058430816
214892,0.0013124552844711959
214893,0.0007182720992601684
214894,0.003440484541795766
214895,0.0036553287974965556
214896,0.001146736371744683
214897,0.0030414687453791723
214898,0.0007413361982855541
214899,0.0005308030281914997
214900,0.0005478986213479471
214901,0.0024600776364181046
214902,0.000605066712570936
214903,0.0007624431667637566
214904,0.0011822231628837495
214905,0.0005931093367025337
214906,0.0011723232005815612
214907,0.02020892868081629
214908,0.001385838964833124
214909,0.0014873219234873497
214910,0.00043877999293637704
214911,0.0019980796987500767
214912,0.0016987546992006952
214913,0.0006016437455221988
214914,0.0004742560595163545
214915,0.0005891311575273014
214916,0.0009061152253722492
214917,0.0007386506062911518
214918,0.0008315044056144932
214919,0.0005728566723828758
214920,0.0005581513445861283
214921,0.0006658624072896479
214922,0.0010211315323423226
214923,0.0019527772838354644
214924,0.0004798350221348137
214925,0.0006325929001649182
214926,0.0008606632673079291
214927,0.02534899564559913
214928,0.0012071277135055792
214929,0.0017185427405590806
214930,0.003229542159473229
214931,0.0006061152414038583
214932,0.0015813889975232471
214933,0.0007230429030274676
214934,0.0005451299047464357
214935,0.0021026649446436218
214936,0.0006397199700928329
214937,0.0010797957272336248
214938,0.0005714772353694582
214939,0.0012792078647565893
214940,0.0007861852989996666
214941,0.007508128735992814
214942,0.00046379473151144973
214943,0.0009426035774003388
214944,0.0003571224760542622
214945,0.0008245328614183717
214946,0.0005020007038848816
214947,0.0006217858564428737
214948,0.0005526608754518682
214949,0.0007184518552752237
214950,0.005183690286416291
214951,0.0006304058374735318
214952,0.0018681596478316105
214953,0.0005660245563818978
214954,0.0004986565526271521
214955,0.0005509815740864137
214956,0.000808213988727477
214957,0.0008204849552921436
214958,0.0008474389538077044
214959,0.0009075258469346766
214960,0.0013840410660088164
214961,0.0006868498222597563
214962,0.0005894904190803649
214963,0.11177238967354447
214964,0.0006521972810201554
214965,0.0005367702292488724
214966,0.003392511366165611
214967,0.005670549920449961
214968,0.000662575364820755
214969,0.001838994650519898
214970,0.0009940573073953175
214971,0.0440210878661255
214972,0.0005251686292923009
214973,0.00046921671231540225
214974,0.0007551820061437511
214975,0.0017804631833521958
214976,0.0005583283946159867
214977,0.0004712732126262222
214978,0.0006769936807531706
214979,0.0007440722121386641
214980,0.0007789063154203179
214981,0.0014480826818344971
214982,0.0006388071334684482
214983,0.0008659769356960684
214984,0.000953166960735851
214985,0.0006298863112589135
214986,0.0004259298205616293
214987,0.0015771344113157766
214988,0.0020800258626732272
214989,0.0009409173746290904
214990,0.0015471718714352076
214991,0.000600996149615613
214992,0.0009721487579362672
214993,0.0005000727033281042
214994,0.0006556293195047307
214995,0.0014742046473273122
214996,0.0006836182272074066
214997,0.0005305992404124372
214998,0.008523734967161233
214999,0.005227330795304143
215000,0.006394134135129932
215001,0.0003749509950440678
215002,0.0031433111752055755
215003,0.002174995866935295
215004,0.0038688471120566885
215005,0.0012502586302336786
215006,0.0058159508589394875
215007,0.0023462806858861396
215008,0.0006646974447437093
215009,0.0007043570260375766
215010,0.000733043930945076
215011,0.0006003277001292854
215012,0.0005015102859228505
215013,0.0009601544305115949
215014,0.005103934272384071
215015,0.0009093790561708272
215016,0.004529630998153715
215017,0.000716654549898653
215018,0.0006531697602942778
215019,0.005471534155480019
215020,0.0006046942003918673
215021,0.0005791301599324331
215022,0.002649311947172023
215023,0.0004424084914629259
215024,0.0005901413674021561
215025,0.0008236181865151896
215026,0.0034796962335882976
215027,0.0009262526756790566
215028,0.0013067061269841323
215029,0.0009240574906658442
215030,0.00045033213477562985
215031,0.000803092698361957
215032,0.0007625414884126107
215033,0.001980362884849751
215034,0.00115918769538089
215035,0.0007045470645007082
215036,0.004439876201004295
215037,0.0010518318099176616
215038,0.003580640790408114
215039,0.0006581974465894752
215040,0.0007851805085590785
215041,0.0038934637031306047
215042,0.0011604216519912184
215043,0.0010517435042427907
215044,0.0005934610343691219
215045,0.0005443615835450722
215046,0.000688202819893314
215047,0.0008410672685697202
215048,0.0006037370061248868
215049,0.006410012365917248
215050,0.0013082511468124997
215051,0.007885651947176048
215052,0.00990582611163458
215053,0.0032676518172511737
215054,0.00532265260042253
215055,0.0049121291142602014
215056,0.9960272258614145
215057,0.002394769960839035
215058,0.0011439177114445048
215059,0.017326248199085445
215060,0.00045652838418460946
215061,0.0007563538485798958
215062,0.000798381228550384
215063,0.001103150018289875
215064,0.005335951780820077
215065,0.0006368797354216312
215066,0.0005345849287971686
215067,0.0014889335148401566
215068,0.0004220895388435101
215069,0.00045278666100588344
215070,0.004080032039610659
215071,0.0010643889720423863
215072,0.9888197599439792
215073,0.0005690024750869928
215074,0.0022588547874270405
215075,0.007873901679917857
215076,0.0017097738024177645
215077,0.03420036542206975
215078,0.00048472960107719457
215079,0.0005826673932450987
215080,0.003037553146392993
215081,0.0007064143017305887
215082,0.000784551638330029
215083,0.0006021435080835094
215084,0.000822857626314307
215085,0.000751674140036194
215086,0.0008006949721555603
215087,0.0019168374943492696
215088,0.0017374190384419799
215089,0.0008107713049855405
215090,0.0009583673317125259
215091,0.0007658509853779679
215092,0.0005084551277686366
215093,0.026371541162988354
215094,0.0009727738220245026
215095,0.04098786098899501
215096,0.0043861590584193385
215097,0.0027212500193476825
215098,0.00569400503400001
215099,0.0010248294028142126
215100,0.0005394279207662773
215101,0.0006393256868707953
215102,0.0029710060409308295
215103,0.0004726068002358545
215104,0.0006298849313972009
215105,0.0015445820763763346
215106,0.0007102808229660663
215107,0.00898401259655119
215108,0.001062917026899275
215109,0.00045967224445071526
215110,0.0005850753892682656
215111,0.0007291289447877831
215112,0.0007468370036129373
215113,0.000840096421831426
215114,0.0006878047018806611
215115,0.0033010421427248577
215116,0.001603528912456131
215117,0.0011137620016287344
215118,0.015513099858099774
215119,0.0007509094130857387
215120,0.0029291423328625644
215121,0.0006150522531969742
215122,0.0009429886347035433
215123,0.0004909702577794944
215124,0.0006794631847781875
215125,0.0023229884133171338
215126,0.001407284085938123
215127,0.008295342971237787
215128,0.0007005479221947843
215129,0.0006571821993735466
215130,0.0018672827281081786
215131,0.0023971908277011225
215132,0.0027900909214119136
215133,0.0006280516879280457
215134,0.002067507628488446
215135,0.0006731640050577829
215136,0.0004250325282658066
215137,0.002795631731429325
215138,0.0013394938630499316
215139,0.0016527747005718545
215140,0.0028076485596891044
215141,0.0010265076297931944
215142,0.0006094932612312318
215143,0.0010858279494152718
215144,0.0014889176631775808
215145,0.0006453921382055094
215146,0.004341124645703239
215147,0.0012420176431445177
215148,0.0005676506613841054
215149,0.0010339991865404824
215150,0.0005089350773316714
215151,0.0007981549334171682
215152,0.0017363067066672598
215153,0.0008404010822021908
215154,0.00882969454898345
215155,0.007973098957386047
215156,0.0011719031690793063
215157,0.003693589595913688
215158,0.003999897381524612
215159,0.20273348232443714
215160,0.0024611285168207
215161,0.004598974626477934
215162,0.0013606555711144672
215163,0.0011100483513896593
215164,0.00046248560335063074
215165,0.0014854395119421244
215166,0.0010771229491680968
215167,0.00960517528881652
215168,0.0007860748550601712
215169,0.000770404531833617
215170,0.0005935438698092808
215171,0.004189989764003586
215172,0.041685383403853374
215173,0.002667167591786476
215174,0.0016928384870296199
215175,0.008601831747530493
215176,0.001422134988205902
215177,0.0016822978575209559
215178,0.004443401963738323
215179,0.002095117139439405
215180,0.0006497028184422199
215181,0.002159911338419928
215182,0.0006530433595087635
215183,0.0028577088503926695
215184,0.0022286895079511593
215185,0.0017192193622050439
215186,0.0008800618823910263
215187,0.004485743691649349
215188,0.0006676836334295344
215189,0.0048726407993628625
215190,0.0006123504665566655
215191,0.0025792183187950454
215192,0.005496441412593209
215193,0.0012862009784907786
215194,0.010021097740754933
215195,0.0006348137074541718
215196,0.0018445739168604896
215197,0.0005002769801627905
215198,0.0008708953345967832
215199,0.0006542091080101307
215200,0.0006624177290053488
215201,0.0006600088804853909
215202,0.00255945485797032
215203,0.0005425669552838815
215204,0.0005204453590717592
215205,0.001350936052240105
215206,0.0006637148282587141
215207,0.0010345895293993532
215208,0.0007279162055639156
215209,0.0006171311281074107
215210,0.0012694102217627992
215211,0.0012078977674208208
215212,0.0004965431913278299
215213,0.0008900607888813534
215214,0.0006553175404537591
215215,0.0011647410958992336
215216,0.0005334163729911108
215217,0.0014506581666191651
215218,0.0011938531003933205
215219,0.0014203793180988522
215220,0.002439261743216679
215221,0.0005261952983672625
215222,0.0005564727549024672
215223,0.000873303299649004
215224,0.0006386266430790458
215225,0.0005749801746444395
215226,0.00403346336671487
215227,0.0010128776062434596
215228,0.00312767234540439
215229,0.0006433380820241913
215230,0.0007024664325532316
215231,0.0012023353018126904
215232,0.0007889438806310734
215233,0.003743787339713486
215234,0.0007817869304915298
215235,0.0009740958022747394
215236,0.004325144860190835
215237,0.001134984742503446
215238,0.000592332949024138
215239,0.000812511631720227
215240,0.2003924177701117
215241,0.010947094769654196
215242,0.0019517762353372507
215243,0.008518183237027506
215244,0.0007252758915480829
215245,0.0006886255827673833
215246,0.0019622897295410555
215247,0.0004991453102445455
215248,0.14175204270116784
215249,0.0011020874757459629
215250,0.0005126555835915359
215251,0.0024839998129604726
215252,0.0014175226541728063
215253,0.0019352334971385128
215254,0.0009401323454415517
215255,0.0007192565231397853
215256,0.0026980436628123716
215257,0.0005307164341745113
215258,0.0030551754776481097
215259,0.0009262398314902223
215260,0.0018791207425025518
215261,0.000901861439944139
215262,0.0012537048299245813
215263,0.0015752620511904577
215264,0.0006099642125892224
215265,0.0034297710511521943
215266,0.0013281805297427254
215267,0.0023497760387169667
215268,0.002356166871855742
215269,0.0011114030602271698
215270,0.002335028752730431
215271,0.0025369338869054656
215272,0.004220948188189928
215273,0.10984725284023035
215274,0.003673905017513826
215275,0.002170220707172106
215276,0.0018547654534552902
215277,0.0005240593463562569
215278,0.001144892862425013
215279,0.0018172138432208079
215280,0.0007274765997887368
215281,0.0009101514563823672
215282,0.0016085938232738108
215283,0.05231891153673143
215284,0.0025907633351005582
215285,0.0038032505960339845
215286,0.0005311068725763173
215287,0.0019408029435283019
215288,0.0008816222457353545
215289,0.0028020328451945353
215290,0.0006769040829891136
215291,0.000941496859853018
215292,0.0005166738357684177
215293,0.0005829324985986574
215294,0.00208379853462131
215295,0.0029221944895701747
215296,0.0007028766238893654
215297,0.0009298254914762073
215298,0.0038249678239064746
215299,0.0007955699479336256
215300,0.002190756605427464
215301,0.001195325119585076
215302,0.0005773892191796716
215303,0.007344976228777414
215304,0.006378850847962709
215305,0.0008207559962128721
215306,0.0006169817487150633
215307,0.005627705107027316
215308,0.0006263382142736847
215309,0.0026996233596937704
215310,0.0008013766031492848
215311,0.0004960143276665341
215312,0.0006703352438874224
215313,0.007441244417113236
215314,0.0008822255380594432
215315,0.004572697702824724
215316,0.0006202652936506899
215317,0.0007881560862623523
215318,0.001854461573839662
215319,0.0014091829761525465
215320,0.0010680241112333247
215321,0.0006010422261048802
215322,0.0006925944581966679
215323,0.0006645305758312529
215324,0.008265166360518935
215325,0.0004958845414591055
215326,0.0024064415297361213
215327,0.0004426722721259266
215328,0.001153127107664537
215329,0.000822305642404011
215330,0.0007641569834131276
215331,0.0008849793764921326
215332,0.0012295112552546273
215333,0.020761630652507964
215334,0.001324851277250543
215335,0.0005801517809314284
215336,0.0007238985491261319
215337,0.0018835906460620317
215338,0.005268639812469573
215339,0.00039956864355366847
215340,0.0007267403974197213
215341,0.013454232118181841
215342,0.0008968541990546388
215343,0.0005389922724576938
215344,0.0006427443784784633
215345,0.002091219125594454
215346,0.001309773392787347
215347,0.002897130054262849
215348,0.0005637211896880181
215349,0.0006061442320923328
215350,0.0008282547302777166
215351,0.0005166312165662769
215352,0.993875023576406
215353,0.001364932186929268
215354,0.0007542037292294297
215355,0.0004447461640858029
215356,0.000528327402433423
215357,0.0008279080494763115
215358,0.00175578028540759
215359,0.016432739666381844
215360,0.0018511390410319941
215361,0.0021672365587259773
215362,0.0006006947635973717
215363,0.0006059742160868706
215364,0.0004118203150783743
215365,0.0013151609323305917
215366,0.07164320868338027
215367,0.0006708177053872503
215368,0.0022106470368552667
215369,0.0009472310054078238
215370,0.0009289698428368281
215371,0.005725199182280894
215372,0.0014479233394664275
215373,0.0006903295895880784
215374,0.0006145817994107302
215375,0.0006049040417956152
215376,0.0004467975719758266
215377,0.0007036046370514479
215378,0.0009680355511948387
215379,0.002236949312709971
215380,0.00038340960246138636
215381,0.001960225529376433
215382,0.05008959984312937
215383,0.004656524588292007
215384,0.0008053534200818618
215385,0.0009188995881486859
215386,0.0006109988513884708
215387,0.002440087622706282
215388,0.00045962179163514167
215389,0.9956960257924999
215390,0.0007828783014705726
215391,0.0008528421622279647
215392,0.005838361865515293
215393,0.0009235876368908584
215394,0.0006611611271698425
215395,0.0027890720914288533
215396,0.0006753189229813667
215397,0.0005447510062210423
215398,0.0010068222839417422
215399,0.0014151583072591198
215400,0.0005810769514175521
215401,0.0013071003075508403
215402,0.001975606304938408
215403,0.025383409250232178
215404,0.0007605318127997397
215405,0.005045456105733835
215406,0.0035938835377431087
215407,0.0015539765794946123
215408,0.0021316161465142376
215409,0.2007076626015352
215410,0.0027791583712141067
215411,0.007226973927075323
215412,0.0012313551551411325
215413,0.001663188850730623
215414,0.000524202402362801
215415,0.0004973845313839823
215416,0.0005260695936456796
215417,0.0016417211219973984
215418,0.00125424105976205
215419,0.004263506398611926
215420,0.0011557629708828956
215421,0.042859894949109106
215422,0.0006429646124357088
215423,0.0006989768447581075
215424,0.00427155436311467
215425,0.0009424065590762793
215426,0.0017507795630552618
215427,0.006285363942195272
215428,0.0011774930904722024
215429,0.0009071086805211397
215430,0.0007397603961559469
215431,0.0006072515593758249
215432,0.0013210749164586618
215433,0.00097072574528033
215434,0.0021190395160144387
215435,0.9838753380962749
215436,0.0008406484083178691
215437,0.02213654346169741
215438,0.001661265865307758
215439,0.0007660235116241169
215440,0.0011666758249581216
215441,0.0038908190233718884
215442,0.001717216728484425
215443,0.0011043197892388844
215444,0.021573443680664176
215445,0.0011399181458432927
215446,0.0005201994356269208
215447,0.001958555197749003
215448,0.0015354467386711128
215449,0.0021702920652049854
215450,0.0006917111799797434
215451,0.0006336477186988797
215452,0.0006006576836804549
215453,0.001437566173038596
215454,0.0018235833915640806
215455,0.0009440058669176799
215456,0.000570769146522488
215457,0.0008104954129548956
215458,0.0008924885902296947
215459,0.0009842748439610667
215460,0.0015643367660601168
215461,0.0019233188080195703
215462,0.00805398690516257
215463,0.008250270526374694
215464,0.0005769980116770413
215465,0.0005358298778846412
215466,0.0007668868083681125
215467,0.00045117372880502325
215468,0.001493098960091898
215469,0.001129218028628726
215470,0.0013095642314228332
215471,0.0006724386449360605
215472,0.0006752832296639052
215473,0.0005529401365276448
215474,0.0027782579856095897
215475,0.031266863384204834
215476,0.013556661375871774
215477,0.0008691513935584927
215478,0.0012018018846062062
215479,0.0006216392998096897
215480,0.00047977789361521126
215481,0.0006490051491261869
215482,0.0005882890493587766
215483,0.002638417994808279
215484,0.0005242953154063576
215485,0.0013910081932099734
215486,0.000627002893699542
215487,0.0007238337940136212
215488,0.010426749188891584
215489,0.0005116070758631327
215490,0.0034007250375284737
215491,0.0024796791583350706
215492,0.000978790713058107
215493,0.0007241568786772201
215494,0.0007061290335168492
215495,0.0034611777470668886
215496,0.0014791715641546202
215497,0.0017517979431587553
215498,0.001486847316710429
215499,0.0008981590738013045
215500,0.000531409202238042
215501,0.000487831459417421
215502,0.004556002711769391
215503,0.0011950085091722885
215504,0.003154603936319375
215505,0.00033468463482422446
215506,0.009001414331235646
215507,0.0004815832908406924
215508,0.0014478909082404159
215509,0.0020887324852707366
215510,0.0008445539142529677
215511,0.0030821967640149383
215512,0.0004794598605198513
215513,0.0001951618921997208
215514,0.0005554243767438861
215515,0.0010376100068071772
215516,0.0011319592527751503
215517,0.0010588741968919862
215518,0.0005006349691673278
215519,0.0007606403393207554
215520,0.0008918383813429485
215521,0.001884423906322234
215522,0.0064079397904193815
215523,0.004220623123005995
215524,0.0007205982185365336
215525,0.0004736991918865371
215526,0.0006091251579380077
215527,0.0009495460730477236
215528,0.9658093387161888
215529,0.00100519653049167
215530,0.000601422237459044
215531,0.0008006860800056383
215532,0.0031517848638384035
215533,0.00112063076497045
215534,0.0007622879084904985
215535,0.0005608350110449359
215536,0.0007230952036064568
215537,0.0051494033704846546
215538,0.007103845448187486
215539,0.0006696298461099262
215540,0.0006240598954118095
215541,0.0005671764816018092
215542,0.013047438509464618
215543,0.0010337265292998908
215544,0.0004688433022211929
215545,0.0007997986549823713
215546,0.0004906569141429793
215547,0.0020352971645871912
215548,0.9819775711447687
215549,0.0017979860748802453
215550,0.0007568175007158592
215551,0.0016863555372712649
215552,0.0005145862771037214
215553,0.0007804435731062904
215554,0.0018608558904823335
215555,0.0005676270330691122
215556,0.0018541878135684632
215557,0.002208068142138338
215558,0.0027542665053411383
215559,0.0027768549309010694
215560,0.0012305035750698429
215561,0.001247364135227164
215562,0.0007614984837849444
215563,0.004671854168555369
215564,0.0006473861044451174
215565,0.004584130412739353
215566,0.008042531647571214
215567,0.0068480582890161085
215568,0.0025254805416094752
215569,0.009362854633316972
215570,0.0009252779605449337
215571,0.0030462749385532974
215572,0.0006909474364047674
215573,0.001810045178209877
215574,0.000814510629322024
215575,0.027598339330890016
215576,0.0051633411953554385
215577,0.0006098018107464861
215578,0.0008144233864010715
215579,0.0005771242780884374
215580,0.0016831658188066964
215581,0.0016363174834996973
215582,0.0005338107577499028
215583,0.0007281382035868641
215584,0.0007532492202043031
215585,0.000962498889825493
215586,0.0006756115027381161
215587,0.0017463591610105216
215588,0.0008486167588152926
215589,0.0018681884559624512
215590,0.004534622974271495
215591,0.0009100612989847566
215592,0.0005803034287263717
215593,0.001258311970151641
215594,0.000755494316271868
215595,0.0020084934593898513
215596,0.0013442945048859716
215597,0.0004331445754226949
215598,0.002149470491413584
215599,0.002995608256610309
215600,0.009678572398918119
215601,0.0005617666884020738
215602,0.001288695052615895
215603,0.002516724940881881
215604,0.0010634307257850488
215605,0.0006076171148748581
215606,0.0016446880205436758
215607,0.0007571046337306275
215608,0.001379751205700861
215609,0.0011506224270274744
215610,0.0024983380287724164
215611,0.00040054201538739187
215612,0.0014057722363030828
215613,0.0005495984192187387
215614,0.0005033200526484176
215615,0.0014765811621750436
215616,0.000855063611060808
215617,0.0010959989307158724
215618,0.000820190423216312
215619,0.002042291882230798
215620,0.002205106160149063
215621,0.0007574423542871005
215622,0.0021325948274122444
215623,0.0006508978037109566
215624,0.0005214128836567691
215625,0.00259653487294927
215626,0.0009705589969315007
215627,0.0018177158731802865
215628,0.002604277429376741
215629,0.00046470392317568044
215630,0.0017911933300214244
215631,0.008568458527668153
215632,0.0006102342051552726
215633,0.005904176306989215
215634,0.0030697623905350615
215635,0.001986579074037088
215636,0.01933705777444808
215637,0.006687233579041404
215638,0.00675882344205289
215639,0.004764256530067866
215640,0.0009138326969648969
215641,0.0006021380987099808
215642,0.0008549104971684439
215643,0.002023675006286324
215644,0.0008523804651922203
215645,0.0011464908739036266
215646,0.0007798695341929896
215647,0.000690546372214131
215648,0.0007554071919156589
215649,0.0004228312567516106
215650,0.0020685498712483125
215651,0.0005733669229935434
215652,0.0006635490267691845
215653,0.025888449022512028
215654,0.0006400488959933322
215655,0.0007803899169684769
215656,0.0015050359814289766
215657,0.0005877893788313066
215658,0.0012050058200210028
215659,0.0009047217937798782
215660,0.0007876667239026152
215661,0.0007369585751244828
215662,0.0009154388752432726
215663,0.0008733091274221451
215664,0.0019078199340727383
215665,0.0045501591902572585
215666,0.0025078360279676623
215667,0.0012746521754312995
215668,0.0006791035027639489
215669,0.0008845839437097086
215670,0.004007093072938721
215671,0.9899447002886074
215672,0.0011039142996908048
215673,0.002664388163299284
215674,0.001152339941417385
215675,0.00046326837340614354
215676,0.0006393620147398175
215677,0.0005123471383753166
215678,0.0005103902679494423
215679,0.00099282333423048
215680,0.004373996015202272
215681,0.0006827275138474183
215682,0.0009269652058559715
215683,0.0011470017553629826
215684,0.0026432622276179197
215685,0.0027647205586610987
215686,0.0011454216196294413
215687,0.0006797869261118041
215688,0.0033236104930746296
215689,0.0016947366387239497
215690,0.0005682947676506067
215691,0.0029087075614356974
215692,0.0013196537531119197
215693,0.00168681700303602
215694,0.0007327479995451211
215695,0.0006572416763818163
215696,0.001127433712780286
215697,0.0006382561301087302
215698,0.000932571285740501
215699,0.0007878049023500608
215700,0.0008496438313101064
215701,0.0012874772992480304
215702,0.0009794337768540059
215703,0.0006406291250737812
215704,0.002777003582943357
215705,0.0003293607101490282
215706,0.0013445453910756117
215707,0.0010290621327464868
215708,0.0443056172006376
215709,0.00038990907499771173
215710,0.001329832855518528
215711,0.007929821007133755
215712,0.002589102350720192
215713,0.0005133947209602102
215714,0.0006143389826405631
215715,0.0007585823066452372
215716,0.0010615018766799002
215717,0.0024805887618746577
215718,0.0014110815826573224
215719,0.0012777187498434033
215720,0.009180261299519012
215721,0.0006693277206471404
215722,0.0031626179680087994
215723,0.0009168457589848731
215724,0.0006614103455105178
215725,0.0005629482511365529
215726,0.0016267728101158336
215727,0.0012169906298186944
215728,0.0017508991597783396
215729,0.007066382746104015
215730,0.0014703868069236765
215731,0.0008575433215829353
215732,0.000516200220948661
215733,0.02851909506055629
215734,0.0009700836783418178
215735,0.0006562169632041234
215736,0.0011015530796331147
215737,0.0008719553359480421
215738,0.9945649558252772
215739,0.005204548917048804
215740,0.0015900548531197795
215741,0.006409543946532937
215742,0.002016737828106632
215743,0.0006018094110268523
215744,0.0012677954604606526
215745,0.016104904963012097
215746,0.0005985962373878276
215747,0.0006903825725234658
215748,0.0010270645423468413
215749,0.0007152902338970653
215750,0.016306910047112093
215751,0.0005704641151613474
215752,0.0011433262601948883
215753,0.0008185499812936809
215754,0.0006263045316694626
215755,0.000638137697709971
215756,0.009049271532542952
215757,0.002739639977582955
215758,0.0008061480255373138
215759,0.0052799836605951205
215760,0.0017286658887979852
215761,0.0015416318648969782
215762,0.0005027083222044154
215763,0.0008581538540382568
215764,0.9967071413177689
215765,0.0283291197049522
215766,0.004643773756534585
215767,0.008956257847042456
215768,0.001023292976910207
215769,0.0006204248486429669
215770,0.0007380575283197368
215771,0.0006922532814387112
215772,0.0022338762111471884
215773,0.0009339717621360314
215774,0.0006958486691980843
215775,0.00381238275563186
215776,0.0032157044804157022
215777,0.0008572702128116884
215778,0.0006314972341542079
215779,0.0007299785525486799
215780,0.0010844939549882046
215781,0.0009281104406069153
215782,0.0005675033628221083
215783,0.0005839583764290641
215784,0.0006666459197626233
215785,0.0005453393720774601
215786,0.0008074766992921761
215787,0.0008957672434290256
215788,0.0005217988494390371
215789,0.0006583283620350113
215790,0.0006083481058047956
215791,0.000514278355285032
215792,0.0016437479735801335
215793,0.0006019110939767872
215794,0.0005147867757048628
215795,0.0015039337400687804
215796,0.005408424941562075
215797,0.0010621575153070837
215798,0.0010468654700428247
215799,0.0010220298169316322
215800,0.0008163922370668813
215801,0.0006095005975588136
215802,0.0008907212128353923
215803,0.0007887381541805889
215804,0.000790292408048421
215805,0.0018203968577997515
215806,0.004779842130398049
215807,0.0006420697016088128
215808,0.001969079482879762
215809,0.004279996218006857
215810,0.0008080884991063058
215811,0.0006608382938605504
215812,0.0006531941618990839
215813,0.002558427998788941
215814,0.0031715971611121488
215815,0.014951159573278788
215816,0.000584269075226083
215817,0.0005320816240441329
215818,0.013475080016074333
215819,0.002641344518240357
215820,0.00157166430448065
215821,0.0055564389394690905
215822,0.0009601670065263805
215823,0.0006470470791399821
215824,0.0005449832501974445
215825,0.0005632462824427952
215826,0.003394054816078431
215827,0.001007758638210037
215828,0.0006596409032649657
215829,0.001163242735593757
215830,0.0037651392190780593
215831,0.00047130703176962666
215832,0.0005093483886738249
215833,0.001455284458046783
215834,0.0008231481615904495
215835,0.000905330245366901
215836,0.0036173284423458496
215837,0.0007879941023929754
215838,0.0016866980699405992
215839,0.000757774057136993
215840,0.001375277215954973
215841,0.0005779020584240719
215842,0.0006194591498901672
215843,0.0007570718833360916
215844,0.0007996639337643123
215845,0.010628994351036324
215846,0.0017587980846811599
215847,0.003360836645987974
215848,0.0010152799812548964
215849,0.0003244766249849229
215850,0.0009110658715770119
215851,0.0005753205604489337
215852,0.000993767376575563
215853,0.0007649329467014479
215854,0.001962498735038561
215855,0.008953125265922927
215856,0.0005206275642387731
215857,0.001447360725598415
215858,0.0006485681248278629
215859,0.0012375333531698426
215860,0.0004554670180555462
215861,0.0012340520187508683
215862,0.0021177036353264064
215863,0.0007756757729962026
215864,0.0010238849201276547
215865,0.005012968791545244
215866,0.000553575030685452
215867,0.000831470555274684
215868,0.000878440231541665
215869,0.0009870265240511959
215870,0.9978417929979924
215871,0.0008821627036979082
215872,0.0007802038123695874
215873,0.0006906428061829167
215874,0.0013059238870079958
215875,0.001533326349198737
215876,0.0008400166812042938
215877,0.0011011548268293424
215878,0.0023091091402434264
215879,0.0010120771195418971
215880,0.002448817996989352
215881,0.0009241470034644986
215882,0.0005015568183969285
215883,0.005992609710244492
215884,0.0006793387106969221
215885,0.0026382992688768862
215886,0.0015109323464878124
215887,0.0033128480014553577
215888,0.0011540675815202095
215889,0.0011610857149702751
215890,0.001866137894433319
215891,0.0008286737640629039
215892,0.0006399879387052332
215893,0.9955262943822054
215894,0.0021824768993750484
215895,0.020396074812523545
215896,0.004595151102537765
215897,0.0032513871763185697
215898,0.0005276553566337457
215899,0.0004881015041473418
215900,0.0008168523769640739
215901,0.0006366420784898031
215902,0.0014595188064730645
215903,0.0005668006256682484
215904,0.0022552704722593867
215905,0.000560059868183122
215906,0.0007829275409430177
215907,0.0007588103789523608
215908,0.0019769237334502938
215909,0.003406929082271714
215910,0.0018084791784381943
215911,0.0005463234096454173
215912,0.0012791616854724523
215913,0.0007805509721468718
215914,0.0006077762359324952
215915,0.00040704273198170575
215916,0.00047815130817497925
215917,0.005568191169862327
215918,0.0015288817638567805
215919,0.0011501957304112546
215920,0.0005248274334232086
215921,0.005549975407307586
215922,0.0003892092868355933
215923,0.000521214493859276
215924,0.0007912460249311896
215925,0.0014778595779789325
215926,0.0012754704654888123
215927,0.000881768550184297
215928,0.0004963798353904273
215929,0.0009472500892947068
215930,0.005642309497636086
215931,0.0006419127470393633
215932,0.0007381605650964283
215933,0.0038565445878366716
215934,0.0006096869623044476
215935,0.0004753391745603915
215936,0.005549859611913909
215937,0.0009508637440450086
215938,0.0007878717230233752
215939,0.000990193765534498
215940,0.0011451046620886611
215941,0.0005539658286248349
215942,0.0004996541181196172
215943,0.0007560493554258135
215944,0.001642225887278477
215945,0.0005724276223721195
215946,0.000583480526736162
215947,0.0007446186760826658
215948,0.001039756996196483
215949,0.000600643650518991
215950,0.0005304320869469535
215951,0.0005944542422233593
215952,0.001127139887619658
215953,0.0010258509057972716
215954,0.0005207837589285337
215955,0.0005279277966381727
215956,0.0019185430394905796
215957,0.20049480404898912
215958,0.0009234722322219597
215959,0.0005252178828327572
215960,0.0021844744174089985
215961,0.0012519665167226644
215962,0.0010734986167437526
215963,0.0011798158439846151
215964,0.000678211487448213
215965,0.0004989370438188473
215966,0.0004031239659340732
215967,0.004891035776942264
215968,0.0013536862662746616
215969,0.0037743467497194884
215970,0.0008404188185049306
215971,0.001685365790927257
215972,0.0005287579230064027
215973,0.003998078609034203
215974,0.0006158302788035
215975,0.0011957086933882784
215976,0.0007177621696004636
215977,0.0006315789387372129
215978,0.0008366371453028966
215979,0.0076424160107691095
215980,0.0008660110475795396
215981,0.0009766128687286344
215982,0.0006308029684172387
215983,0.000710306810364838
215984,0.004963405726300253
215985,0.014613975107432977
215986,0.0014257122736245176
215987,0.0006023522402561003
215988,0.0007639571472732802
215989,0.0006988084095806322
215990,0.0007375439708821017
215991,0.0012023726923019106
215992,0.0007644727332214054
215993,0.0028576170955481863
215994,0.0006789788073154617
215995,0.0016176882950682688
215996,0.00041028204556865496
215997,0.0009161724137767148
215998,0.0005649523321961164
215999,0.005813186025137912
216000,0.0008463614285551244
216001,0.0006689471908318338
216002,0.0005774856277156855
216003,0.00046232019934257636
216004,0.0011147170870379477
216005,0.0028953897930146235
216006,0.00204526326022106
216007,0.0006789505328343783
216008,0.027394784394464737
216009,0.0006655031340892664
216010,0.0015392977482432256
216011,0.043260638798149634
216012,0.0012421287483013691
216013,0.0008500477536124098
216014,0.0005918095389984346
216015,0.000698987398298532
216016,0.0007995383425977221
216017,0.0007133633440470666
216018,0.0005248912990886575
216019,0.004017254179639945
216020,0.0006025443648783367
216021,0.0008331481166115263
216022,0.000634330261037897
216023,0.0006429703156728482
216024,0.0005173772843013283
216025,0.9938793172196076
216026,0.0005532796241640306
216027,0.0021806788801433737
216028,0.0035629493167183184
216029,0.003907564439171832
216030,0.001638357096589035
216031,0.0004977705526827533
216032,0.0007403760386480952
216033,0.0010003699161839623
216034,0.0008858306307142202
216035,0.0004801591939023488
216036,0.0005144402445048376
216037,0.00035662058194665806
216038,0.0008769261752120871
216039,0.03201410106608252
216040,0.0018023414974664806
216041,0.008787420742260684
216042,0.000753775171941942
216043,0.0006398883600321917
216044,0.0022203375696941215
216045,0.0011766366268466276
216046,0.017305074759365165
216047,0.0008452344038384082
216048,0.0013898336196645207
216049,0.0004504227852358539
216050,0.00772091604654335
216051,0.0008304548532139322
216052,0.0010993727307829022
216053,0.0011974582671738841
216054,0.0005115450473039923
216055,0.001115834906847567
216056,0.0032983938445366365
216057,0.0004635191742000891
216058,0.0010016134663407526
216059,0.0006026152785716228
216060,0.001060874675238947
216061,0.0008231619374081721
216062,0.0005142278017746097
216063,0.001398462407511355
216064,0.019346279553114194
216065,0.08030682450546751
216066,0.0012616902398496597
216067,0.00187721694285561
216068,0.0008302203501863363
216069,0.0018402730267997628
216070,0.0008567105266085414
216071,0.0005140636925263496
216072,0.0017973801445401454
216073,0.0012461539207005133
216074,0.0009692439840808522
216075,0.0007147490737332096
216076,0.003192463399622971
216077,0.0067002985597758614
216078,0.0005875610608005735
216079,0.0008509435750369524
216080,0.001705274669246984
216081,0.0006725519791770927
216082,0.0005807933618634159
216083,0.0007146627752520861
216084,0.0014179326111675452
216085,0.0006588622662943548
216086,0.015856676833604776
216087,0.001531316175282047
216088,0.0010238352286655896
216089,0.0062158524526632905
216090,0.0007652035493567618
216091,0.001575833443513139
216092,0.001775388036927864
216093,0.013325463373047797
216094,0.0006176124652150683
216095,0.031373442972193154
216096,0.0005560886485064253
216097,0.0013488920155808682
216098,0.0006438372528581083
216099,0.0006258650592371661
216100,0.0013476551562887733
216101,0.0005516902591031004
216102,0.007024184597834009
216103,0.004408510000927167
216104,0.0020026363631617293
216105,0.0005030494569115523
216106,0.0008854489716509789
216107,0.0005406478546065462
216108,0.0005934908213908196
216109,0.0007705708202654669
216110,0.0005108245355632155
216111,0.001677647722966901
216112,0.009431797786113576
216113,0.001873977003631129
216114,0.0008624633163336029
216115,0.0005706202532303976
216116,0.0008978446627165632
216117,0.9909198499962277
216118,0.0005917908026282284
216119,0.001634671941051533
216120,0.9902657103104202
216121,0.0006535415808433558
216122,0.005070687880926104
216123,0.000520835664557546
216124,0.002617981708883217
216125,0.0032339832189028283
216126,0.0004934348594197171
216127,0.0003841651396050274
216128,0.0006048206049924587
216129,0.0017586832698423716
216130,0.0008781640112999987
216131,0.0006011376342843675
216132,0.0014576713765270756
216133,0.029987437139702422
216134,0.001506805375555404
216135,0.0007540372374594985
216136,0.0022267996126012135
216137,0.0005902520146881282
216138,0.05803424812211358
216139,0.000733137258348955
216140,0.004592459565804896
216141,0.0016625804997362408
216142,0.001233839493961344
216143,0.00045116630809842906
216144,0.005269903718716048
216145,0.0016345223720307589
216146,0.0006896422370483867
216147,0.0016385489909737753
216148,0.0005756761088715873
216149,0.001178262294913695
216150,0.003109710450438015
216151,0.0004932065654902228
216152,0.00059001139247564
216153,0.0006733105376256177
216154,0.002908807302363438
216155,0.0060816789082146884
216156,0.0017109988230174216
216157,0.0005710017641592786
216158,0.002380912617136563
216159,0.0014454206901551808
216160,0.0005062215255473715
216161,0.0005054966938862346
216162,0.004818120282903012
216163,0.000715290120025188
216164,0.0022709599564417803
216165,0.0005375410374817664
216166,0.003917055985666438
216167,0.0008094231753410562
216168,0.0006637372069986062
216169,0.0006340647468742565
216170,0.0005902916176755881
216171,0.0008288798139961727
216172,0.0004277791721071084
216173,0.004354611645845113
216174,0.0021836450593885376
216175,0.0007731336691298913
216176,0.0005364334562630878
216177,0.007537741853193197
216178,0.0012541562428500701
216179,0.000609663866094327
216180,0.0012889412942698312
216181,0.0005515148179183402
216182,0.00043798392518711683
216183,0.005530831170295647
216184,0.0017508532992723059
216185,0.0004849183212984284
216186,0.0005148998947997181
216187,0.000948334292186234
216188,0.001337729836610474
216189,0.0025103498350324657
216190,0.0005819749009882398
216191,0.0005694136008003445
216192,0.0009557123512552335
216193,0.0009136915833491228
216194,0.0011507808411604526
216195,0.01411600016380202
216196,0.001453582136451585
216197,0.003272459002964628
216198,0.0005836918598045916
216199,0.004925580571383466
216200,0.0018192658524009398
216201,0.0024437459645575235
216202,0.00048128351900154014
216203,0.0007234893034380335
216204,0.0005477841640776445
216205,0.0009219481211934664
216206,0.0071602665929099505
216207,0.0005626554384719383
216208,0.0005700677297066743
216209,0.0012044973990276643
216210,0.0010451609942073769
216211,0.000529725771967098
216212,0.0008808301414613329
216213,0.0006204374415564738
216214,0.0008321479831618875
216215,0.0006580530114440023
216216,0.0007158549213773602
216217,0.0015817139084777848
216218,0.000605808969539263
216219,0.004237827439140967
216220,0.008288333129396624
216221,0.001966427432956626
216222,0.003116207115236912
216223,0.001564966858559167
216224,0.0009390025071276929
216225,0.0005021565472407975
216226,0.0010348567763009207
216227,0.0006540341596405774
216228,0.002165740081841658
216229,0.0022874785104610154
216230,0.015332494324957306
216231,0.0014837560353224669
216232,0.002130597624672171
216233,0.000716819208025314
216234,0.0006648041556131598
216235,0.0005659882179156681
216236,0.0012961382226947412
216237,0.0005577156268207354
216238,0.0008905804198216191
216239,0.0017339701763277942
216240,0.0007633560359343635
216241,0.018674712977966565
216242,0.0028640628731917235
216243,0.002603654686906409
216244,0.0005222599881386906
216245,0.0005602506357333212
216246,0.015859028102254195
216247,0.006550021337981292
216248,0.001970505750833097
216249,0.004200615475339985
216250,0.0007713966987059435
216251,0.0007418888471922629
216252,0.0009584435579151234
216253,0.0007601055342384982
216254,0.001415866281054015
216255,0.02167555425711499
216256,0.0007920291976034849
216257,0.0014014571447971429
216258,0.0007498047093239689
216259,0.0006311202090868937
216260,0.04885173717750751
216261,0.0005612676128109095
216262,0.0006132557699010772
216263,0.0009946973291599646
216264,0.0010312279888706724
216265,0.0006552803404983
216266,0.9953241032568574
216267,0.0005631469835663347
216268,0.0008547619460400522
216269,0.0006871090917526027
216270,0.0010564987639199081
216271,0.00042110993978097463
216272,0.0007393007961171454
216273,0.013772533039620036
216274,0.0008683321349614286
216275,0.0006353908191490617
216276,0.0011420553184008937
216277,0.0022100797617500534
216278,0.0006591291956391072
216279,0.0017709125193506275
216280,0.002608125075891706
216281,0.0008102532250155432
216282,0.000807494205613107
216283,0.0006377440262861513
216284,0.0004877721729730301
216285,0.0005581402689939518
216286,0.0021201051537995297
216287,0.009949839499054505
216288,0.0011486230549331913
216289,0.0037755692221524604
216290,0.002967775816657368
216291,0.0017528425429449274
216292,0.00109997753747146
216293,0.003322754676430852
216294,0.0007316100874566467
216295,0.004566112657413499
216296,0.00046349720912798327
216297,0.00045074910912493214
216298,0.0014125773999694997
216299,0.0006686486277642813
216300,0.0005083051966117174
216301,0.0005218746016873864
216302,0.0009082655542018625
216303,0.007559569481450633
216304,0.002207236471663466
216305,0.0014423274438486284
216306,0.0019712149432873955
216307,0.0006517070066783127
216308,0.0006275008159934922
216309,0.0005752317610200825
216310,0.0007904831892277382
216311,0.0050650390778987624
216312,0.0008389383322045306
216313,0.0009346316482837968
216314,0.0006743727851416965
216315,0.002168925468140551
216316,0.994778970342034
216317,0.0019925951616732965
216318,0.00310986036617244
216319,0.0005627803883059758
216320,0.003551402992260663
216321,0.0004480881906316437
216322,0.0006456996810258413
216323,0.006766840587997767
216324,0.10452418981441686
216325,0.00035598840414967543
216326,0.0003917575318885086
216327,0.007467284172663604
216328,0.0027610273682664175
216329,0.02939696569201062
216330,0.001790860222924464
216331,0.003693501950937251
216332,0.003169581578274151
216333,0.0005632891359049554
216334,0.0018359729255223519
216335,0.0008166911537545932
216336,0.0017117233972382957
216337,0.0009364862979413962
216338,0.009971427105870536
216339,0.0025452716672879514
216340,0.0005461874847874316
216341,0.003175751690089223
216342,0.0005125530416419448
216343,0.0006183041522215344
216344,0.0029073339156607987
216345,0.0008960815538083347
216346,0.0007649929410177678
216347,0.003214009235488551
216348,0.0019066392053565659
216349,0.0007642710204105953
216350,0.0008881469707955833
216351,0.009612891445383843
216352,0.0006692215698591752
216353,0.0008017516915342438
216354,0.0006054479017157418
216355,0.0009577870883721684
216356,0.0010832414227578842
216357,0.0006096698510442462
216358,0.0007874858671373375
216359,0.00239494101667823
216360,0.0010647592688455606
216361,0.008001903938689176
216362,0.023671623882560982
216363,0.0012439910712421349
216364,0.0007314960432665773
216365,0.0017945794859020397
216366,0.0010552672660114823
216367,0.005909507795611204
216368,0.001301706410588631
216369,0.000642716552438931
216370,0.0011276505310555936
216371,0.0007044639584918334
216372,0.0007224843132651612
216373,0.001573258811342831
216374,0.0006996378419478033
216375,0.010788877007304583
216376,0.0009832192385041429
216377,0.0007943295337666291
216378,0.0003571468404105009
216379,0.004383947062120281
216380,0.0007486460969543957
216381,0.0008181368722207844
216382,0.0007788878806819887
216383,0.010327328622947801
216384,0.000662538296381908
216385,0.0022931555649880176
216386,0.0009098725331425361
216387,0.0042748071401317546
216388,0.0014154047389681927
216389,0.0009597568487359689
216390,0.000516829301184727
216391,0.007842768695057912
216392,0.0006329007612970714
216393,0.000506358626358143
216394,0.000611758763189549
216395,0.00142336071638219
216396,0.0006079277709664388
216397,0.0006839195727561332
216398,0.001383486581508811
216399,0.0004870522322811195
216400,0.0021240144730780034
216401,0.0010751047099317522
216402,0.005794928776332095
216403,0.0006398553207200089
216404,0.002882677102551967
216405,0.0007161947657814535
216406,0.0012605205265298841
216407,0.004070825829580832
216408,0.0007750096242066593
216409,0.0011128671282661612
216410,0.0013192144612098995
216411,0.0008018642227192762
216412,0.0016953125745713142
216413,0.01376693805221719
216414,0.0015810848527403373
216415,0.0012924819383879314
216416,0.0149265523490717
216417,0.0037347111098303314
216418,0.0005008950484504543
216419,0.004966540457802671
216420,0.00045913565451106893
216421,0.0034092133354656096
216422,0.0008150993328664931
216423,0.0007497121670465821
216424,0.00166137908403116
216425,0.007152528935491323
216426,0.0007993763587424213
216427,0.0014576201251700585
216428,0.0006725275317072326
216429,0.0002881912594126444
216430,0.0011837178828320032
216431,0.000569695716338177
216432,0.0061955093230118535
216433,0.0007872554440282022
216434,0.0008477665480375265
216435,0.000551221594045289
216436,0.00048279680191875716
216437,0.001668336261055059
216438,0.0017296763247437764
216439,0.03045094996481136
216440,0.0005810844523623187
216441,0.004337817844453385
216442,0.0008608813647694622
216443,0.000544984547832231
216444,0.0006513631457195626
216445,0.001735624917293629
216446,0.0008214353970528515
216447,0.0005339831553068872
216448,0.004857919802963731
216449,0.0010148354622126657
216450,0.04709980222592264
216451,0.002438506274352822
216452,0.0008026256550179504
216453,0.0030869825219435316
216454,0.0009054617075665337
216455,0.0005156786340498469
216456,0.0014313491988720236
216457,0.0011243213174589241
216458,0.001109572786154331
216459,0.0006308303916451056
216460,0.000587380946679915
216461,0.0010093901857626652
216462,0.0026475401778857295
216463,0.00037416107655847687
216464,0.0006694924853757768
216465,0.005623545071440276
216466,0.007033886692206167
216467,0.00045295870738894066
216468,0.0006368898127908234
216469,0.0023037865958156936
216470,0.0009980480944460403
216471,0.9951195443650531
216472,0.0007479294262236373
216473,0.0017231203557466488
216474,0.0011844666368290473
216475,0.0005305856238308177
216476,0.00046292288399298607
216477,0.0007132685962225326
216478,0.0005757497821474018
216479,0.0013171970745211189
216480,0.004623472968682477
216481,0.0008237216500854712
216482,0.0006918389940108462
216483,0.0025984797283559796
216484,0.0022155744751333663
216485,0.0014611145205009363
216486,0.009668882047931631
216487,0.0006658361736607505
216488,0.0019525443729101412
216489,0.0007762507287846895
216490,0.0011404049171452272
216491,0.010343091762890704
216492,0.0028920724300190133
216493,0.0058931219236589335
216494,0.05912374642977952
216495,0.0015399979383445474
216496,0.000751671775369071
216497,0.0020515476263419105
216498,0.006181946918941791
216499,0.0034781634255323336
216500,0.002882334838245424
216501,0.0006305990449654606
216502,0.0064602036190151806
216503,0.0015377722187171214
216504,0.0007989989036963725
216505,0.0021110829234172114
216506,0.0032880009187541874
216507,0.03526422717278751
216508,0.028618273281601995
216509,0.0019002820219093759
216510,0.0005874608741846996
216511,0.0006337578606913363
216512,0.0007735433627300515
216513,0.001593387835635667
216514,0.0024056885854987597
216515,0.0012566684650650167
216516,0.0006084632947914421
216517,0.0005783550763679947
216518,0.0019302337416352454
216519,0.0013272435557959868
216520,0.007734556183101466
216521,0.007955165146394137
216522,0.0004814168348239569
216523,0.0009065320321036872
216524,0.0006439830829795849
216525,0.002094004030575419
216526,0.0012746531252088252
216527,0.9929211299415394
216528,0.0023873907245845136
216529,0.0007733310470345535
216530,0.0006266330410094756
216531,0.006380770879113751
216532,0.011743342228146544
216533,0.0008082444400245952
216534,0.0008828408459732758
216535,0.0006103583940667886
216536,0.0008941565362241493
216537,0.005202778686999982
216538,0.0005888720487339974
216539,0.0005786527527610716
216540,0.0005064889279027643
216541,0.0014564455963792685
216542,0.0008957975110901541
216543,0.00066573318802319
216544,0.0007214818624796441
216545,0.0017267989507096565
216546,0.0006111261155198942
216547,0.0010385269786375843
216548,0.0017515131006436472
216549,0.001234416215124478
216550,0.008604669548961849
216551,0.0010264627663683246
216552,0.0006459704360659512
216553,0.002119692564054299
216554,0.000712696983539397
216555,0.007981227134068923
216556,0.00034801813911830825
216557,0.0009211510786499497
216558,0.0014876217386041932
216559,0.0007210291929470547
216560,0.00047712251719664664
216561,0.0008489806864697214
216562,0.0010108131109720481
216563,0.0006190445369317351
216564,0.0006637732610331691
216565,0.001521639028240813
216566,0.000489309998049436
216567,0.004559713256498196
216568,0.0005754579627806691
216569,0.0005167521934875345
216570,0.0011502304593267623
216571,0.0009461056165022288
216572,0.0008073827268355379
216573,0.0007274291722025379
216574,0.0015856762617655125
216575,0.004599354772984768
216576,0.0018261877130025966
216577,0.0005804324022103882
216578,0.0005368944577300045
216579,0.00470307656487271
216580,0.00048194196246053217
216581,0.008937703784072135
216582,0.002226543691878656
216583,0.0007880983764128296
216584,0.002235304553223655
216585,0.0006428551191408686
216586,0.0005784250496320245
216587,0.0017985559428776838
216588,0.0016957948056626946
216589,0.0007304530245962708
216590,0.005250494857039822
216591,0.0010362573308955458
216592,0.0006500143354160712
216593,0.002840198121710288
216594,0.00391694426164711
216595,0.0033749710590104546
216596,0.0005280964165732618
216597,0.0009070085272233769
216598,0.0013760805922332425
216599,0.000504455830943781
216600,0.0006303767551180367
216601,0.00042445910904041593
216602,0.012189802239493433
216603,0.000995206527001369
216604,0.0016273437514537897
216605,0.0009732626499653732
216606,0.0012767777615829007
216607,0.0007136475523713237
216608,0.002168536131077377
216609,0.0009014642871529111
216610,0.0009585002306739449
216611,0.0012507413160374996
216612,0.002337640106529454
216613,0.00043666967283534017
216614,0.0006270463019847442
216615,0.0009380210891151782
216616,0.0004484154670215056
216617,0.0009479354487315788
216618,0.0005494414379959551
216619,0.0012463834696943028
216620,0.0013219827334138535
216621,0.0036330472017598973
216622,0.0006597803560103868
216623,0.3606648999023535
216624,0.004334913607555493
216625,0.00044253458245549173
216626,0.0026493389241571503
216627,0.00651063425948316
216628,0.007147378548715069
216629,0.0013905458594289967
216630,0.0007784674750634053
216631,0.000507996948890588
216632,0.0008758731135429115
216633,0.002917889800329871
216634,0.00041908187201974463
216635,0.0010946543783558523
216636,0.0008194555559864316
216637,0.0015747246025290314
216638,0.0006275546850884186
216639,0.0009048148111075714
216640,0.0016748121128976764
216641,0.00045686400221145397
216642,0.0006361071297521269
216643,0.000856707100865257
216644,0.0006946125470643305
216645,0.0005188200046301258
216646,0.00730261335491653
216647,0.0011605121110986184
216648,0.001303619034827788
216649,0.0007821295791540135
216650,0.00034745441680399504
216651,0.0005850193195111192
216652,0.0003609927301339981
216653,0.0015012719132601157
216654,0.000692673071925232
216655,0.9596080842947461
216656,0.006066146867147635
216657,0.0015795944282057293
216658,0.0007625565746747448
216659,0.0012024890723295826
216660,0.0006505938827076503
216661,0.0007185645205891292
216662,0.0005140970362240266
216663,0.0004810350463785869
216664,0.0007237419576995452
216665,0.0004949217364867501
216666,0.003279619363398715
216667,0.0005556899274500005
216668,0.0007436281503199885
216669,0.0012959466670287088
216670,0.47270797372642187
216671,0.0026877666146479335
216672,0.0004214903636968111
216673,0.0007450035145608435
216674,0.0028372997949961723
216675,0.0035545838824955003
216676,0.0005526368998019555
216677,0.0017981765436676147
216678,0.0019297374918659709
216679,0.000739270521033196
216680,0.0008310631899727371
216681,0.00047217426543987365
216682,0.0009772007656550013
216683,0.0005747099398806579
216684,0.0018000292181744564
216685,0.003749038121134668
216686,0.0008402112792763551
216687,0.0004801315149427391
216688,0.010273488057365384
216689,0.0007173449846994058
216690,0.001956410111872938
216691,0.0030505908859369763
216692,0.00048117461306536693
216693,0.0007845465420511535
216694,0.0006371915159254637
216695,0.0011688600212049686
216696,0.0031373092876229025
216697,0.995511445632927
216698,0.0010104955833159092
216699,0.004969989854401687
216700,0.004626670573666386
216701,0.0008726555890321623
216702,0.0012291953189238563
216703,0.0006985224753714131
216704,0.9895560409365057
216705,0.0005158837221937141
216706,0.0020087455203600976
216707,0.02065044922281226
216708,0.004385866646509834
216709,0.0005421823398805948
216710,0.0008791053970365911
216711,0.00079509231339051
216712,0.0007461390889296879
216713,0.0009399755981945876
216714,0.013344444841930803
216715,0.00047855215842165994
216716,0.001629454742268298
216717,0.0008886847243357123
216718,0.0016288482224537
216719,0.0005039825149467933
216720,0.0018122462540699476
216721,0.0005250974389162185
216722,0.012198430726887938
216723,0.0020891781187781086
216724,0.0012153643815417886
216725,0.0008452231527491653
216726,0.00045606436721351036
216727,0.0008197827589505766
216728,0.0015750007594483614
216729,0.021405639730509695
216730,0.004303850348569385
216731,0.0006769940675982253
216732,0.0005865853841160805
216733,0.0008156245541184228
216734,0.0005835307428038487
216735,0.0014954078255964111
216736,0.009140443682574965
216737,0.000717018629318906
216738,0.0009222817699368534
216739,0.0007739766647849684
216740,0.0007695848925400781
216741,0.0004935746901629019
216742,0.002786404993254353
216743,0.000487456885933766
216744,0.0007113361682633606
216745,0.0004670223771325373
216746,0.0020842373318643095
216747,0.003024996570155373
216748,0.0006265769998315901
216749,0.0013754348576594014
216750,0.0015146071706026402
216751,0.0008532143534300109
216752,0.0007980621439407241
216753,0.008143594262590951
216754,0.0010308272884216375
216755,0.0007807706713058059
216756,0.000665572831012834
216757,0.0007441515011493254
216758,0.003577865279344861
216759,0.00678699727343637
216760,0.0006508312395472133
216761,0.0007458775186240316
216762,0.000520776585781691
216763,0.0014068406812246
216764,0.0010219480045703814
216765,0.002474782279839412
216766,0.002295046392728596
216767,0.0012619936361716313
216768,0.0013670592145969308
216769,0.005549859611913909
216770,0.003759397946758068
216771,0.001501606902990056
216772,0.020596645076288757
216773,0.0055540818716310085
216774,0.0006212722586525021
216775,0.0005585470455255835
216776,0.00046586629306742666
216777,0.0007119478606660459
216778,0.0006921896782803305
216779,0.0013689311307628579
216780,0.001972722005545756
216781,0.0031404051685551535
216782,0.0017102253814039814
216783,0.00047683872663175156
216784,0.0006207542684554493
216785,0.0005436134600271035
216786,0.000432818649183482
216787,0.0006678506911403484
216788,0.0007179719686481615
216789,0.002821371659367822
216790,0.0018786950048792822
216791,0.0006208123605194375
216792,0.0019547519644819043
216793,0.0005990943866040536
216794,0.00756530759674984
216795,0.008124923391332087
216796,0.0019613385250164886
216797,0.0005192919192657157
216798,0.001261907023135732
216799,0.0016084398130292094
216800,0.00116569612022277
216801,0.0026129987166597095
216802,0.006625467015610674
216803,0.0014154959530299836
216804,0.0007334734479860359
216805,0.002544456154745478
216806,0.0008332669978256209
216807,0.0005832353790317129
216808,0.0019570423845490536
216809,0.005235507536568948
216810,0.0034202270747077214
216811,0.000757796454897885
216812,0.0012791258177331749
216813,0.0006400381041347399
216814,0.00041728572380215925
216815,0.00043648632711686206
216816,0.015749647749395666
216817,0.0010575536322925251
216818,0.0034154073050890648
216819,0.0006037610613761424
216820,0.0015399950493710218
216821,0.013120549160062223
216822,0.0026855462472985957
216823,0.008689049721193427
216824,0.0012862488959504736
216825,0.0005940866994467156
216826,0.0005602473891468573
216827,0.0010817071558918722
216828,0.0029731563305721038
216829,0.001161208014578679
216830,0.0006041032366424865
216831,0.00743829294398126
216832,0.0023598047074054633
216833,0.0009550151507221243
216834,0.0030992902494606607
216835,0.0004905790986688326
216836,0.0005829539918934711
216837,0.0005013755997904568
216838,0.0007108856206660088
216839,0.0007007945610611878
216840,0.002022646654874473
216841,0.007995053187579102
216842,0.0021509090749528
216843,0.002085261096083104
216844,0.0020058489069913494
216845,0.011797344283315643
216846,0.005634484081940772
216847,0.0010176280389253504
216848,0.0015207058349349704
216849,0.0012274767973999528
216850,0.0011029749888944564
216851,0.002431899067805621
216852,0.0012557184916155133
216853,0.0005549762187722258
216854,0.0007337372231963084
216855,0.0015235574366791738
216856,0.009214450162207205
216857,0.0007428956552352347
216858,0.003113433906555151
216859,0.0019274779764493451
216860,0.0006052787413099283
216861,0.0008027392993346425
216862,0.0011889121491660021
216863,0.0005175779330161795
216864,0.0004944811360178119
216865,0.000630894946885895
216866,0.004629390416558888
216867,0.0007206891280419655
216868,0.0009283842236474274
216869,0.0006399262621698895
216870,0.001624445219632343
216871,0.0006164074656828859
216872,0.20070455683975927
216873,0.0010548490743272302
216874,0.014524907193130668
216875,0.025469322563987547
216876,0.005532765901150733
216877,0.0017113878091423631
216878,0.049942822741288515
216879,0.0027714982815402354
216880,0.001007213281550365
216881,0.000540481760967761
216882,0.0006319738079582791
216883,0.0011941973668083887
216884,0.0016347931735593874
216885,0.20048272530471506
216886,0.004696283421372715
216887,0.0008857678601951607
216888,0.001713205237605328
216889,0.004422390763425652
216890,0.0005740724968826278
216891,0.0006401190192981394
216892,0.0016498765604478142
216893,0.006415326095562693
216894,0.0014361182957226065
216895,0.0009020967067698868
216896,0.0005596600742548694
216897,0.0012848080958382494
216898,0.0006190271740560515
216899,0.018600337473857555
216900,0.0015931378912284805
216901,0.0007269666129317936
216902,0.0007054181823983038
216903,0.0006224664599452154
216904,0.00044286577443489525
216905,0.0016985918743357346
216906,0.000715114871114428
216907,0.0005244440178564789
216908,0.0004524180386748962
216909,0.0018902555592309185
216910,0.001668452885334405
216911,0.0007538506322715141
216912,0.0012870555176548542
216913,0.0015047845879786405
216914,0.0071065666583586574
216915,0.9963188889363466
216916,0.002680100592858854
216917,0.0010052855855682387
216918,0.0004924645133177487
216919,0.0007711828712049706
216920,0.005087652357456652
216921,0.0006810465743174662
216922,0.0015389139333938046
216923,0.0024510727258463347
216924,0.0009348825936704142
216925,0.0006161514833087909
216926,0.001482548637562755
216927,0.006425028806393096
216928,0.0038082097609349634
216929,0.0008249283693045509
216930,0.0006112568306703073
216931,0.002455167723377156
216932,0.0011062637298393442
216933,0.0020642351661499733
216934,0.006549105345833309
216935,0.0009632167440475696
216936,0.0013093668065547912
216937,0.0005753627681479622
216938,0.017805890743580424
216939,0.002064207898388286
216940,0.011802574206486692
216941,0.012704307735133855
216942,0.0010379390620414556
216943,0.0006850946370490902
216944,0.0007930101470747992
216945,0.0005339884555136999
216946,0.0008075803082510222
216947,0.003438995743505602
216948,0.0008164687563501616
216949,0.0007521836691611925
216950,0.0022928323082347076
216951,0.004490874504902161
216952,0.008893938496925071
216953,0.004652186537375159
216954,0.0005433646643073292
216955,0.000625697698177868
216956,0.0009600778952738745
216957,0.0014487709321154574
216958,0.0005564595974361559
216959,0.0005658164306697818
216960,0.0036348719913376444
216961,0.0008642579634202649
216962,0.0006432013576882828
216963,0.0046709678361433965
216964,0.0023943793235513353
216965,0.001389144911487331
216966,0.0005124975384889483
216967,0.005460307918957231
216968,0.0010096937317046418
216969,0.0007279394083223231
216970,0.03810223424950489
216971,0.00044046663889275763
216972,0.0037282871027804598
216973,0.0004889646031537618
216974,0.013843442201241188
216975,0.0005243846259944499
216976,0.0020889249770948757
216977,0.0005314517331307084
216978,0.0008183446722260972
216979,0.0014211623957586462
216980,0.00910833565269472
216981,0.0005199921034176718
216982,0.001819357198436632
216983,0.00035879095859524203
216984,0.0022004259241948307
216985,0.006926310865381849
216986,0.46030401432090445
216987,0.0005746782285363855
216988,0.008872067619344406
216989,0.0007156308278650106
216990,0.0006199043944372988
216991,0.0006739489028809966
216992,0.0012702927576848178
216993,0.0011047720923590906
216994,0.004288452521299156
216995,0.0008656814756477613
216996,0.0011536519964872394
216997,0.0006912592308921123
216998,0.003989918116809475
216999,0.0016535333523798527
217000,0.9969081823105865
217001,0.0005692399961284204
217002,0.004276973410556574
217003,0.0022548093592608476
217004,0.0014071330692211562
217005,0.0008160767976150863
217006,0.000933163372964912
217007,0.17533658102396038
217008,0.0006972531736022336
217009,0.0046104487199715785
217010,0.001270044797473823
217011,0.0008610061824106431
217012,0.0005550920224398633
217013,0.0008903165887055046
217014,0.005932348431918034
217015,0.000490311134238612
217016,0.0036707443411118272
217017,0.0017402678197904157
217018,0.0038654793296654917
217019,0.0010010697775825652
217020,0.004997474347025706
217021,0.0005107564772353215
217022,0.0025025948565947347
217023,0.0009849960975876516
217024,0.0005553687857517921
217025,0.0010106196147987789
217026,0.001160118582091632
217027,0.001325912762679642
217028,0.0009458893672208992
217029,0.0020875826077356506
217030,0.005194478182682553
217031,0.9981327282206756
217032,0.0008207068770354529
217033,0.9985556414400178
217034,0.0008754480863442527
217035,0.0006863183714432874
217036,0.0006676999381004148
217037,0.0016312844962503813
217038,0.0009490121141013334
217039,0.00047490937299511985
217040,0.0008138235587717107
217041,0.00824491285717553
217042,0.0005987588951317167
217043,0.0009255611628068577
217044,0.000417824839034787
217045,0.0007234120470829567
217046,0.0007970873498931507
217047,0.9966036527773146
217048,0.0006658983235659834
217049,0.0006934846883350329
217050,0.000576856837015132
217051,0.0009345479621206339
217052,0.0012715054443927518
217053,0.000609511852047635
217054,0.0008292122821559558
217055,0.0018898084954272224
217056,0.0004233709420950481
217057,0.0006610752715480293
217058,0.0008782378509408706
217059,0.0036949886444043044
217060,0.0008554409527880147
217061,0.0018548041779529582
217062,0.0016554375713303863
217063,0.0014986725308202152
217064,0.0008102471873751942
217065,0.0005736310838469965
217066,0.01167559734655467
217067,0.0005399587944558556
217068,0.0005983033991034763
217069,0.0011175980524747956
217070,0.0009168879593390057
217071,0.00042220217785560936
217072,0.0017466398145595933
217073,0.0011355015275434628
217074,0.002001191581900906
217075,0.0008242990445877557
217076,0.006215389426691926
217077,0.0006314210609530152
217078,0.0006895279069676791
217079,0.000662968068202878
217080,0.0005390973982563373
217081,0.0008309089420558639
217082,0.002298477536922928
217083,0.008965531751338561
217084,0.0017842012070994032
217085,0.0020341452333662437
217086,0.0005878781624699175
217087,0.002592265561465209
217088,0.00170895687737799
217089,0.007795241442842362
217090,0.0011580859060752243
217091,0.00048507401505023184
217092,0.0010355186537278436
217093,0.001804799881346174
217094,0.0011693550162548702
217095,0.0011391635222717648
217096,0.0014873697222641488
217097,0.004646370538535252
217098,0.0006951524719722398
217099,0.001033783178577467
217100,0.005382672833527787
217101,0.0004480676293067607
217102,0.010441824014995287
217103,0.0005215124984138828
217104,0.003486526052878891
217105,0.000629804724802486
217106,0.06060491647580442
217107,0.0009829466562546597
217108,0.0007280129660605288
217109,0.009415720161198255
217110,0.0009496605494510953
217111,0.0031244515944589585
217112,0.00298618877990629
217113,0.9984010777623584
217114,0.009294782705584294
217115,0.0029761507085682678
217116,0.005593368763541396
217117,0.0006014537973682158
217118,0.004767668943275817
217119,0.0007395422429945089
217120,0.20053369449638941
217121,0.0005326370071354967
217122,0.0005869746897691865
217123,0.005182802844372619
217124,0.0054136246503687716
217125,0.001889121164994941
217126,0.001028900873137203
217127,0.0010515517012174625
217128,0.0014085963520860192
217129,0.00043532280194833524
217130,0.0004917434558210566
217131,0.004386585077037599
217132,0.008404358124546102
217133,0.0006080917542320121
217134,0.002421505140938283
217135,0.0012205490583179152
217136,0.0006965859469922804
217137,0.012905223376708252
217138,0.0017605522560370564
217139,0.0007290949560197242
217140,0.0006042251835525025
217141,0.0012989257455010513
217142,0.0009980924219495963
217143,0.002189024140079198
217144,0.00111452802741964
217145,0.002669476304795975
217146,0.0014389334991949825
217147,0.0004727876316821297
217148,0.0009516897500305198
217149,0.00044388412336127483
217150,0.006904399152507286
217151,0.0007461165292074168
217152,0.0028189196234710565
217153,0.0015916124487348133
217154,0.05925792598732256
217155,0.0005702262619799248
217156,0.0008507203543216941
217157,0.007603099000637503
217158,0.0023473318506398453
217159,0.010747293658321869
217160,0.0013085365968418413
217161,0.0027911891503851517
217162,0.0007974910457254896
217163,0.0014097287317747776
217164,0.0007797361265327647
217165,0.0007060979025208022
217166,0.0005646324231884678
217167,0.0009418797736238482
217168,0.001643766032463871
217169,0.0005867750085483701
217170,0.0035930562836136446
217171,0.0008348641049199176
217172,0.0010610755991190147
217173,0.004283121837487809
217174,0.000547807261639915
217175,0.01484407318138586
217176,0.0006945782235396893
217177,0.004668188538305565
217178,0.004505324619800214
217179,0.0005772983705237396
217180,0.005061604076529553
217181,0.0023657301345352895
217182,0.003249757650624621
217183,0.0005566347957689417
217184,0.0005146536762516566
217185,0.0032665370651503876
217186,0.0005672542025364957
217187,0.003024330630518282
217188,0.001144365208360735
217189,0.0022053329679506215
217190,0.001443692291498619
217191,0.0009439383408380143
217192,0.0012295236503043622
217193,0.0005251868271922347
217194,0.0006229052844750932
217195,0.0066622018737107665
217196,0.006136460764681368
217197,0.00046537293391499214
217198,0.0042083356956168815
217199,0.0019410936322954236
217200,0.0005990128413846098
217201,0.001739839839356742
217202,0.018516012125736104
217203,0.006197928832338901
217204,0.000569201678956721
217205,0.0005940693888192975
217206,0.0005555548088766126
217207,0.00043181499884619443
217208,0.0008148054763051566
217209,0.0004900606466369625
217210,0.0006782103002553584
217211,0.0025965812982936968
217212,0.0007006816152834251
217213,0.0008200170865501367
217214,0.019481797930032754
217215,0.0005230388562228628
217216,0.0012498623046272043
217217,0.0005322599013477521
217218,0.0009681939369638559
217219,0.001108128210153947
217220,0.0007288692719792799
217221,0.0010729398638430973
217222,0.0014859786794537595
217223,0.002375606415506527
217224,0.006303430534749934
217225,0.0007382360738149322
217226,0.0005435127753338075
217227,0.0023313238467764677
217228,0.0005672017994717783
217229,0.0008981359722777889
217230,0.0005861641893427437
217231,0.0005479973902462917
217232,0.0013879906335479185
217233,0.0008040403998167823
217234,0.0023795818714953
217235,0.0012153570007513701
217236,0.0003580101310571878
217237,0.0321072490082829
217238,0.0006492946974862629
217239,0.0007095698439651427
217240,0.000541518399323147
217241,0.0008216940055095047
217242,0.00048288135449514635
217243,0.014881544758796824
217244,0.00045136986366244074
217245,0.00108336569042117
217246,0.0007732436017070842
217247,0.0018908661916479854
217248,0.00675544876443405
217249,0.00042707101123878546
217250,0.000994231422528569
217251,0.0006166792828284233
217252,0.0012536256148979311
217253,0.0008267520888657331
217254,0.0014593647483537773
217255,0.001615856775298968
217256,0.000881241061421581
217257,0.018601549906155444
217258,0.003834225012692956
217259,0.0007626322657456707
217260,0.0006577315494061473
217261,0.003454375229769495
217262,0.0007500623835349875
217263,0.011427130939069568
217264,0.0028406193346033207
217265,0.004268254432263813
217266,0.006111505997020468
217267,0.002939671671307219
217268,0.0004974445201676298
217269,0.005069505178817081
217270,0.0005704010732712344
217271,0.0005147440960977847
217272,0.0006168766410597559
217273,0.0007776433304918929
217274,0.0006170541541921019
217275,0.0006778575886655112
217276,0.0007643717069419568
217277,0.0013973531342991855
217278,0.0008315663405173045
217279,0.0006350631076906324
217280,0.0004073356483545549
217281,0.0004316557349745793
217282,0.0006077305439513847
217283,0.005843468581255812
217284,0.0008906011174224739
217285,0.0016108066462468225
217286,0.002695130771633439
217287,0.00046782251397526335
217288,0.0007105885370171127
217289,0.0005850772696786026
217290,0.0005682335018177264
217291,0.0016483373872330522
217292,0.0011343847070168277
217293,0.0006439861424762948
217294,0.0004657100673453017
217295,0.0020045359465547773
217296,0.0007712313411979497
217297,0.0005408155416553015
217298,0.001448637926856781
217299,0.002464352767636075
217300,0.0042659845971539205
217301,0.0007406935553601753
217302,0.002211301125511152
217303,0.0005674973075954221
217304,0.002683392680922133
217305,0.0007410966634744496
217306,0.000839604875529828
217307,0.025695125045655492
217308,0.0005135874588370271
217309,0.017607608991625966
217310,0.0005069968475521137
217311,0.0008072554353564529
217312,0.0020160000324910545
217313,0.003157153504535293
217314,0.0006437659212152631
217315,0.0028892028156014132
217316,0.0164230979752149
217317,0.0008396129254463693
217318,0.0006115231483764502
217319,0.0035998863037986347
217320,0.0005312952420235162
217321,0.003246303825468122
217322,0.000940133466401208
217323,0.0006636625194866032
217324,0.002638045435467447
217325,0.000846826838043518
217326,0.003915800763954788
217327,0.0009877910753746774
217328,0.000555808796823438
217329,0.006663779978965383
217330,0.0010291145965138178
217331,0.001282677798832709
217332,0.0005278394634380271
217333,0.14545271562674603
217334,0.003961058061468524
217335,0.0016896788706401164
217336,0.0004687036174448938
217337,0.0022095923025235134
217338,0.005063341492130002
217339,0.0007028302893157668
217340,0.0017700235664034362
217341,0.0006022400187194031
217342,0.0008234644795081434
217343,0.0010437102875848524
217344,0.0012647901973423642
217345,0.0012149490337355
217346,0.0007631248711644185
217347,0.000593192856346222
217348,0.0004875129037513846
217349,0.0006547027850616115
217350,0.0003785761891507458
217351,0.0008001433547286875
217352,0.0010363561915979226
217353,0.00675544876443405
217354,0.003963641805151881
217355,0.002683610795980693
217356,0.0016687245498849639
217357,0.0008042452294344056
217358,0.0005941262748863466
217359,0.000612126187983135
217360,0.0010609460697683913
217361,0.0014957859504696903
217362,0.0015017409270227926
217363,0.0025038705191265725
217364,0.027328234666252303
217365,0.010105150980247776
217366,0.0007306747602188521
217367,0.0013752942951467662
217368,0.0010266862944359224
217369,0.0007504995294904844
217370,0.001210381391993233
217371,0.0009072839013609382
217372,0.007650148747144807
217373,0.0031263381223468624
217374,0.0006292516627544468
217375,0.0005526257902214068
217376,0.0012028767835834272
217377,0.0007519261405109438
217378,0.0014828429912469186
217379,0.0008865175689837085
217380,0.005431063972502308
217381,0.0014472563794513528
217382,0.0005026165874900704
217383,0.0007597309010448339
217384,0.0005005041403986565
217385,0.0008693402961800416
217386,0.0035656380439569686
217387,0.0010203588770202724
217388,0.0006795388755883715
217389,0.00292675645749129
217390,0.0009421066338454087
217391,0.00102826394688218
217392,0.0008879369621693208
217393,0.0029610373676766
217394,0.0069152406338680635
217395,0.0013346992820065747
217396,0.0010755613261586544
217397,0.0006301485258402811
217398,0.0012652540404119927
217399,0.004119176601171719
217400,0.0008387261139147575
217401,0.001471166888181941
217402,0.0036895910192549027
217403,0.0008833707453467484
217404,0.027005535955043944
217405,0.001268661612041143
217406,0.056183909355602926
217407,0.0006243082943132327
217408,0.0022302118354463807
217409,0.0006976543783518393
217410,0.0024152706668503525
217411,0.018339871687949306
217412,0.0005059332914223808
217413,0.0018444760271891345
217414,0.001459181031661755
217415,0.990980977182371
217416,0.00254981277223246
217417,0.0061230162330529764
217418,0.0007342004314640201
217419,0.00870353273194419
217420,0.013304919354981588
217421,0.0005091050875970246
217422,0.0021132529083127374
217423,0.0012383140515411402
217424,0.0005564392187834436
217425,0.002261964055396039
217426,0.0010229430649088564
217427,0.0014827153214640753
217428,0.0018270338716167016
217429,0.0029131006258688126
217430,0.005153040279170138
217431,0.0004438037574980444
217432,0.001070340055290349
217433,0.0009861566070751408
217434,0.993907077382759
217435,0.004229678468093391
217436,0.0011376860390291351
217437,0.0007889955535989272
217438,0.013659683394241517
217439,0.0007463465026505222
217440,0.0006050324922761147
217441,0.0004344412117450931
217442,0.004484004587249091
217443,0.0006285694056365417
217444,0.0005337538307858857
217445,0.9779670068177404
217446,0.0025986668066397345
217447,0.0011123089224259037
217448,0.0016605898589720667
217449,0.0047263037550095924
217450,0.0004337052211970264
217451,0.002574275081338705
217452,0.0015553120919958622
217453,0.004327819581596224
217454,0.0012554851970994142
217455,0.0007414268799984407
217456,0.0010406852562470739
217457,0.0006865031026647356
217458,0.000790701902442691
217459,0.0005412388032018384
217460,0.000979179532277858
217461,0.0050464721360901875
217462,0.0006482280590235718
217463,0.0007720575256941957
217464,0.0007389341216569316
217465,0.0004062327351212786
217466,0.0009768939728244947
217467,0.000719366734591481
217468,0.0025573212418361015
217469,0.0009140857722671643
217470,0.0008707139716110227
217471,0.26256471362666817
217472,0.000405550980734042
217473,0.004846165399726366
217474,0.0009143177761898338
217475,0.0003892771954882658
217476,0.000900246312623393
217477,0.002071658619402119
217478,0.0005133859150519299
217479,0.0020259609132213512
217480,0.000592642985459258
217481,0.030311172499489197
217482,0.007599396927955829
217483,0.001033529023427636
217484,0.0015618433181736546
217485,0.0010594819552836837
217486,0.0004596947470994904
217487,0.0009480423769534399
217488,0.0004964045437746045
217489,0.0008088780538971383
217490,0.0016291216422430115
217491,0.01673282758989115
217492,0.0009831090564151753
217493,0.0006610905353200961
217494,0.001581785249503902
217495,0.0009170757432319743
217496,0.000613271592695619
217497,0.0008078395976449622
217498,0.008544113155116051
217499,0.0023969866432769884
217500,0.0012613568125577125
217501,0.0005412157813011198
217502,0.0009933090486641213
217503,0.004983577946283655
217504,0.0005218579901408519
217505,0.0005236265417539498
217506,0.002111398415170617
217507,0.0023428165388397065
217508,0.0009574622340051077
217509,0.0013087082789375736
217510,0.0003500363158059916
217511,0.0010110239999209405
217512,0.002099418086813641
217513,0.0007098682853001856
217514,0.0005199356595825618
217515,0.000680341279072215
217516,0.0044962462836090535
217517,0.009146746582685229
217518,0.0004384207980671628
217519,0.004955765985492142
217520,0.002685345629475016
217521,0.0005971374299520857
217522,0.00403936460911925
217523,0.002873508986584515
217524,0.0005477062729864723
217525,0.003628841519908188
217526,0.0005820045317615596
217527,0.00044134846960148036
217528,0.0010793477007396816
217529,0.0037270613454435603
217530,0.003489663997000465
217531,0.0015638250452119492
217532,0.0005348357330702597
217533,0.006495459591389675
217534,0.0005058280746463365
217535,0.0013404369591130327
217536,0.0005954105187162505
217537,0.0006926672447315157
217538,0.0011013814944905733
217539,0.00039700764661521407
217540,0.001506011455956596
217541,0.000563529449049555
217542,0.0007521111939088076
217543,0.0005268954683371451
217544,0.0009539890513245984
217545,0.0005858387594024568
217546,0.003319089452726337
217547,0.011018882334434769
217548,0.0015877022501258188
217549,0.0028705228819059414
217550,0.002531395404726195
217551,0.000865727963464104
217552,0.0007188099471635214
217553,0.007902540640556203
217554,0.000662867281210351
217555,0.0007616863717487769
217556,0.0007497099014863564
217557,0.008154552097171065
217558,0.002679419560519126
217559,0.0009577281526101383
217560,0.9899857298207957
217561,0.0011792917367688244
217562,0.004796543436164623
217563,0.000701759780527536
217564,0.000658242046276813
217565,0.07890596852809371
217566,0.0005620668669074817
217567,0.0007285412756732254
217568,0.0050293381421312585
217569,0.0007726616502283692
217570,0.0005329142821977276
217571,0.0006852073881856328
217572,0.0006772757133512338
217573,0.0006983395267881514
217574,0.0005756241211611346
217575,0.010519031192521162
217576,0.0005690023627323845
217577,0.0008527566661366457
217578,0.0007124597763789475
217579,0.004145075835774696
217580,0.005359556888827936
217581,0.001736732740178017
217582,0.000495155847093327
217583,0.0030007018910608724
217584,0.0021117101257681838
217585,0.0006529832365380545
217586,0.0016373055737515625
217587,0.0006719295865221354
217588,0.0006492388185375763
217589,0.0005786701104422852
217590,0.0008690356406422689
217591,0.0021386907791042936
217592,0.004112642551630144
217593,0.001154952990765689
217594,0.0037974946209148076
217595,0.0010629120337478843
217596,0.0012952838989456256
217597,0.0008026196551194672
217598,0.0008473480310934886
217599,0.0006693670402901684
217600,0.0004680717607289693
217601,0.013075089683346926
217602,0.0008436349948056159
217603,0.0018004239205877469
217604,0.0010801645243646498
217605,0.0007360500799647707
217606,0.0006736429772630645
217607,0.003984069672601403
217608,0.001629753848800593
217609,0.0006863420716119315
217610,0.001541099852927745
217611,0.0018167192066405858
217612,0.0006286453841932736
217613,0.0007106322823895323
217614,0.018167141948157023
217615,0.001256858216144368
217616,0.0004303168262432322
217617,0.0003863230139121008
217618,0.0008126940039713167
217619,0.0015237464163098558
217620,0.0011075382854246467
217621,0.0006057228362530188
217622,0.0020766680805608434
217623,0.0007042143005943337
217624,0.0003795072524552325
217625,0.019389451081421163
217626,0.0005595912923981467
217627,0.0011226763562438601
217628,0.0019227939578007466
217629,0.0004916525592439061
217630,0.000858153523515964
217631,0.00221127348436706
217632,0.0009408398853035993
217633,0.000715466164742921
217634,0.010895665911517097
217635,0.0009652599772616027
217636,0.0033099428359330855
217637,0.0012809072784314476
217638,0.012567000407664631
217639,0.007460060947032948
217640,0.0004573165228203655
217641,0.0006985539162261484
217642,0.004651653647926888
217643,0.0009194230438915831
217644,0.9958146170643075
217645,0.0021618862286016532
217646,0.00089364250473166
217647,0.0009567982434266671
217648,0.0007873089984420395
217649,0.0008193465769570162
217650,0.001001622348268263
217651,0.0019784479738492134
217652,0.0015674975536076074
217653,0.0010864829700253922
217654,0.010682512264712639
217655,0.0005698149304059618
217656,0.0009972580652882024
217657,0.003050132362946211
217658,0.000830911601351374
217659,0.0005537444406915375
217660,0.0005740414876562038
217661,0.007619029575150988
217662,0.0032567510248302702
217663,0.008912416684388608
217664,0.0095329876127816
217665,0.000625458474857484
217666,0.0007628637921507126
217667,0.00428804520541679
217668,0.000488387520492173
217669,0.0005531597668691898
217670,0.007997702201081782
217671,0.0005769589028837331
217672,0.004990718185495877
217673,0.0008661005694152141
217674,0.000743554993717217
217675,0.0013654954001732843
217676,0.0006458845078424612
217677,0.0008448345450970864
217678,0.00042724893082530494
217679,0.005681046778384129
217680,0.0011132890893540215
217681,0.0012738850816456124
217682,0.0015402066541829445
217683,0.0009183512565824498
217684,0.006008665904958743
217685,0.0010978795594267772
217686,0.0005699049582615018
217687,0.0028868752090166288
217688,0.005285338163872043
217689,0.0006957609946985577
217690,0.00043286939481910873
217691,0.0005268537761801715
217692,0.00347478618717893
217693,0.001294155261056148
217694,0.011460565066753678
217695,0.0009245980731455346
217696,0.0007839678570097432
217697,0.004328524036877809
217698,0.0009291427470802043
217699,0.0006510496769044612
217700,0.0014898770042129645
217701,0.0005571122610425461
217702,0.0034175975145464
217703,0.0016571951971193091
217704,0.0005249038522916714
217705,0.0006420991618566014
217706,0.007568541486778855
217707,0.000522619667348298
217708,0.0007537099797805232
217709,0.002750648035066645
217710,0.00217930786106417
217711,0.0010357536557935297
217712,0.0029788692851732013
217713,0.0006912488739987315
217714,0.015646619359183357
217715,0.00757465166124654
217716,0.006295060269577933
217717,0.000697041160009112
217718,0.0008204768298535381
217719,0.005639791579760739
217720,0.0032245043218756065
217721,0.0004915907057445639
217722,0.0020820064607183063
217723,0.0006639409137955188
217724,0.001928209384677263
217725,0.0005729702794024245
217726,0.001011148322654662
217727,0.0010100009630406553
217728,0.002054013112716286
217729,0.0027397181712049204
217730,0.005110538756652022
217731,0.017288031112055395
217732,0.002148157216769071
217733,0.0007615682004657896
217734,0.0008716442673796512
217735,0.000671545201031455
217736,0.00045330106070716366
217737,0.0005078256435565429
217738,0.010698485266595463
217739,0.0007962214851156462
217740,0.0006441183146297564
217741,0.005391298333853097
217742,0.0008213380221635743
217743,0.002364029632495163
217744,0.001413919443913374
217745,0.0008437353988313403
217746,0.0027537595017495965
217747,0.0014312855993117836
217748,0.0026649439859075894
217749,0.0004918130890573422
217750,0.001055452880267789
217751,0.0006917523594777541
217752,0.003907036831410214
217753,0.000820796029227989
217754,0.0014016692009428736
217755,0.0014617205790929217
217756,0.00061867265860137
217757,0.0006979998014339405
217758,0.9974434772021158
217759,0.0007132035250541667
217760,0.002633129936417195
217761,0.07807940411820913
217762,0.0003591653473832872
217763,0.0012226222423923861
217764,0.0009511355764748047
217765,0.0005382988990066749
217766,0.004515010998507759
217767,0.0006576572128327042
217768,0.0022275557359200965
217769,0.000574164656707686
217770,0.0006147362577075449
217771,0.005357552077111435
217772,0.00048152882754262574
217773,0.0029391021108412995
217774,0.0015708059914865057
217775,0.0005603811173142706
217776,0.0019435416163613613
217777,0.0008097536397759439
217778,0.0007084202788387112
217779,0.0005783129437428942
217780,0.0006991518908220183
217781,0.0007500462970852176
217782,0.0008398403159413083
217783,0.011767034295403565
217784,0.00045922535968279744
217785,0.0006734743111832665
217786,0.0015187336123197715
217787,0.014829477230373313
217788,0.0011944202748185567
217789,0.0011603661707590487
217790,0.0004536702676510913
217791,0.0025421628552954496
217792,0.0006703636552887638
217793,0.000524124988772124
217794,0.0018676364268948196
217795,0.0013350784132251528
217796,0.0024753902906613657
217797,0.0016641606145828614
217798,0.00311409392790165
217799,0.0005247614881874541
217800,0.0005879404484672624
217801,0.0006274439882449651
217802,0.0009172929674811963
217803,0.002914068033007853
217804,0.0006427849391358059
217805,0.005322279656397495
217806,0.0028756755926451424
217807,0.002261002317130737
217808,0.0015854779141130898
217809,0.002252815035787073
217810,0.0006882064719694521
217811,0.00072841603270221
217812,0.00045158645110275684
217813,0.0020674984180957525
217814,0.0010189428177124113
217815,0.0015205941189895995
217816,0.0005907658788320297
217817,0.0010083387137368143
217818,0.0029471081076074875
217819,0.001141094401974095
217820,0.0030645383123337616
217821,0.0007110770352743945
217822,0.0008224900145277455
217823,0.000632855629584747
217824,0.0017212089398773596
217825,0.0016956714223581289
217826,0.001371602201006001
217827,0.0005148464918244011
217828,0.0006280973408651939
217829,0.0005255189124108978
217830,0.03094263249307269
217831,0.0010704477361897285
217832,0.0008286525176805139
217833,0.0006500959087288222
217834,0.0027356638970498703
217835,0.0013290213981031747
217836,0.0005444135746132376
217837,0.021887117722421988
217838,0.0011211331135290406
217839,0.008078725228611744
217840,0.0013614326610348435
217841,0.0008689015032725055
217842,0.0005820563684027891
217843,0.0016876858208600453
217844,0.006116926010832658
217845,0.0008563875607678693
217846,0.00048442444152940305
217847,0.0007380929692945958
217848,0.0006872342705280104
217849,0.0020018040313946293
217850,0.0007532561660754094
217851,0.0019474937001412824
217852,0.00047892984598668317
217853,0.01405093647368829
217854,0.0006464223058322473
217855,0.0006574850606812532
217856,0.006556892758710228
217857,0.0015245949446080482
217858,0.0015262250687001818
217859,0.001062201386450459
217860,0.0007296675209779434
217861,0.0057547349678209025
217862,0.0009478337863626583
217863,0.0026480736922305853
217864,0.0008575034338440366
217865,0.0007591113334927055
217866,0.00046565250731427186
217867,0.9963546095727729
217868,0.0010108768706448422
217869,0.02065757534380678
217870,0.0018955844626893465
217871,0.013496198121518298
217872,0.07121487420669237
217873,0.005374804276652414
217874,0.0006229808797704455
217875,0.0005434709596666705
217876,0.0015372378414610442
217877,0.0004837942386017278
217878,0.013773435850132888
217879,0.0007754695895782744
217880,0.010645865749754256
217881,0.0006887508351762694
217882,0.005774363421806331
217883,0.0009562840137524122
217884,0.0016482465360422441
217885,0.0011246097802845416
217886,0.007624291001018166
217887,0.0004525474497494654
217888,0.0068416997487941705
217889,0.0006063613022313578
217890,0.0006091686203112698
217891,0.005107717643012307
217892,0.007835347883872693
217893,0.0005988206230121307
217894,0.000891567309140233
217895,0.0005468358019959398
217896,0.09352594204989204
217897,0.0004963762854494775
217898,0.0007481769439775022
217899,0.0006734762349365511
217900,0.0006785058629412831
217901,0.0015738521261971109
217902,0.014560851735971526
217903,0.0005553724952254461
217904,0.01315429858174999
217905,0.0014163952227954535
217906,0.0019694387195091576
217907,0.0018784794985137866
217908,0.0024322124567152633
217909,0.0008356300675084092
217910,0.0005892281623178418
217911,0.0005135204740086921
217912,0.003642101832412926
217913,0.000604356192790011
217914,0.07626283139042712
217915,0.0030095897632506623
217916,0.0034816209261451982
217917,0.0006812832391513608
217918,0.0025810105044720573
217919,0.0005306542057754356
217920,0.0006115833223115188
217921,0.002189140225501641
217922,0.001667407628418644
217923,0.0006313346932786026
217924,0.000570638063985442
217925,0.0005230748440338089
217926,0.003391587006518407
217927,0.0009772031297032317
217928,0.0007525702326508842
217929,0.000592208654367774
217930,0.001544409962258912
217931,0.0007401359604267831
217932,0.0006379951154886113
217933,0.0006378382362651232
217934,0.0012267091086386947
217935,0.0012871615239219876
217936,0.0005480129721102823
217937,0.0015327936506548845
217938,0.0007487561025326706
217939,0.0010530234483502338
217940,0.0006073229961364366
217941,0.0005837140547722001
217942,0.0030405917599893475
217943,0.005806330510381932
217944,0.0031658018539863276
217945,0.0012634458554685976
217946,0.006106676985592065
217947,0.0005276825056570396
217948,0.0006855353246818586
217949,0.0006546462878926434
217950,0.0005562336517730694
217951,0.0011505416139555914
217952,0.0005115042904781563
217953,0.0013656167573198677
217954,0.000472724486860153
217955,0.0007784877104597054
217956,0.0009086052874725782
217957,0.000790410584979827
217958,0.0010487648620829348
217959,0.00047017326076734717
217960,0.0007467831083732776
217961,0.0018245189111505693
217962,0.0006758553548871656
217963,0.0005424571962977663
217964,0.00047672060941455894
217965,0.001174191286842857
217966,0.0009205015166485924
217967,0.0013709092857907084
217968,0.0009834902465065943
217969,0.0037891898831057483
217970,0.03738258980294461
217971,0.07407805672979371
217972,0.0012020597064766087
217973,0.09479537552701564
217974,0.0008398329797402717
217975,0.0009197723445111343
217976,0.0006045406734741613
217977,0.0033089446403246434
217978,0.0005922224242219323
217979,0.0007336268354228676
217980,0.00450293293176539
217981,0.005778609276955225
217982,0.0006474082722325305
217983,0.0012242308835208548
217984,0.0005509823584065385
217985,0.001997724957626417
217986,0.0012354588490020037
217987,0.0018467935300029658
217988,0.0013240980214734965
217989,0.0022723067748427763
217990,0.0009547461350764486
217991,0.0005976186442151498
217992,0.0009081912527973532
217993,0.004470733838161226
217994,0.0007747472105478859
217995,0.0028057314548205984
217996,0.0033745522380751037
217997,0.0006345027483826136
217998,0.001543088837185588
217999,0.0015512381599870392
218000,0.0007066780430609461
218001,0.0030011721384167692
218002,0.00040423691673294973
218003,0.005040495222677523
218004,0.0004837622379964412
218005,0.0007939510875042492
218006,0.0005488596697710876
218007,0.0005264494984693062
218008,0.0034809144399749834
218009,0.000897117278041086
218010,0.0025737507800194237
218011,0.0005761961349779411
218012,0.0020179672586013555
218013,0.0008699992315670422
218014,0.0007838279816475885
218015,0.013461289207941818
218016,0.0019608769819353337
218017,0.0008952568326550198
218018,0.0029567234743142494
218019,0.009183404860299695
218020,0.0005562468311623035
218021,0.0032800308383565046
218022,0.0006731465407325079
218023,0.0005745838991040558
218024,0.0006154645834892808
218025,0.001188849145611447
218026,0.0012873351129821307
218027,0.004197128714270784
218028,0.0006512744897699616
218029,0.0009535247547418609
218030,0.0015525418402852153
218031,0.0011230726360487104
218032,0.009750343819407998
218033,0.0036148967700828424
218034,0.002050313930248255
218035,0.02174524914456145
218036,0.00044508050384683284
218037,0.0005806252417188214
218038,0.0006599201379875767
218039,0.0005502412473034201
218040,0.0005085644054005718
218041,0.0006742083487894204
218042,0.016261330639149883
218043,0.0008858679339440869
218044,0.001609328576887992
218045,0.012620736386517013
218046,0.000648942152802644
218047,0.005442228503955752
218048,0.002791640405455799
218049,0.001160147665349866
218050,0.001003112967189945
218051,0.0006120850139050743
218052,0.0005495253951241702
218053,0.001246286682938957
218054,0.007495449115720865
218055,0.0016783867476072587
218056,0.0007799018400378374
218057,0.0008340883199649913
218058,0.0016598117071238002
218059,0.0014336189429102093
218060,0.001000476451668817
218061,0.0016755499839893335
218062,0.000515271619525631
218063,0.0010664755934244102
218064,0.0011868507243088652
218065,0.0010049757631750602
218066,0.00311042523828856
218067,0.0009253217484603883
218068,0.0007122552089543627
218069,0.00046782413060787796
218070,0.0005007072578432182
218071,0.0006324729679442235
218072,0.0014180747235834521
218073,0.002698950135170875
218074,0.0006241559973770328
218075,0.9983724771202962
218076,0.0010779885613491458
218077,0.0018590630635735093
218078,0.003967178859609478
218079,0.0007791893097905092
218080,0.0009943293124692577
218081,0.0006301200822350463
218082,0.002756468037509641
218083,0.014624747726177684
218084,0.0007864629743020102
218085,0.006695416897153167
218086,0.003288197669638418
218087,0.00318487896810228
218088,0.0009725223410212251
218089,0.0005914359840019868
218090,0.0019556950294408516
218091,0.001347028094677554
218092,0.0036881857618146306
218093,0.0006319735277582201
218094,0.00204251189800459
218095,0.003192819942862017
218096,0.001077907766389877
218097,0.0005125211536231399
218098,0.004708256146737063
218099,0.002093566933873751
218100,0.011004205575740614
218101,0.0006428440278241716
218102,0.0029372248964238887
218103,0.0006546310910309965
218104,0.004434291822469123
218105,0.0005581632793024578
218106,0.0004551780208245154
218107,0.0008099926557842198
218108,0.0008781365343868176
218109,0.0007648868509010457
218110,0.0006856265105329258
218111,0.0028276534294257704
218112,0.001497134268852409
218113,0.0007973134550434997
218114,0.0005950112059876856
218115,0.0017526854098611384
218116,0.003865791769218109
218117,0.02088458254268661
218118,0.0005334427277519809
218119,0.0009364473485310254
218120,0.0005136939619889696
218121,0.0037924090585004394
218122,0.0007855183315497882
218123,0.0010866740667287195
218124,0.0011732534929230773
218125,0.0007350482098847637
218126,0.0006266942943938308
218127,0.0005683551638173328
218128,0.0005961906896733421
218129,0.0005172079977901557
218130,0.0007327874991604099
218131,0.0014612153216075963
218132,0.0004408925667667797
218133,0.0005003323474252704
218134,0.003254464706205837
218135,0.0013589832727876332
218136,0.0030635153044130782
218137,0.0006794485779851227
218138,0.0009810009587477363
218139,0.000513554749207942
218140,0.0005782632943729663
218141,0.001236870088297487
218142,0.0012798265665683356
218143,0.0006413722477272046
218144,0.0008883101915844718
218145,0.0011073432184236084
218146,0.0027573075164105633
218147,0.004062644054086853
218148,0.000983216776783743
218149,0.001216221855429387
218150,0.0013120368507505947
218151,0.0006477286023045491
218152,0.0020281445560862118
218153,0.01018340835419725
218154,0.0005458499379093914
218155,0.0005784378924916682
218156,0.00473117361758107
218157,0.0011197539674507766
218158,0.0007441610977607735
218159,0.0006559742906248765
218160,0.0006866885128093805
218161,0.000705960844658495
218162,0.0006026582727188351
218163,0.007024466374113459
218164,0.0012294093924208524
218165,0.001687451443767927
218166,0.002372469154923348
218167,0.000423937607849536
218168,0.001100418659535982
218169,0.0008640488294884116
218170,0.0018871175905726093
218171,0.0036811318675815333
218172,0.0033629254732025996
218173,0.00503038006110504
218174,0.0005226721747615929
218175,0.004197438797985255
218176,0.0033947671578139662
218177,0.0010843884755013457
218178,0.0014319135524480196
218179,0.0006739981731642515
218180,0.0011035761650905677
218181,0.0008022724820689795
218182,0.9967778235919433
218183,0.0019340389513653293
218184,0.0008996842623193508
218185,0.000603659838736879
218186,0.0008494805603640461
218187,0.0006127222040256352
218188,0.011738715801490673
218189,0.9896583346733825
218190,0.008538080740090114
218191,0.002684135426091422
218192,0.001238381626791496
218193,0.014817316745642014
218194,0.004201759267641457
218195,0.0016129729662645847
218196,0.000362723630066194
218197,0.0007175646750191392
218198,0.0005028854802977059
218199,0.0010310103668912413
218200,0.0005560557498377405
218201,0.00047752229825865814
218202,0.0012397430376682194
218203,0.0010705652047599545
218204,0.0008165154489999766
218205,0.020615539825895673
218206,0.0017601381119373557
218207,0.0018463283536214268
218208,0.000964643047131568
218209,0.0013160716491212867
218210,0.0007703688545256124
218211,0.996733840268989
218212,0.0007478664468530379
218213,0.0005987699437071909
218214,0.0010574490781383328
218215,0.054087116983834976
218216,0.0019502425680684773
218217,0.002189268462399199
218218,0.0012140169655031137
218219,0.0010271105956483092
218220,0.0014141908193485448
218221,0.000653659475892646
218222,0.0017446947290732906
218223,0.0014772170065397254
218224,0.0004915964531521149
218225,0.01746878688102098
218226,0.0005425163299391415
218227,0.0007916179030053661
218228,0.0017453302254096066
218229,0.0014682819552578827
218230,0.004449443421424726
218231,0.0013393896643201213
218232,0.034454026805968714
218233,0.0011385204019720054
218234,0.005131550124917858
218235,0.0010180746157721463
218236,0.0018486734318079517
218237,0.0004847033636453213
218238,0.0015753671521902622
218239,0.002379151690181565
218240,0.001309794800066833
218241,0.0009105440810670827
218242,0.001147744239740602
218243,0.0007777845161171551
218244,0.0012226966336518414
218245,0.009551424105953294
218246,0.0006965399667787441
218247,0.0005464652905664935
218248,0.005002580855722472
218249,0.0031636115232904225
218250,0.0013070676666689846
218251,0.00042775872503349736
218252,0.0043468494278400775
218253,0.005146809776295734
218254,0.001195382608940548
218255,0.0031947338903770247
218256,0.002177004645866234
218257,0.00043846103913247847
218258,0.0007701135535876592
218259,0.0003734386489568723
218260,0.0010392755152134655
218261,0.000620419467920625
218262,0.0004262565179852068
218263,0.0007676368963527903
218264,0.0005256401619435551
218265,0.0035448247172256237
218266,0.00059001139247564
218267,0.0008286487063628963
218268,0.0008408539437057693
218269,0.0008792773910190621
218270,0.0005896856184857911
218271,0.0019313062970608202
218272,0.0005120524587191724
218273,0.001608686659199313
218274,0.003947342232719599
218275,0.0006753993027829636
218276,0.001077200268581256
218277,0.004434347689936967
218278,0.004516287450102336
218279,0.0006325484067065799
218280,0.0011002739405756566
218281,0.004053517719166663
218282,0.0010751189654398035
218283,0.000973633857198962
218284,0.0005667494246805306
218285,0.0004308084044873489
218286,0.0008345207862954653
218287,0.0003465876446185727
218288,0.0021361392178374417
218289,0.0008917113359004512
218290,0.0012042984461696367
218291,0.00037791865806722613
218292,0.0016742192046101867
218293,0.9981973512462639
218294,0.0005713139038554629
218295,0.0015091204535639213
218296,0.0006717626727880091
218297,0.0007669952981670541
218298,0.001246603363957516
218299,0.008612137176108698
218300,0.00139846333884189
218301,0.0009596187733947388
218302,0.004887099503707125
218303,0.0003765738555876282
218304,0.00041559218679674436
218305,0.0037504746627184237
218306,0.0006508715426476948
218307,0.0005389573061613791
218308,0.0007471096106520714
218309,0.0026975794207186915
218310,0.0006620464225248743
218311,0.0015117579349967847
218312,0.0018752297541025395
218313,0.0019013230684101503
218314,0.0011309383721384318
218315,0.009176363213181302
218316,0.001467603399125294
218317,0.0013469261076053027
218318,0.0009584251783719432
218319,0.0014306373210499987
218320,0.0012956519240723357
218321,0.0016893237856435697
218322,0.0005702644618063589
218323,0.008834571536851903
218324,0.0009384517406485929
218325,0.0008203816632175673
218326,0.0004915059963817064
218327,0.0007629212376349971
218328,0.0005154405389214836
218329,0.08384948424188371
218330,0.0012053962765760779
218331,0.0018633350342324357
218332,0.0007653567216684412
218333,0.007255470532274659
218334,0.005089736169546236
218335,0.00057006277766573
218336,0.0006436908342742098
218337,0.9906749324432919
218338,0.0022256670948481065
218339,0.0012653286134803746
218340,0.005293816600016447
218341,0.00044031571121449386
218342,0.0005268252594985012
218343,0.00103288922022238
218344,0.0009679894795886323
218345,0.001496196696106304
218346,0.002301389259290027
218347,0.0006255691989388777
218348,0.0010385441590305836
218349,0.002099301972793656
218350,0.0022334130574816844
218351,0.057857526733558665
218352,0.0008386294541363338
218353,0.0017867054221254995
218354,0.0019464201308004856
218355,0.0012142607874083393
218356,0.0006530246916370035
218357,0.0010355992101026825
218358,0.01058218099619294
218359,0.0006160363000617678
218360,0.00047851088756121894
218361,0.0011604138428259712
218362,0.008834196553490471
218363,0.0020007302277440663
218364,0.0006173059262604519
218365,0.0037602402682808274
218366,0.0020143928222291487
218367,0.009474841332901506
218368,0.0021325292653521155
218369,0.0010584714555255457
218370,0.0054499247956305025
218371,0.0015326263972128308
218372,0.0003557641726111589
218373,0.0009056253769540754
218374,0.0006258093272102388
218375,0.0004883146619589042
218376,0.003530240417051883
218377,0.0010273445042432443
218378,0.0006303823497230726
218379,0.0011537196105777365
218380,0.004112634876924136
218381,0.0008225362682358142
218382,0.0007598618509262851
218383,0.0013288951350761205
218384,0.0017428548750265378
218385,0.0009713584682260344
218386,0.0009939349417441097
218387,0.0015779288499418826
218388,0.0006807539132059501
218389,0.0008216881402679725
218390,0.0009514710346595556
218391,0.0010117560609017222
218392,0.0005767160081514427
218393,0.0011908504841856454
218394,0.0003496903889614257
218395,0.0022174011998640853
218396,0.003929330872281411
218397,0.0008695196570949352
218398,0.000930617494435958
218399,0.9970805480630907
218400,0.0012302812985605202
218401,0.0019454135306548965
218402,0.0010962533042688913
218403,0.001298209527197078
218404,0.0017456158425382818
218405,0.0037921847190897353
218406,0.0010337760228507735
218407,0.0003820737401393453
218408,0.0020301069961544114
218409,0.001858332281341308
218410,0.001357350298025965
218411,0.005483200853818022
218412,0.001027251082965201
218413,0.004516245448889946
218414,0.0014079070876293056
218415,0.0022238130039543324
218416,0.0015805129192583809
218417,0.0004912470342607388
218418,0.0008229671666331285
218419,0.0005857527811998702
218420,0.0004976148035057681
218421,0.0008527911276398497
218422,0.0014732296199912718
218423,0.0009358110566816499
218424,0.0007005757758988889
218425,0.0011621057261081138
218426,0.0010883794201816766
218427,0.0005032404797215176
218428,0.0006171997184252337
218429,0.008350968114161115
218430,0.0012654467667984398
218431,0.0011331870022899958
218432,0.0007498563332480092
218433,0.01858422787734503
218434,0.000957538810704088
218435,0.9968921730638418
218436,0.011051358486833984
218437,0.0011721713204756192
218438,0.0005970365633799778
218439,0.0006800702360361697
218440,0.0006229231659785661
218441,0.00129179537344263
218442,0.012566055087035309
218443,0.0007062103279546498
218444,0.0014571986327693142
218445,0.0015564197029509816
218446,0.00044870709816129546
218447,0.0019233297332404585
218448,0.0004509231860266833
218449,0.0024945096460843785
218450,0.0007662524535953185
218451,0.0012705602359944944
218452,0.001171306785306973
218453,0.0007963136698745672
218454,0.0005935877986589666
218455,0.013392855508235229
218456,0.0008964711046440424
218457,0.0044353709638091775
218458,0.0005472897789376786
218459,0.0004244025302795784
218460,0.000551792222301342
218461,0.0031652199733760997
218462,0.0017830071223552512
218463,0.0005549995913937864
218464,0.004210501810725454
218465,0.006053673756358896
218466,0.0027869900894415284
218467,0.0006636329906718164
218468,0.0027706270726552216
218469,0.016897681657536287
218470,0.0024687688761097755
218471,0.0008814890775270609
218472,0.0004771502736653939
218473,0.0009818598984546241
218474,0.00048176547373326723
218475,0.0047315599143249575
218476,0.0008408240073889932
218477,0.001105712757028845
218478,0.0006358768361045604
218479,0.0006457375450988596
218480,0.0007144738994530392
218481,0.0035756019040013446
218482,0.0007722276005252984
218483,0.0005890740826236542
218484,0.002157974706298098
218485,0.003964193224905209
218486,0.002643882092289807
218487,0.000563417178731712
218488,0.0006154688065653765
218489,0.0008685983437187313
218490,0.0037704698007681847
218491,0.00043648692808735456
218492,0.0007435652204523431
218493,0.0004585460734089241
218494,0.0006596135044458042
218495,0.006543152379622328
218496,0.0019307111627357763
218497,0.0007534315473849114
218498,0.0006762085401739823
218499,0.0006384162189802124
218500,0.0008712313565027174
218501,0.0009697181904752209
218502,0.00043306328870061254
218503,0.0016368607015368034
218504,0.0004930956581895935
218505,0.002766939966127754
218506,0.0009554404572176898
218507,0.007166647557176069
218508,0.0011884777049545573
218509,0.00059713006989396
218510,0.9926175422620851
218511,0.0013081507095679084
218512,0.0007592725352346002
218513,0.0023969866432769884
218514,0.0014467261097862185
218515,0.11103599655804085
218516,0.0016210152059173265
218517,0.0007285533848121726
218518,0.0029209942888589148
218519,0.003862639473358183
218520,0.001700364409622041
218521,0.017327047631806355
218522,0.001177637065513985
218523,0.0009148908806384905
218524,0.000652915188375297
218525,0.010870808919782416
218526,0.000997762663154875
218527,0.0006687369712928555
218528,0.0007410619169427326
218529,0.0014823507044048013
218530,0.007044677030851575
218531,0.0005506779046490003
218532,0.0021104524372912658
218533,0.0005891349589915577
218534,0.0004831848075408009
218535,0.0009546685824050511
218536,0.0009537710108081647
218537,0.0013893948200599648
218538,0.00844752916321366
218539,0.0008938300597977298
218540,0.0006095876544098113
218541,0.0007654945194776957
218542,0.0006707637823483706
218543,0.0006463313423975805
218544,0.0023624018499106406
218545,0.0006655328307923925
218546,0.0009905333070534608
218547,0.9966266610895538
218548,0.001739195069578895
218549,0.0006867717581504923
218550,0.001394224822948651
218551,0.0005347423186338225
218552,0.0024208596227002677
218553,0.0007160735140263094
218554,0.0005234337366015861
218555,0.0017042371469471263
218556,0.0010704765518150287
218557,0.0017175463170216708
218558,0.0008548473723554622
218559,0.000913305104532082
218560,0.0008928108200818072
218561,0.0015082882434097828
218562,0.019995613904490776
218563,0.9921761107880691
218564,0.0027728894313339123
218565,0.0006226363313542965
218566,0.0005416075196987113
218567,0.007035368834972206
218568,0.0005334887009288701
218569,0.005065065330155043
218570,0.10640162214992702
218571,0.0038866907881392543
218572,0.000742087923659042
218573,0.00166067964613192
218574,0.0005097551489211502
218575,0.0014993713883518205
218576,0.0006420748628638845
218577,0.0009253469459520043
218578,0.002740825573914321
218579,0.0010226660635886528
218580,0.0004958035425575584
218581,0.0005312799126291257
218582,0.002612971394617104
218583,0.0033819069878803783
218584,0.0010954569807539907
218585,0.001003393987597247
218586,0.0015250090796179346
218587,0.0007199975261741461
218588,0.0025217634706210606
218589,0.004091048477463555
218590,0.0006849194734865455
218591,0.0006699810601773091
218592,0.009248138849863221
218593,0.0021139371638091336
218594,0.0008125947560182548
218595,0.005210306729038498
218596,0.0009986319683304296
218597,0.0009963243041897995
218598,0.000723429536052525
218599,0.005188190198293436
218600,0.020114320572255595
218601,0.0006974287087302296
218602,0.0004903417081233455
218603,0.0008889627191803564
218604,0.0007955437287659047
218605,0.0005746561279746985
218606,0.005241038777359599
218607,0.0029152138261302257
218608,0.0010498478123276856
218609,0.001404330008445591
218610,0.0010527824190484092
218611,0.0008011298945499418
218612,0.0009373932841841163
218613,0.0005394692164080938
218614,0.0006762970027937952
218615,0.001678108711355103
218616,0.000720500445374702
218617,0.0007181809342840439
218618,0.0005630895346559901
218619,0.009177660363097476
218620,0.0007184921558353725
218621,0.0008047094747240974
218622,0.0008936101317680363
218623,0.0013032412462389048
218624,0.001383765379756088
218625,0.0006101696048467894
218626,0.007570876059904386
218627,0.002268719218034561
218628,0.0006211973172982828
218629,0.002793569382293396
218630,0.00130640011820456
218631,0.0007244209521267769
218632,0.0005368611571425904
218633,0.001629349402225508
218634,0.0009742574017044974
218635,0.0008940383511879676
218636,0.0007528630992240676
218637,0.0012500439643650615
218638,0.0016295559181589174
218639,0.0010402359333517635
218640,0.0006601698714615608
218641,0.0037855734022763194
218642,0.002529934734708468
218643,0.0052853219725629615
218644,0.006467530491616143
218645,0.0015182472835192885
218646,0.003968842728015931
218647,0.00943813849194214
218648,0.0013820983875954525
218649,0.0005364971256876918
218650,0.0017507921752143623
218651,0.0005944504297329486
218652,0.0006290114191097432
218653,0.0030834929519931043
218654,0.009962212491171449
218655,0.001130071179383043
218656,0.000572407965336471
218657,0.0012581061886289104
218658,0.0034886776440841713
218659,0.0009434843184948151
218660,0.001494684789307759
218661,0.005224737304643405
218662,0.0037884917205462734
218663,0.0005263474925881445
218664,0.0005389703221428384
218665,0.0024277031659979157
218666,0.001626867688074847
218667,0.0005547655358180862
218668,0.009499414823828546
218669,0.004991255365725811
218670,0.0010471228422225714
218671,0.0007922132452803225
218672,0.0005659880397456544
218673,0.004585518088655463
218674,0.025955427013575703
218675,0.9911868773720567
218676,0.008692135043243385
218677,0.0012529808035483267
218678,0.0013233547228637239
218679,0.0009454935177062806
218680,0.0013515367490968889
218681,0.0005844018939432445
218682,0.001547155555446894
218683,0.0017094384205755828
218684,0.0008215696035009995
218685,0.0011805369539223884
218686,0.009629356027302482
218687,0.004397394685388366
218688,0.0015474937789680123
218689,0.0015062928052226665
218690,0.006717796515357582
218691,0.0014422483793360649
218692,0.004822739820157266
218693,0.0011160697575585223
218694,0.000926915855049771
218695,0.004296068085313744
218696,0.0011921727250164453
218697,0.001009221981560288
218698,0.0016358235956979589
218699,0.00047901895539814265
218700,0.0012895570092301845
218701,0.0005999417920849904
218702,0.0007897881601781653
218703,0.0008073932178391205
218704,0.0006769455670667067
218705,0.0006116911767903967
218706,0.0008562035007476654
218707,0.0006349661108438374
218708,0.0005069569024971336
218709,0.002118174965120803
218710,0.001750340850860981
218711,0.0010285620443038824
218712,0.0006839613936741915
218713,0.009471621483804891
218714,0.0013318091631678575
218715,0.0012586995509745948
218716,0.007267586078713745
218717,0.0008483149033844133
218718,0.003710988896330487
218719,0.0007441979798608943
218720,0.0006029813954427356
218721,0.0011902410065152153
218722,0.0008039954434743901
218723,0.0038046646067579682
218724,0.0007840995440039139
218725,0.0018639293679509309
218726,0.0020002622888939383
218727,0.0005272889172792964
218728,0.000619445206516019
218729,0.0006551736179212788
218730,0.004698457776214132
218731,0.01120781977070204
218732,0.0010000112379607183
218733,0.03999343311292117
218734,0.001536716549228051
218735,0.0016386373768876878
218736,0.0007436418930614813
218737,0.008457325979122184
218738,0.054281386855495196
218739,0.0009586379871941061
218740,0.010627317302192463
218741,0.0008018440928276646
218742,0.0009306094971521346
218743,0.0007230537076433434
218744,0.9975764282593187
218745,0.041704986498955744
218746,0.0008395959476136719
218747,0.0006415570717945136
218748,0.0015635468838710248
218749,0.0006426334596508951
218750,0.001177993184618621
218751,0.0022718999845187395
218752,0.0007238764394336814
218753,0.0007837225904973939
218754,0.004629827243534352
218755,0.0007818609276381322
218756,0.0007726271649353574
218757,0.000741080748239145
218758,0.07335188464305278
218759,0.0010042062991427391
218760,0.0041056607241928686
218761,0.0015272169796337449
218762,0.000726154245650025
218763,0.004743243512810736
218764,0.023658159188636906
218765,0.0005899116664707628
218766,0.0005636234447300856
218767,0.0007917608683101519
218768,0.0007991319049132946
218769,0.0009057706502889208
218770,0.0005343151125645889
218771,0.0005447659813479541
218772,0.000519114917565346
218773,0.13288838435065592
218774,0.9955405732104133
218775,0.004534914010747524
218776,0.0010286483776266555
218777,0.0025220440513083024
218778,0.0019961298792852146
218779,0.0033184829389306487
218780,0.01098427362239144
218781,0.000773080188429489
218782,0.022033071624112915
218783,0.0008990052837164576
218784,0.0009838537802617112
218785,0.007562278804689597
218786,0.0005566038527668081
218787,0.000614811465978929
218788,0.0008954302022496224
218789,0.0009859189400213179
218790,0.0005977209755266069
218791,0.0006998516200894358
218792,0.00124483616774801
218793,0.0009709688827129956
218794,0.000860167259471391
218795,0.0025057251246906782
218796,0.0008779375650839309
218797,0.0009103894743481392
218798,0.012546173420592666
218799,0.0016625044491397007
218800,0.001431203469598749
218801,0.0011605848910137173
218802,0.0017777025936034658
218803,0.00584104596726322
218804,0.0005883525638348316
218805,0.0015202401936282228
218806,0.018214224940318054
218807,0.0008548207521561686
218808,0.0007962681934440367
218809,0.0025612605033731063
218810,0.0013454745109546058
218811,0.0007111867305912554
218812,0.9968378867833475
218813,0.000739921557276982
218814,0.0006007904413693437
218815,0.001395178683652921
218816,0.0011390062070458778
218817,0.0005731144168310337
218818,0.0005853367702363088
218819,0.01481842555451652
218820,0.0009714857503807421
218821,0.01415754820052216
218822,0.044604437390496784
218823,0.0005342697718668854
218824,0.0005530343475248333
218825,0.0008674907780173424
218826,0.0007241090916903844
218827,0.0015253282311858078
218828,0.003030784613547023
218829,0.01600396000106069
218830,0.0016041355061738696
218831,0.0012418330718574162
218832,0.012031363309998412
218833,0.0011160116986933416
218834,0.0009937578838969793
218835,0.0005559431180182323
218836,0.0006570601909436321
218837,0.0008045203640292804
218838,0.09270283906735474
218839,0.0010458997602092609
218840,0.0004389007476811092
218841,0.005876861222783155
218842,0.0013346855853812944
218843,0.0008339550998436227
218844,0.01085953338636695
218845,0.0007671715277825307
218846,0.0008755186895444089
218847,0.0022655975475926694
218848,0.0009259201153335819
218849,0.0020974613235507727
218850,0.0011952482462880647
218851,0.0024486828292643514
218852,0.0021306833688291803
218853,0.0009397678382971318
218854,0.000985916314221564
218855,0.0019517072138439877
218856,0.0009043069840695351
218857,0.0010078354872933972
218858,0.0010459614178774757
218859,0.0007776046048210178
218860,0.0008998684218490384
218861,0.0010603420310012894
218862,0.0008828849472029704
218863,0.003776402449658641
218864,0.0010287922596273283
218865,0.0011923045231771261
218866,0.026939416993584795
218867,0.0007356128322642979
218868,0.0007646903461280705
218869,0.0007903084598578814
218870,0.0009497611935979529
218871,0.0009205879936668966
218872,0.0031244082334360274
218873,0.0006176733066063235
218874,0.0006516253478946594
218875,0.002303321247435468
218876,0.0007275324952090111
218877,0.00044976083671627017
218878,0.0009592776337346581
218879,0.00037949520268436293
218880,0.0008095149443026679
218881,0.0009753461849178959
218882,0.000554913888852417
218883,0.0011277423506648966
218884,0.008369648083680636
218885,0.0018542740469173957
218886,0.0121456001808949
218887,0.0004923015979510843
218888,0.0007449917067633242
218889,0.0007446078551362759
218890,0.0005931384737948382
218891,0.0005367023537946718
218892,0.0008278711195854333
218893,0.0008490625368275938
218894,0.0009120280893805408
218895,0.0005216072903601473
218896,0.0006877707726211888
218897,0.00420120600177804
218898,0.005382825826922246
218899,0.0009149811973474902
218900,0.001559752085575176
218901,0.002286385512772948
218902,0.0007789274154850882
218903,0.0007547226677363028
218904,0.0008473042258779191
218905,0.0009974974077824766
218906,0.000512588508126571
218907,0.000944172583113641
218908,0.0022485351217968953
218909,0.00042116934689770055
218910,0.0005248389337623221
218911,0.0026180504620781325
218912,0.0004103334815294194
218913,0.011233400914853541
218914,0.0005345138136092966
218915,0.000626160770022503
218916,0.0005606208010039918
218917,0.0012425186231181501
218918,0.9971181567330936
218919,0.014992263501757454
218920,0.004012145842410016
218921,0.0022109776138024098
218922,0.008061872499306292
218923,0.0018047195474003453
218924,0.0033453648396550555
218925,0.0011095869267137236
218926,0.0029871478210729847
218927,0.0029166586963060076
218928,0.0007206295900943518
218929,0.0048865734368260545
218930,0.000865748008715033
218931,0.004734128740647378
218932,0.000746098969429674
218933,0.0005792096113636616
218934,0.00083874485200166
218935,0.000684084447556886
218936,0.0008866068809373853
218937,0.0028366637199562735
218938,0.0007778181555315152
218939,0.000537608369315049
218940,0.0006289400861910128
218941,0.0037926225592581145
218942,0.0008885835231986452
218943,0.0014630614771282378
218944,0.001110178020024759
218945,0.0005610151329948383
218946,0.0009782371215602535
218947,0.0005285149019320699
218948,0.0010538096432969877
218949,0.000635392834574578
218950,0.0008814288293453351
218951,0.0012570707173266927
218952,0.0008744993756493633
218953,0.0006907514223725581
218954,0.0005664840695297281
218955,0.010457094935381061
218956,0.0008313226217495863
218957,0.0007650861242588224
218958,0.0016937330010795139
218959,0.0005304892129809409
218960,0.016435825588465056
218961,0.0027446155099221767
218962,0.0006981151694558153
218963,0.0011045459305214496
218964,0.0022345774717817454
218965,0.0038157885219580736
218966,0.0008645339549605383
218967,0.0024579890487060174
218968,0.0006738548026712198
218969,0.0005752887224090585
218970,0.03301578327114209
218971,0.0029939724383735537
218972,0.005430307206561024
218973,0.9987225767421656
218974,0.0018493958403916241
218975,0.0007813448151489402
218976,0.009112752351433624
218977,0.0018613715491508434
218978,0.00405584601963338
218979,0.0006414889685932229
218980,0.002156713832396055
218981,0.0032916283594640293
218982,0.0010283154624695535
218983,0.0005325843822410236
218984,0.006438421835179946
218985,0.0006507590045714318
218986,0.0006941938532131495
218987,0.02148019164743617
218988,0.00046121280814432383
218989,0.0006256774457782846
218990,0.0007770271251625394
218991,0.0033129817495051762
218992,0.0006101273328552926
218993,0.0015995095215170644
218994,0.0010385221036347295
218995,0.00096496887530432
218996,0.0007014380879808448
218997,0.001312890611843379
218998,0.0009043580966873041
218999,0.0004654544423979669
219000,0.0008801419391113036
219001,0.009701676364649083
219002,0.0014588112065820344
219003,0.0006468957592793622
219004,0.0017381043279047952
219005,0.0007656665065423044
219006,0.0010321143332739798
219007,0.000747212674276297
219008,0.0017737327100337066
219009,0.0024142219110154578
219010,0.008983277245910123
219011,0.0004695975327402279
219012,0.0011023964707043343
219013,0.0006882407181288503
219014,0.0007755718474811444
219015,0.0006423742508581532
219016,0.0007918895968950738
219017,0.0009074414865263901
219018,0.0006453953511340554
219019,0.0015478105802065878
219020,0.0008347060235462661
219021,0.0004444841578623114
219022,0.0004449795561085653
219023,0.0007411266580416535
219024,0.0034555977809528817
219025,0.09990821932801269
219026,0.0006274475628106783
219027,0.0009833719601389517
219028,0.0019251448947805382
219029,0.007878865361260602
219030,0.00043692176731704085
219031,0.0006782477269716791
219032,0.0037707654820911462
219033,0.035104743879120895
219034,0.0003572990226602347
219035,0.0012247827824989107
219036,0.002011184265116114
219037,0.0012073865224357522
219038,0.0007978068017699093
219039,0.005832680718913734
219040,0.0004247700041023197
219041,0.0006087601809544522
219042,0.0008226596638287351
219043,0.002149282347008702
219044,0.0008660567893689192
219045,0.000514870077619969
219046,0.0017028213098760753
219047,0.0010259012886386179
219048,0.0017095640065574649
219049,0.00039283939981696585
219050,0.0012106060712145403
219051,0.0014323414227197361
219052,0.0005937486885087711
219053,0.0012829726356225046
219054,0.0005364116622500731
219055,0.0006512056691057854
219056,0.0011917094605199399
219057,0.0037557700776814384
219058,0.0005758357233419202
219059,0.0007529956370661006
219060,0.001427736857389362
219061,0.002170866691493803
219062,0.0010358357369684374
219063,0.0007694306731442278
219064,0.00047130459985436017
219065,0.0007376785961260404
219066,0.0018439418759283776
219067,0.01079533575348294
219068,0.002189510480948379
219069,0.0017725768961372118
219070,0.0012693541886185196
219071,0.0009715678219108907
219072,0.9954396783313065
219073,0.0006286147556920407
219074,0.0005571727692054414
219075,0.0022187001931579698
219076,0.0073403744121562225
219077,0.0013344607119240982
219078,0.007952836864521702
219079,0.0010288761868844506
219080,0.0009802271168868962
219081,0.004260102902927327
219082,0.0005427354645198737
219083,0.0005212152578740145
219084,0.0008077387399445021
219085,0.00244999684583574
219086,0.0013991898647802892
219087,0.0019291980222525304
219088,0.0005909577664042432
219089,0.0008846289345107235
219090,0.0009279504414364579
219091,0.0005567000289864671
219092,0.00093824259551888
219093,0.0006163699709689832
219094,0.001031448413229549
219095,0.0035440330846521068
219096,0.0032975841571941298
219097,0.0010093641512659275
219098,0.0005188975490959928
219099,0.010508038205125156
219100,0.007040590646271179
219101,0.0004235395328676776
219102,0.003241697599494172
219103,0.0009882824636314276
219104,0.0010501262244964897
219105,0.004569270466010264
219106,0.0010817687455423278
219107,0.00523593693601252
219108,0.0005728478748668594
219109,0.0004650159321837237
219110,0.0035288158731635365
219111,0.001918503248655056
219112,0.000683815118051956
219113,0.001050880065657977
219114,0.00041509525067718765
219115,0.0010490865077099586
219116,0.026763092148600218
219117,0.016265698869171993
219118,0.0005980220279032932
219119,0.030500390965228226
219120,0.0014268346220119759
219121,0.0007324835356860001
219122,0.0014804814698811384
219123,0.0008175074292827251
219124,0.0009287956532616367
219125,0.0007389979507620072
219126,0.0012253672465077467
219127,0.002169003706650299
219128,0.0009619080581607242
219129,0.002616759032023129
219130,0.0004570694503115275
219131,0.0004509722702846099
219132,0.0009994799912894144
219133,0.0006369926892048087
219134,0.0008451924337584361
219135,0.0007062990551933645
219136,0.001382771539358548
219137,0.005106033312396837
219138,0.000844969353170099
219139,0.0005806116711905793
219140,0.000715879242433344
219141,0.0006919553954987991
219142,0.0011039084856219368
219143,0.0060870111451005685
219144,0.0006627809449809017
219145,0.0005596914757817498
219146,0.0007412795685588959
219147,0.2841407299701355
219148,0.0011730824954165873
219149,0.0005633219523928705
219150,0.0008297954473337507
219151,0.0041666891457274695
219152,0.0006671376326371029
219153,0.0006465798762282462
219154,0.0028983571059387173
219155,0.02142079307288336
219156,0.0004413769756066276
219157,0.002341012856246401
219158,0.00593967181317186
219159,0.0083694706462364
219160,0.0008370729724335279
219161,0.006736364441217772
219162,0.0007632468027502807
219163,0.0010607537964382244
219164,0.0006661664386393954
219165,0.0007501967087006589
219166,0.006298274876139097
219167,0.0025566683181378986
219168,0.0007875754202296617
219169,0.00187496994388715
219170,0.0004886606617075968
219171,0.0007149163656897076
219172,0.0036228357677716783
219173,0.0012724950787118203
219174,0.0019360754153575433
219175,0.00044915577186846933
219176,0.000466940640769329
219177,0.002263382374399309
219178,0.0049513356969517084
219179,0.0018992361927052167
219180,0.001969643001859935
219181,0.0007994428488617886
219182,0.002493330613137308
219183,0.0015466259349559961
219184,0.003804731345798973
219185,0.0005689001639574005
219186,0.0021939645898065006
219187,0.001019067146140159
219188,0.0005422871508460001
219189,0.0027035350635890533
219190,0.0005611966820810193
219191,0.0011005180520529492
219192,0.0024569334793241248
219193,0.0006856577964520654
219194,0.0006378810761395883
219195,0.0009808766904447809
219196,0.0007719723854738058
219197,0.001962441273950178
219198,0.000698532238937953
219199,0.036499528551166324
219200,0.0004651816015173824
219201,0.0027069843074662026
219202,0.011122869879272858
219203,0.0008955381098014776
219204,0.0004593397127529307
219205,0.0014578381825894418
219206,0.005093657081961098
219207,0.0040033057786269645
219208,0.0026232086577978988
219209,0.0006642017219497982
219210,0.004926165551595324
219211,0.0008657696110084623
219212,0.0019161433897285076
219213,0.0017151339199379292
219214,0.001381430267084523
219215,0.000794765122675756
219216,0.006891521139159768
219217,0.001389908601897416
219218,0.0016502579787078377
219219,0.0009035859744704868
219220,0.0006365825282356923
219221,0.0006299548901414205
219222,0.0005555571367043235
219223,0.001177131821370755
219224,0.0007986401339284584
219225,0.006081972466775259
219226,0.0012120214503560439
219227,0.000868805659558226
219228,0.00031910300270034933
219229,0.0008374816263571272
219230,0.0008112990130985543
219231,0.0005740981413091013
219232,0.001691276940685853
219233,0.0005496364965068865
219234,0.0013807407263689351
219235,0.002149567216497561
219236,0.0015178205381821649
219237,0.001491812928307074
219238,0.0012784505359550334
219239,0.005073833461021535
219240,0.0005735649764310197
219241,0.0008204837613875631
219242,0.0018398213923880797
219243,0.0006091506756211009
219244,0.0005221499360477387
219245,0.0006339984108267362
219246,0.0011111707607934234
219247,0.0007215355797752993
219248,0.000832674613950378
219249,0.0077888249206290484
219250,0.002143557780649924
219251,0.0012932811135694302
219252,0.0004940633015391473
219253,0.0024737578157430686
219254,0.0011303119079472423
219255,0.0005358955105604685
219256,0.0005928109330211985
219257,0.0006278849018543371
219258,0.0007025268995468046
219259,0.0025395658809604102
219260,0.0011345182389571017
219261,0.004949583039363465
219262,0.0006275760240632814
219263,0.004187047760857063
219264,0.000995747928776195
219265,0.9975243693852334
219266,0.02519226888860353
219267,0.006868074291604566
219268,0.003895235799771113
219269,0.9962428840349489
219270,0.0021649339809885065
219271,0.0008946177627104817
219272,0.001274727655918391
219273,0.0008516710302932779
219274,0.0006727532547542388
219275,0.0014660818610821567
219276,0.004299920751652141
219277,0.0043709995100343225
219278,0.0006250096121890737
219279,0.006135642670555982
219280,0.0007184479838435897
219281,0.0006322500501736003
219282,0.0008549962525451801
219283,0.0007016290228305873
219284,0.000491567167217014
219285,0.005593624216116564
219286,0.0016895744600035885
219287,0.0015370642445424543
219288,0.0012703651918397224
219289,0.0015935577678148393
219290,0.008519565499533331
219291,0.1147550456718153
219292,0.04067004932988291
219293,0.000982518604453636
219294,0.000801296248323119
219295,0.0035907267870736942
219296,0.002961552898574795
219297,0.015490864345005413
219298,0.0005602971780203425
219299,0.0007080777917914099
219300,0.001175449728019007
219301,0.0075265789897625245
219302,0.0006457157800911231
219303,0.0018212782164554807
219304,0.004760827144241797
219305,0.0010013424450774774
219306,0.004049413885596374
219307,0.9954369016941331
219308,0.001476142550565516
219309,0.0007194115510042957
219310,0.003687665825015787
219311,0.0005339931790599319
219312,0.0010235387515111956
219313,0.001161885908637732
219314,0.0015920777895109797
219315,0.0007256015796924414
219316,0.0007166684134984166
219317,0.001086156341173911
219318,0.0006144345056453256
219319,0.0017430250185094865
219320,0.000718698307211346
219321,0.0009161354544288999
219322,0.0004932100356790715
219323,0.0009196715394463866
219324,0.002234028126131107
219325,0.0045948025491490685
219326,0.0024950510656177095
219327,0.0005982878923291833
219328,0.0020895682047904077
219329,0.000541822722368059
219330,0.0006845591287817
219331,0.0005576869401429384
219332,0.0013967328464355986
219333,0.0026234065298721783
219334,0.0012521509489823199
219335,0.008574942793915376
219336,0.007255067419003263
219337,0.0009872259211570725
219338,0.0006716505044941999
219339,0.0007635604156206088
219340,0.0009199594903569527
219341,0.0006407445922805726
219342,0.0013773485391939501
219343,0.003935938543212828
219344,0.003889540054155994
219345,0.0006658718998653424
219346,0.0007085861376424378
219347,0.0011000635647140282
219348,0.0013277457451522814
219349,0.0011687381891359464
219350,0.005747370571812855
219351,0.0006769833760627665
219352,0.0026157154409162304
219353,0.0012704017796413304
219354,0.0018325312480308954
219355,0.003124332489450459
219356,0.002310246029016583
219357,0.000766270762067658
219358,0.00259174699966331
219359,0.002595306658918688
219360,0.0007603879914682296
219361,0.0006671306644083628
219362,0.00114499023645978
219363,0.0012189051178467273
219364,0.000507728843337166
219365,0.004428281587530459
219366,0.0025580355762150958
219367,0.0017863881502737694
219368,0.0014341710102322397
219369,0.0005849146289455176
219370,0.00600521094146091
219371,0.0006954237821638787
219372,0.002287252707430762
219373,0.0016509396161184903
219374,0.0006365182451903307
219375,0.0028448846861166346
219376,0.0006835356023571341
219377,0.0009344951839167248
219378,0.0017434710260994237
219379,0.0007839935943837788
219380,0.0011247308583456714
219381,0.0011920967878931061
219382,0.0012483968762357447
219383,0.0007456927079359838
219384,0.004826254492170197
219385,0.0006407595064722515
219386,0.0010694961416227856
219387,0.0008089789923385708
219388,0.0010914079013877268
219389,0.001882283196306778
219390,0.002084672928821946
219391,0.0026305152913681275
219392,0.0006900043349554292
219393,0.0028829227354601906
219394,0.0007359380963832321
219395,0.002455515979352429
219396,0.004778566908045267
219397,0.0015396502421020477
219398,0.0021937957844793228
219399,0.0008414130195821011
219400,0.0037241318341614633
219401,0.010103928393832593
219402,0.0005389270133785244
219403,0.01304161105304849
219404,0.9459913615220359
219405,0.0007836575970033937
219406,0.000603853857817876
219407,0.003637040893706138
219408,0.002152232019777054
219409,0.0006052760692325769
219410,0.00047827911766637075
219411,0.0006302072835890583
219412,0.0006243643179820289
219413,0.0008914772785574796
219414,0.0006849449848385582
219415,0.0012404022455301104
219416,0.0025912474495387756
219417,0.0007425520820596519
219418,0.025475963433768036
219419,0.0005655411615318072
219420,0.0007622297191863436
219421,0.00033162489539762354
219422,0.0018885066968234053
219423,0.0009282077742677889
219424,0.00414234291854103
219425,0.004526520874637013
219426,0.0007788591181956466
219427,0.0007077622633515602
219428,0.0005631519453081725
219429,0.001313182386007291
219430,0.0008183979685046582
219431,0.0012209471450056093
219432,0.0010898939298106469
219433,0.011573305983107136
219434,0.0007758779533245902
219435,0.0014966589935270936
219436,0.0007684591889236809
219437,0.0012639510350450447
219438,0.0005959276884301785
219439,0.0010261347629423776
219440,0.002265291693495637
219441,0.0025064409927799403
219442,0.0005548394902511829
219443,0.001507645666511414
219444,0.002023180186926444
219445,0.005450865436676996
219446,0.0011477493338047603
219447,0.0007513896571363353
219448,0.0015592662939021879
219449,0.00041861235705464324
219450,0.0005542865165866104
219451,0.001307688005817999
219452,0.0003813065485036512
219453,0.0018459536757607896
219454,0.0006920349446971363
219455,0.0008385840217210153
219456,0.0005371018808034258
219457,0.0015804222778494923
219458,0.0012176441795422157
219459,0.0006408969058037078
219460,0.007619587880405895
219461,0.0007747789759085744
219462,0.004703473579739811
219463,0.0008066294362864149
219464,0.0018514057166977588
219465,0.00900269630514822
219466,0.0007248392060289671
219467,0.01040406625829228
219468,0.0014117702413908011
219469,0.9978105965077144
219470,0.07637948867897329
219471,0.0005373110090191415
219472,0.001033049713570508
219473,0.002492954163146312
219474,0.0040096621121982635
219475,0.0009650392473498544
219476,0.004764714932472098
219477,0.9914340737074232
219478,0.003179761664255462
219479,0.0015557743710136636
219480,0.0005203588609758532
219481,0.0013687568721269013
219482,0.0008663434826277666
219483,0.0007648842471383383
219484,0.0008156187318241623
219485,0.0006487158195264429
219486,0.008566482801873995
219487,0.9826970067498915
219488,0.0008124949838832335
219489,0.0005638062403866343
219490,0.0009821331581267886
219491,0.0011032282698831383
219492,0.0012554982059893444
219493,0.0031431959544333185
219494,0.0006017361210370545
219495,0.0005968939587700562
219496,0.0010919118957404411
219497,0.0005957796515304041
219498,0.2042350784790819
219499,0.0005441969030932743
219500,0.12683693766653817
219501,0.0006860043104343093
219502,0.0006996104663723012
219503,0.0006645060776535065
219504,0.005214395789743955
219505,0.0009592453721032105
219506,0.0009421670077130927
219507,0.0007208521615826157
219508,0.0019227258877549335
219509,0.0010910824939101976
219510,0.013395549826756106
219511,0.0031955225727044747
219512,0.000958698961235205
219513,0.0010958691319172395
219514,0.00109696873166223
219515,0.009765471496242009
219516,0.0017527950429378225
219517,0.001088464912673278
219518,0.0007568697628374238
219519,0.0007840360103351548
219520,0.0011387542267308143
219521,0.0014433630622396588
219522,0.0007137371263567061
219523,0.002034606583525789
219524,0.0003878559638362085
219525,0.0004934963404893226
219526,0.0005663996236507257
219527,0.005802393234531099
219528,0.0010492670805759745
219529,0.0008900231548668295
219530,0.0024302189727385968
219531,0.0008312455789254982
219532,0.0005946914664259509
219533,0.0011616989184935294
219534,0.0004573308654291356
219535,0.0015225989397029366
219536,0.0006569996258481704
219537,0.0005531638315800998
219538,0.0015608473073482304
219539,0.0007259256435968159
219540,0.0009034646490910648
219541,0.004230132174057866
219542,0.0004776785077101448
219543,0.002495424708273947
219544,0.002097532242792048
219545,0.005298910223832562
219546,0.0027979999714009274
219547,0.0008997513632763035
219548,0.000525290342025492
219549,0.003585538220146761
219550,0.003570976681800361
219551,0.0039778207828475975
219552,0.0010323737177726144
219553,0.0036817090775790153
219554,0.001572598891055974
219555,0.00042151607331446906
219556,0.010236457391219964
219557,0.0015930384411064556
219558,0.012145894478619468
219559,0.0008002812682217078
219560,0.0005782191361977801
219561,0.0005841888292681156
219562,0.9923035473094859
219563,0.0007705760811314187
219564,0.001068273394119145
219565,0.0008740655760832183
219566,0.0009541539325237033
219567,0.0025717666710108316
219568,0.0030293896618769868
219569,0.0010164996722684526
219570,0.0008160555364549757
219571,0.0028001386492552335
219572,0.00048599695645505555
219573,0.0039060585071392442
219574,0.0004940563006034504
219575,0.0005397958152585517
219576,0.0007519492381677917
219577,0.0004853752675929656
219578,0.0008947430186952655
219579,0.001577053666421629
219580,0.0006123675794127664
219581,0.0007343740868247533
219582,0.0005715917633023281
219583,0.000652111759894591
219584,0.0008014089221628296
219585,0.0005650935470222786
219586,0.000602637455289017
219587,0.0004985115018211358
219588,0.001977299070584687
219589,0.0005627605627107986
219590,0.0006177517087028149
219591,0.000678117426797883
219592,0.0007351877843875319
219593,0.0010579082159373715
219594,0.003935881949807278
219595,0.000539047480503538
219596,0.001793490212652427
219597,0.0006196732119949451
219598,0.005328240214580791
219599,0.0025592823868593397
219600,0.001598717305600359
219601,0.0008389339148900418
219602,0.0018558581808702692
219603,0.0022899571916986084
219604,0.007828014101584733
219605,0.0010893995077793516
219606,0.0033565119470746873
219607,0.0006890864516635774
219608,0.1138534631046475
219609,0.009190432345305066
219610,0.0007996033284229493
219611,0.0005482579225332236
219612,0.0026899714759937915
219613,0.0007432202259478056
219614,0.0019472111714541227
219615,0.003643697932452744
219616,0.00550981116133541
219617,0.0012969040165023873
219618,0.0014143123818596511
219619,0.0030988189905632995
219620,0.001447562622959401
219621,0.0012199581838765782
219622,0.0013419774289603478
219623,0.0034264992724885863
219624,0.0013533431833716097
219625,0.0006116449616420541
219626,0.9824238143092756
219627,0.0009761244502134385
219628,0.001908107766228012
219629,0.004391449497987843
219630,0.0009883871448856437
219631,0.0017004380007207259
219632,0.000630819776436085
219633,0.0009528589216829272
219634,0.0009547074232882595
219635,0.002564212507402428
219636,0.0005860800951504159
219637,0.0007133989911663538
219638,0.0011732940704739067
219639,0.002121390913000092
219640,0.0006875142842128509
219641,0.0009347206932904016
219642,0.0011980661476805785
219643,0.001902921519941269
219644,0.0009308240897260015
219645,0.0007400760163101704
219646,0.0014206761301219402
219647,0.00037259912462394743
219648,0.00869978563944031
219649,0.002310127050226978
219650,0.0022196779536639627
219651,0.0006996503651902596
219652,0.0007562501936372619
219653,0.0023584579109018327
219654,0.0011319972905931518
219655,0.0028036485755740847
219656,0.0005030893243048443
219657,0.000713991040686033
219658,0.0015494119988109776
219659,0.0006279283140435007
219660,0.0012704431637149541
219661,0.0005789817690905662
219662,0.0011504546286325783
219663,0.0013771074422916977
219664,0.9951931880994416
219665,0.0007368532464013579
219666,0.0022198763843306064
219667,0.0007652450663612607
219668,0.0005818427811254794
219669,0.010550911349579056
219670,0.000854788219318516
219671,0.001089075991815262
219672,0.0005394833710884164
219673,0.011830325306620114
219674,0.001147977204379736
219675,0.004392756879853998
219676,0.014657357263629014
219677,0.0005344815216962225
219678,0.001294876766133661
219679,0.009638860794507872
219680,0.001403125655645987
219681,0.00477389656934561
219682,0.006183328109598573
219683,0.0007027269813858132
219684,0.0023532172706581104
219685,0.0007216497577469112
219686,0.0023251265348403476
219687,0.0017888320592750694
219688,0.0008243475772828604
219689,0.003445547133791942
219690,0.0007524728898172591
219691,0.0008528124266479334
219692,0.000505179663819398
219693,0.0025881680902333816
219694,0.0011011376066136867
219695,0.0007878665379368823
219696,0.003177854027598843
219697,0.0006331150599355927
219698,0.002369996030052328
219699,0.003705759944636053
219700,0.0004893808682438646
219701,0.0033096159119159457
219702,0.0008074792791821215
219703,0.0007566726714665999
219704,0.0008870107941764423
219705,0.0007612786754515253
219706,0.0012325424991927651
219707,0.0006523730800618381
219708,0.002644421844790694
219709,0.0015221210865242227
219710,0.0005919456504097799
219711,0.0015347130847942736
219712,0.0015579644923477895
219713,0.0006639604156984346
219714,0.00046309750315585524
219715,0.000522607814582557
219716,0.00043966348134317026
219717,0.0025063796225469575
219718,0.002676703407650281
219719,0.0008899923189317701
219720,0.0004304963630487444
219721,0.004490744073019179
219722,0.0005418949713672524
219723,0.024077509375952197
219724,0.009671246228105333
219725,0.004358777381262043
219726,0.005535788293836906
219727,0.0009828872443231928
219728,0.0006113015490701933
219729,0.0015927896006362689
219730,0.01135014793426474
219731,0.006346273312932421
219732,0.014501461496705859
219733,0.013520094667656107
219734,0.0009152081375573411
219735,0.0011400420471359106
219736,0.006412062282768199
219737,0.0018404103513532017
219738,0.01916495000352759
219739,0.0007377549727103682
219740,0.0009549236711240061
219741,0.001096721600930422
219742,0.0007619773402143663
219743,0.0005964432555928146
219744,0.001601019384514359
219745,0.0008437338194567726
219746,0.1129185890731306
219747,0.0019010336905610386
219748,0.0012464626285206238
219749,0.0029122295604324874
219750,0.0007601677884431149
219751,0.001938091402525445
219752,0.0005269628993783672
219753,0.0006498350730909129
219754,0.0021950160121053585
219755,0.0014477094962675075
219756,0.0006277893097972442
219757,0.0012499735592021886
219758,0.0011597699545330153
219759,0.0028873314285733946
219760,0.0050675412411645155
219761,0.0005951487224179913
219762,0.0008672399740075139
219763,0.0009167407306560855
219764,0.0005940405442241923
219765,0.0037506390594154175
219766,0.0005588484489166707
219767,0.0007170442342442987
219768,0.005976670113625264
219769,0.0008596034175434716
219770,0.0011120419255455146
219771,0.017808383727010685
219772,0.0034302393818321456
219773,0.0018717678942331956
219774,0.011951134449606327
219775,0.0015084015900977276
219776,0.0007951252561266445
219777,0.002112847658517639
219778,0.0006993938495271858
219779,0.0012912306916194175
219780,0.0008606653457040535
219781,0.0008602861238495865
219782,0.0008907082198777872
219783,0.0006862702375884823
219784,0.0010194248119989274
219785,0.0010751543591902592
219786,0.0006390877304754719
219787,0.0006062673465843624
219788,0.0010211513843771548
219789,0.0029451958924706367
219790,0.0007754313820108941
219791,0.0006794737102492391
219792,0.0017134548366412386
219793,0.001238658169690592
219794,0.001021026249888575
219795,0.0005134413426305998
219796,0.00031676041169745734
219797,0.0029302748472596297
219798,0.0005795651136644523
219799,0.00071473725947353
219800,0.0009335258141534377
219801,0.004316812699513238
219802,0.00044627177428500534
219803,0.0009019873370864605
219804,0.01166478457834648
219805,0.0009173919383438452
219806,0.003550312795279946
219807,0.0037367968205732852
219808,0.000656036398464308
219809,0.0006397295849471367
219810,0.0005256323671905665
219811,0.003555846003690263
219812,0.0005546249357678199
219813,0.0010869706799589728
219814,0.003339012267415673
219815,0.0017402541680988353
219816,0.0007026944578901815
219817,0.00133308232636667
219818,0.002216393607799803
219819,0.0023896735933853987
219820,0.0007644003347085
219821,0.000806504332767336
219822,0.0007572508006080413
219823,0.0018130312194422453
219824,0.001240886399163639
219825,0.0004450851927370964
219826,0.0017920160969791135
219827,0.0006553106862958096
219828,0.0007483665360128362
219829,0.000598171170136657
219830,0.000685882794029248
219831,0.004190139526689857
219832,0.003606942274061792
219833,0.0006936011889810008
219834,0.005242527487363874
219835,0.0031332442888702275
219836,0.0018486918391223228
219837,0.0005355066584926174
219838,0.0014105837456913361
219839,0.001502547556840544
219840,0.0005747497369550339
219841,0.0009010811361985997
219842,0.0008570045274257068
219843,0.0013472658548151855
219844,0.0005709895662325587
219845,0.0008344345261868288
219846,0.000923825541683619
219847,0.0007225687123266229
219848,0.003622744166468555
219849,0.004173789211448944
219850,0.0004954392031832278
219851,0.0007251895366435653
219852,0.0056071387373492244
219853,0.006067342769659083
219854,0.005727034959310019
219855,0.006118576820951979
219856,0.0005799653504747541
219857,0.0068210126973708984
219858,0.0012650440168215495
219859,0.0007469866175544924
219860,0.0009769206149621578
219861,0.002743923482315323
219862,0.9874315365131096
219863,0.0007382427732018291
219864,0.0007182317780415792
219865,0.001326259236157987
219866,0.0004093741172429904
219867,0.0004516629737879597
219868,0.0006014918577656779
219869,0.002800130043147062
219870,0.0013986629223857832
219871,0.0007143361538132957
219872,0.0006420200505471403
219873,0.00732172111799635
219874,0.0006092930878255883
219875,0.0008636312585300263
219876,0.001692137115537359
219877,0.0006004172832553296
219878,0.006856500151508207
219879,0.00046206336406137965
219880,0.0009170348394512916
219881,0.0016602235888871632
219882,0.0007527273539794274
219883,0.0008222804787162939
219884,0.001165290026447871
219885,0.0012687671879672902
219886,0.0005751752161147804
219887,0.0005709544288849678
219888,0.0007740673296230828
219889,0.0014068653502729545
219890,0.001033848034562106
219891,0.0033259889381368306
219892,0.0018836390955181386
219893,0.014239559368641852
219894,0.0008959735700852889
219895,0.0007368599611506258
219896,0.001593682708225978
219897,0.0004711822938296511
219898,0.006514658855379617
219899,0.0008403359529583272
219900,0.0006223049094206477
219901,0.0007097087462508686
219902,0.00050218168817495
219903,0.0008887808821668422
219904,0.0010656029676260619
219905,0.0004763101468810866
219906,0.0035790566441028663
219907,0.0009985079004084896
219908,0.0013935272703259568
219909,0.001976853345466655
219910,0.0007146290125992661
219911,0.0010346015736413263
219912,0.0005751257379186546
219913,0.0005444767222498833
219914,0.0006750177140112032
219915,0.002063578751706813
219916,0.00487947235282299
219917,0.0005195585400674216
219918,0.0008080033443648906
219919,0.0022257616753459243
219920,0.0006394331848409155
219921,0.008290228144187426
219922,0.0021268779245670333
219923,0.0007788957389994883
219924,0.0015431154011376928
219925,0.00789267248927823
219926,0.0008817125697282591
219927,0.0005735074755617737
219928,0.0018333849382799069
219929,0.001271096839634342
219930,0.0004110116917117388
219931,0.0025977010313326726
219932,0.001629196708529264
219933,0.001223871022684965
219934,0.0030309039309083224
219935,0.0005432654837030171
219936,0.0007359341946367854
219937,0.03847437192775645
219938,0.0006609997004606483
219939,0.012303650914656846
219940,0.004233192139626129
219941,0.0012003576993119538
219942,0.0009578545890494991
219943,0.002809715300485903
219944,0.0007894851090642044
219945,0.0024778301421057
219946,0.0007334259415699286
219947,0.0012103032815128163
219948,0.00045563372175950177
219949,0.0009824027091829553
219950,0.0004960849171840899
219951,0.0008442095612601623
219952,0.005549859611913909
219953,0.001404751554698696
219954,0.0009861246303096687
219955,0.0005984929066047453
219956,0.001645841471142574
219957,0.0010207529809060233
219958,0.0011315567498739376
219959,0.0010978173888031174
219960,0.0007315238355431996
219961,0.0008738725005368716
219962,0.0006048284371439104
219963,0.0017953438522162143
219964,0.0013252880063847504
219965,0.005910588873668942
219966,0.0015853894253375386
219967,0.0008962106610497338
219968,0.007990995803306426
219969,0.001504362686641652
219970,0.0008801840839411419
219971,0.010645121425170025
219972,0.019310461996719666
219973,0.009129777172668947
219974,0.0019955031379561058
219975,0.00123558673749991
219976,0.02838119502854223
219977,0.0013367699355834406
219978,0.0005029104356061676
219979,0.0009874237091514336
219980,0.00043151007199117595
219981,0.0009164633814898369
219982,0.002188269320934714
219983,0.0007320248323278598
219984,0.0005339964471125272
219985,0.0004398178036480784
219986,0.0009684477913491055
219987,0.00048681107303154747
219988,0.0009963143411308069
219989,0.019632223988583837
219990,0.003404184624134593
219991,0.000714684495331555
219992,0.0009468037349322747
219993,0.0011196226696988647
219994,0.0008044934023031128
219995,0.0006060944148300743
219996,0.001585564639003154
219997,0.007070945438801373
219998,0.0005283664513409009
219999,0.00045773386904990646
220000,0.003955951533065423
220001,0.0011588264001343327
220002,0.0006782441191571398
220003,0.0008679977617680472
220004,0.0019925647796467092
220005,0.0017424786297956575
220006,0.20091235117958087
220007,0.00041108780950866944
220008,0.0005664648306972541
220009,0.021690123223928756
220010,0.0004074786458923205
220011,0.005805734252066307
220012,0.0008530139053905421
220013,0.0007706102473534824
220014,0.0007996019579228654
220015,0.006065410842389548
220016,0.0007936039085934782
220017,0.0011942275049461816
220018,0.0009711001706259928
220019,0.0015593923788336658
220020,0.04483686101752544
220021,0.001825150149039629
220022,0.0006170825659730548
220023,0.0050888409582749514
220024,0.0007244615960863145
220025,0.0008865695423463006
220026,0.0010574767594517644
220027,0.0005605902533089087
220028,0.0037463192498481224
220029,0.0011995168083895245
220030,0.003802380220868104
220031,0.000991039624045681
220032,0.006387591581258078
220033,0.0007642389096210058
220034,0.0005912587203454201
220035,0.000724294964029974
220036,0.000990715933169028
220037,0.0008896047999321558
220038,0.0005934988740663299
220039,0.0005057727977495609
220040,0.0005505286896132484
220041,0.0023521007070049036
220042,0.9978033144312922
220043,0.00143616008526587
220044,0.0006151764843590909
220045,0.0006010064594249769
220046,0.0014696218958640014
220047,0.0035302273345184797
220048,0.0008177920080778737
220049,0.0015784605544241694
220050,0.0006226556562553147
220051,0.0008304003771172836
220052,0.0006295964819497934
220053,0.0013507380149223962
220054,0.0007389973238064807
220055,0.001205978558624294
220056,0.0014597042303728751
220057,0.0008048008255806021
220058,0.0025759935936853356
220059,0.001409066329980824
220060,0.0033639504402760223
220061,0.12723911327205462
220062,0.0023869329859034574
220063,0.0005607648906241845
220064,0.0007681374350290653
220065,0.001476230753882611
220066,0.0005525203373831279
220067,0.0013497230427475782
220068,0.0004127254808211156
220069,0.0008603532863901815
220070,0.0005009084792226662
220071,0.0005482459552547847
220072,0.9981095210973012
220073,0.0006338881133045881
220074,0.01480916382850156
220075,0.001091944906915139
220076,0.0009099616411316184
220077,0.0007649433487156269
220078,0.0009902012032294238
220079,0.001736794517267388
220080,0.0005229431520322403
220081,0.0007825437873105702
220082,0.000800599321846503
220083,0.0009449785998240351
220084,0.9979826047986278
220085,0.0004000581324816163
220086,0.0025516773529832286
220087,0.0005453114828557279
220088,0.0005439201370688936
220089,0.005953972360129607
220090,0.0031818957823815355
220091,0.0027706807104220165
220092,0.0012731059129038466
220093,0.0005829323237408923
220094,0.007001598349425899
220095,0.0004485782900574432
220096,0.0041790543199018895
220097,0.0004836213881713071
220098,0.005289796675461828
220099,0.0007909270590092854
220100,0.0006323284770258515
220101,0.0004593624842204131
220102,0.000728702051841729
220103,0.0039336892533579
220104,0.0004957883231541122
220105,0.0007295485635249101
220106,0.001540788604197857
220107,0.0005443276392296129
220108,0.0056353225580503055
220109,0.0004958626229254894
220110,0.002802732953733262
220111,0.006523455349573673
220112,0.0009180053665843529
220113,0.0007802643693271647
220114,0.0010601549697566736
220115,0.0007249651869032057
220116,0.0005053404399872864
220117,0.002585279069565952
220118,0.00123069466127774
220119,0.0005774058166428069
220120,0.000482450880262261
220121,0.0018624249964714207
220122,0.0008296658795986255
220123,0.0004419699329000431
220124,0.0006764607948456466
220125,0.0013597921029012733
220126,0.011465609107217443
220127,0.0009369840230103972
220128,0.0007835872595135399
220129,0.0004210084806069523
220130,0.0031506127542555527
220131,0.000693661368674722
220132,0.0013051829735891177
220133,0.0013252702141059905
220134,0.002059590197410859
220135,0.0007705753339867843
220136,0.0011898572686866722
220137,0.001257191340463784
220138,0.0004747534493988286
220139,0.0008309592109694524
220140,0.0008288069300176185
220141,0.0012006389306132169
220142,0.002596546696970994
220143,0.002819470294873317
220144,0.2005200177520148
220145,0.0006449481804712686
220146,0.006135166742207654
220147,0.0021767194003375965
220148,0.0006776707594024626
220149,0.0010358363320816038
220150,0.0003168516676771468
220151,0.0009788164665978862
220152,0.002206506083189814
220153,0.004528349124503765
220154,0.011043200271440779
220155,0.0007676710016452677
220156,0.0010901684946219487
220157,0.0007911359857362659
220158,0.003709187481992386
220159,0.0004524303516985026
220160,0.009046805557433053
220161,0.00044104154395115255
220162,0.002402949082472498
220163,0.002853028655845858
220164,0.0013000182958959562
220165,0.0014457010447888959
220166,0.0007080473299149293
220167,0.001689610874134108
220168,0.0020607330182477275
220169,0.00045725472828764887
220170,0.9987309628384409
220171,0.0004728029122030257
220172,0.00152310469718877
220173,0.0011738981667662736
220174,0.000760762718587454
220175,0.0010490175881218468
220176,0.0157696490909813
220177,0.0006082178374128351
220178,0.0009812702448199677
220179,0.0005805622232619606
220180,0.05612242271417527
220181,0.0005821780063005388
220182,0.017956143304800963
220183,0.0010000100071199097
220184,0.0008913656606423687
220185,0.0028939038721233113
220186,0.015179932203224687
220187,0.0014963101159854253
220188,0.0006789324356823547
220189,0.00048309239914608995
220190,0.004802229678048927
220191,0.0008576423085994705
220192,0.009180682286581272
220193,0.00047419793123199146
220194,0.0026749381320749156
220195,0.0020752350195229114
220196,0.002723238680775292
220197,0.0008659041240768064
220198,0.0011652162947753306
220199,0.0006800944216014602
220200,0.0012837127476239395
220201,0.0028336965337173777
220202,0.0031281846919493446
220203,0.0036998529477581055
220204,0.0007387829183279202
220205,0.0005885350965832708
220206,0.0007263357500591287
220207,0.0008653063017960614
220208,0.001756117143999144
220209,0.0009967473770973534
220210,0.002664475738479979
220211,0.0020232697707752577
220212,0.0006465097808643924
220213,0.0007814229430394391
220214,0.0008394705925633513
220215,0.0010197993656409301
220216,0.0006527269474646471
220217,0.0006826070483641079
220218,0.0009045936057393513
220219,0.00048303799071582835
220220,0.0008543684655425429
220221,0.004348582921420808
220222,0.0009147359032341194
220223,0.0012576293195869805
220224,0.0010873221420901475
220225,0.017943237891367092
220226,0.0010000833152285138
220227,0.004434101867669837
220228,0.0007780270026614139
220229,0.0012841075115775462
220230,0.07639722256494247
220231,0.018616078036421478
220232,0.0009041809418469382
220233,0.9954588785435805
220234,0.0019436113229693956
220235,0.0007490186844234161
220236,0.0026973350598263543
220237,0.001083284061113578
220238,0.0006907089333323989
220239,0.0017767997093990759
220240,0.006565222106269636
220241,0.000805164681400109
220242,0.0008952704420165443
220243,0.0006431261416953259
220244,0.0008132592210196674
220245,0.007846658215018064
220246,0.0012107977786081823
220247,0.00045122114057994083
220248,0.0006327649094035673
220249,0.0005370911444613377
220250,0.0007908535032016965
220251,0.006977590434299314
220252,0.0018595693093008496
220253,0.0005041630400458191
220254,0.0019311999273638036
220255,0.000743561568649417
220256,0.004967530285714011
220257,0.011441963957712523
220258,0.0004096482239790521
220259,0.0016729651221509723
220260,0.0007357294761285
220261,0.0009292938634876572
220262,0.0009930854508202248
220263,0.0006083385500967902
220264,0.0025416568923132565
220265,0.0009439595668726119
220266,0.0010861040476454209
220267,0.0027711882405799353
220268,0.0007309608541682524
220269,0.0005181420909674097
220270,0.989134082179778
220271,0.0004594587235626701
220272,0.0005982411732532728
220273,0.0006008981489327447
220274,0.000568458589694891
220275,0.0011970872369636923
220276,0.007721184234242384
220277,0.0006632650947615663
220278,0.0008394603735923565
220279,0.006529923144803962
220280,0.0007660639242665359
220281,0.0013444585017562654
220282,0.0016746781046728062
220283,0.006669090174616425
220284,0.0005710141112729981
220285,0.0017344161607022875
220286,0.0007676414208887924
220287,0.0007044430751217069
220288,0.012942035243652136
220289,0.002369919058340471
220290,0.00073892017163935
220291,0.0008787748052645496
220292,0.000494452027422757
220293,0.0025449476141002135
220294,0.005637703194856341
220295,0.005941032084817691
220296,0.0007352890364462872
220297,0.0016085755656807417
220298,0.0011968724517656135
220299,0.0004461276884602256
220300,0.0008744035785066024
220301,0.0010399182976626041
220302,0.0007284813158204134
220303,0.0007235326136043375
220304,0.0008005679725191521
220305,0.0023996594023219346
220306,0.0010384202382092854
220307,0.0011101800231493389
220308,0.00044298473485008296
220309,0.0012618572472561417
220310,0.0007010169627443095
220311,0.0015310234837358607
220312,0.008383691837783655
220313,0.0008677958886307464
220314,0.0004839417388070514
220315,0.0005606496411315658
220316,0.0008175074292827251
220317,0.0004620698840284795
220318,0.0008125297066806017
220319,0.00049275656615552
220320,0.0006876042489514552
220321,0.000812883162905996
220322,0.003455252717254466
220323,0.0021749424561601652
220324,0.0008610347526092954
220325,0.0005397446513073813
220326,0.000816382809780445
220327,0.20047294289907577
220328,0.0033665360252637137
220329,0.0006204370056609133
220330,0.0024123823835757925
220331,0.0076122513442518506
220332,0.008008034111921487
220333,0.0012284687324509093
220334,0.0063446571360168316
220335,0.0006435297943591158
220336,0.0015538358177444988
220337,0.0011778422426410903
220338,0.000920573545745986
220339,0.0004513990045690459
220340,0.000844821559956162
220341,0.001156193658684313
220342,0.001344257205220539
220343,0.0004683023403688086
220344,0.0008280966830320593
220345,0.0021669353315796123
220346,0.001196652851242459
220347,0.0005567454922534993
220348,0.000545595388287557
220349,0.0008524252293488725
220350,0.0006692901402763664
220351,0.016212850358004707
220352,0.0008491542415092234
220353,0.001037297720108963
220354,0.0014392776478159286
220355,0.0007123833088731953
220356,0.0007799271402808873
220357,0.0009315161152170471
220358,0.0008710463010306171
220359,0.0007347114555717165
220360,0.005532365884178263
220361,0.0009559172561093776
220362,0.0007224745752480829
220363,0.0006258901272975651
220364,0.0008317595092938196
220365,0.04652907097922454
220366,0.0005889183583313844
220367,0.0008898780761044416
220368,0.0006025139631317957
220369,0.00078336747586998
220370,0.04677536862246382
220371,0.0011177166080570348
220372,0.0007315851181061993
220373,0.0007999379193532252
220374,0.002868264092533085
220375,0.0007908465302766544
220376,0.0016620522368168019
220377,0.02135054858280367
220378,0.0014678257313402692
220379,0.0008319308087509903
220380,0.001383428220789378
220381,0.002011692155825675
220382,0.0008294824811963019
220383,0.024735811404009635
220384,0.0005339418980383739
220385,0.0013697765874639057
220386,0.0006905851983847364
220387,0.0009434426361344337
220388,0.001241125092888989
220389,0.0010638946180264927
220390,0.0008695491981006187
220391,0.0010980387360982205
220392,0.0008496376179400565
220393,0.009136774415090533
220394,0.0018610983444022878
220395,0.003475586916305068
220396,0.0028335350493905107
220397,0.004398430791907231
220398,0.0006450013252844579
220399,0.0039047547521372196
220400,0.004333242047851423
220401,0.028518545310343438
220402,0.0031572412630150506
220403,0.0011498181691116272
220404,0.0012217586204267094
220405,0.0019335685770489914
220406,0.0008400154411747735
220407,0.0010270942183134393
220408,0.0005936002242136144
220409,0.0005973015983320719
220410,0.0008507668736477672
220411,0.0016817161870021084
220412,0.008692467552810623
220413,0.0009192370077580771
220414,0.0004901302078048422
220415,0.03575027253789193
220416,0.0007854419560645487
220417,0.0012470947226040892
220418,0.0008538027290249234
220419,0.0004537435536150979
220420,0.0025676505534972744
220421,0.0005920516555171911
220422,0.0008402095962021144
220423,0.0009125171767094885
220424,0.007716392321402787
220425,0.001143563232013237
220426,0.009332859488351886
220427,0.0005918808408776123
220428,0.0017206983028802418
220429,0.0012180279384179738
220430,0.00046384646133537205
220431,0.0009024433353175943
220432,0.0015304851632860932
220433,0.0006754723856937048
220434,0.0006036310564419488
220435,0.0006572852698221301
220436,0.0008376589236325155
220437,0.0008537458368320813
220438,0.003085569119399666
220439,0.00094392192163011
220440,0.005679748529709255
220441,0.0008888694559718161
220442,0.003043542752572401
220443,0.0011147533681466573
220444,0.004332728629049113
220445,0.0007495464353412352
220446,0.002282236628312338
220447,0.0005327961963151292
220448,0.0005024584391030722
220449,0.0006388421621328379
220450,0.0005037815156185146
220451,0.0007839273430878732
220452,0.0005784433020745722
220453,0.0018018112719713993
220454,0.0008695708901544019
220455,0.0008180080881719205
220456,0.000767280432963272
220457,0.0007176658920031757
220458,0.0031790010885358556
220459,0.003381407495206522
220460,0.0005993609135471454
220461,0.004836664076625585
220462,0.0003418491676657828
220463,0.0019167654201786063
220464,0.0003191398660752745
220465,0.0004994165877710773
220466,0.0795180976663181
220467,0.0016993527229681752
220468,0.002362499331339616
220469,0.0008349478812866911
220470,0.0018277128131146334
220471,0.0019024685671932755
220472,0.0004969951306904438
220473,0.0006651793343372826
220474,0.006818142062856199
220475,0.0008619130787126548
220476,0.0012094030845534128
220477,0.005745376899651217
220478,0.03328550508262415
220479,0.001238159699399537
220480,0.00740143592092251
220481,0.0010290353325527613
220482,0.0011075821323995808
220483,0.0009343844929397185
220484,0.005216495312282398
220485,0.0009479157687868351
220486,0.0010021582100029167
220487,0.0011000349136255265
220488,0.0006428805357445286
220489,0.0012527963224586458
220490,0.022998427282823794
220491,0.0005880296391483204
220492,0.0007573492087711442
220493,0.001264294871039991
220494,0.0014455316789164653
220495,0.011636519716164306
220496,0.001192908088206842
220497,0.0018391592167452278
220498,0.0010040728065585326
220499,0.00047858804630815713
220500,0.0009152904215194995
220501,0.0005469485622432747
220502,0.0008027734616052643
220503,0.0006970397052240072
220504,0.0015929582961677006
220505,0.0007494599001841106
220506,0.00370798975945231
220507,0.000499657037392144
220508,0.000874059706534898
220509,0.012185828551908324
220510,0.0008586272134223554
220511,0.42207418576844097
220512,0.3308490994460057
220513,0.002159769680993022
220514,0.001381430267084523
220515,0.0008314652207045393
220516,0.0020993790620412044
220517,0.0007681440520639579
220518,0.0006329926294573194
220519,0.006035043477070562
220520,0.004689990493773614
220521,0.0008697664444812581
220522,0.000815421470418215
220523,0.008340799986608777
220524,0.13118330437146886
220525,0.0007251305579923945
220526,0.0012041163795667685
220527,0.00042596718984126307
220528,0.0006284493389464139
220529,0.0007962532438655398
220530,0.001333334218849615
220531,0.0006624757051178151
220532,0.0003649022172445291
220533,0.0030175641227665993
220534,0.0007889197012378908
220535,0.0006653436518021299
220536,0.0005838239942333818
220537,0.0019308368138922613
220538,0.0005720975673971318
220539,0.0005925877014262236
220540,0.0010034111485621596
220541,0.005832706969569349
220542,0.000593248084744648
220543,0.0006802418276633886
220544,0.0005811385938494538
220545,0.0008987546080087663
220546,0.0006938589450406769
220547,0.010658257611738489
220548,0.000766837686727168
220549,0.002011021022121124
220550,0.006030158414378791
220551,0.0004544609648102955
220552,0.0013330746325510084
220553,0.0006959222740017348
220554,0.0008222760265528499
220555,0.0026473416326915425
220556,0.001818131284267817
220557,0.0006829772965100814
220558,0.0008438067389006173
220559,0.0004585386624884816
220560,0.0009533277200699075
220561,0.0005706948896635777
220562,0.0030504198939589906
220563,0.0006008709942777335
220564,0.0007129290628777558
220565,0.021006959333404622
220566,0.002599311574031682
220567,0.0009142974041585832
220568,0.0008520133078975601
220569,0.0029049965859242
220570,0.0006444414397068897
220571,0.000710213939128988
220572,0.0014748645059469597
220573,0.0018943034713350836
220574,0.0010387599502931371
220575,0.0010010702935300277
220576,0.0008025683291159303
220577,0.0010100206514977944
220578,0.007538356103264917
220579,0.0009144670949234743
220580,0.0038347019505303574
220581,0.0012061863043214627
220582,0.0006797131821390682
220583,0.9956370874430875
220584,0.0005974530307386312
220585,0.001954485735933356
220586,0.0013491773585485342
220587,0.001857448488213666
220588,0.0008249065954747623
220589,0.001473649550390328
220590,0.000730713471296978
220591,0.004100136467988699
220592,0.002313283093143912
220593,0.0006229621797288849
220594,0.0008129125218191205
220595,0.005767681769664649
220596,0.024853514436895215
220597,0.0005610229798101911
220598,0.0014622855500431827
220599,0.00095303589582889
220600,0.0022824914909083116
220601,0.004754582205826825
220602,0.00036596692212308293
220603,0.0005611345890063275
220604,0.0010227260376842217
220605,0.00841774850710261
220606,0.002828192114811983
220607,0.0007869161614447273
220608,0.0008054187123936723
220609,0.002205804958528563
220610,0.00046766846897600784
220611,0.0005302760465008244
220612,0.0018375918041642443
220613,0.0013955483373630341
220614,0.0008504536514638682
220615,0.000942292017592478
220616,0.0006549584708277072
220617,0.0015389056427661855
220618,0.0004336265540467697
220619,0.0015353869025103183
220620,0.001102383937640403
220621,0.0030811314984787183
220622,0.0038509244762245753
220623,0.0011032223027998126
220624,0.0008468384751407509
220625,0.0006089147655084534
220626,0.00117305268650448
220627,0.000704989324209549
220628,0.0005992534838957146
220629,0.008729032958492117
220630,0.0008834983394321991
220631,0.0008849527774455664
220632,0.001472742247318606
220633,0.0015972893402564185
220634,0.000837877830557182
220635,0.0005417377018414476
220636,0.0008794282773251591
220637,0.0014677216654533907
220638,0.0008302640463970217
220639,0.0014711518431743938
220640,0.012630663577410592
220641,0.0003818085796761729
220642,0.0007776213240827752
220643,0.0290717141106202
220644,0.004439170088346274
220645,0.0009710180864956747
220646,0.010179220591734033
220647,0.0007160146892604782
220648,0.03408151364733571
220649,0.007811988907948089
220650,0.0011937711436275685
220651,0.0013619203453086814
220652,0.002494993805428331
220653,0.0006557441981841542
220654,0.0004947350402373057
220655,0.00040711477134893284
220656,0.0071212937532744705
220657,0.002184743258551324
220658,0.001254222395985687
220659,0.002223865988665798
220660,0.0016050978333355917
220661,0.001093731209757225
220662,0.0004575228493641409
220663,0.0005933594936920946
220664,0.0008236860206497875
220665,0.0005821438201846022
220666,0.000995808884922646
220667,0.0032087252886177
220668,0.001838759845809097
220669,0.000808647772156749
220670,0.0016473127785504808
220671,0.001131408928250288
220672,0.0009550123805537631
220673,0.0008423371050477078
220674,0.004433237184064248
220675,0.010268092683818434
220676,0.0035057617457478216
220677,0.003480993615761613
220678,0.0030219139234751854
220679,0.0009196477493261573
220680,0.00044464099897431516
220681,0.00048057519050775206
220682,0.0010632358881631978
220683,0.012446214339233841
220684,0.0007150812473751702
220685,0.0005995839265566961
220686,0.0005737924583546881
220687,0.002760865497621041
220688,0.0009092561295185663
220689,0.00383471639790419
220690,0.0007555268723846022
220691,0.0007085865597851061
220692,0.0005141238814490867
220693,0.002503382681365909
220694,0.000348696034323421
220695,0.0005549988919177659
220696,0.0012417007679879433
220697,0.0005032974530649305
220698,0.019414743332670688
220699,0.0006081690650752342
220700,0.00041979860316498994
220701,0.01907999227172224
220702,0.0007233559042326259
220703,0.00097646206538835
220704,0.0007061640992636971
220705,0.004320796817744143
220706,0.0008376790007026811
220707,0.0007744099057625412
220708,0.02491088732255005
220709,0.008793858874270977
220710,0.0005866744963073424
220711,0.0006986318329313553
220712,0.0008675024127465212
220713,0.0008671533720740263
220714,0.005106210780506939
220715,0.01076560244127719
220716,0.005167863210732163
220717,0.002520981537237783
220718,0.00878882528387741
220719,0.0007922850263409336
220720,0.0014073162854004505
220721,0.0007041767497490692
220722,0.0006988738585823344
220723,0.0006033965826628182
220724,0.9938260757627477
220725,0.00047445404316082883
220726,0.0008976880168855011
220727,0.010211866403688498
220728,0.0021416110972122732
220729,0.000484342831293981
220730,0.0007406782812076444
220731,0.0008621860697339368
220732,0.0021108051530350893
220733,0.0008478268205324502
220734,0.025235435865688174
220735,0.0005788493781428206
220736,0.0032036678282052478
220737,0.0012982560551987271
220738,0.0005787568018066348
220739,0.002844641444334377
220740,0.00044583932728220563
220741,0.0018131170555032521
220742,0.0004140814139655375
220743,0.010225896077944878
220744,0.0006811526232707152
220745,0.0018622679262574665
220746,0.0005243464537929546
220747,0.0006386746860344474
220748,0.0011805132378631244
220749,0.0012960770374078425
220750,0.0012711072077435694
220751,0.0009428690541623703
220752,0.00035250702548650077
220753,0.0005547261096051559
220754,0.004624016038357157
220755,0.024491895658229686
220756,0.0007619150208681524
220757,0.0011515309578102912
220758,0.0005977560068296061
220759,0.0013323761212694777
220760,0.0006947221264419213
220761,0.0006019710328795723
220762,0.0006494398213459851
220763,0.0010769336019469024
220764,0.003827404336290356
220765,0.003493176200612815
220766,0.00044348083726137037
220767,0.0005644757826084316
220768,0.0008310234771697685
220769,0.0007547471472280178
220770,0.0008439658881208298
220771,0.0006966492149398419
220772,0.0005278685005146086
220773,0.016430818010388565
220774,0.9991241248668327
220775,0.0005112357796333074
220776,0.003749659236793844
220777,0.0004750511809513883
220778,0.0004961826310765158
220779,0.0008973548239774656
220780,0.0009346801758919473
220781,0.00611587177574378
220782,0.0032440241795876554
220783,0.0031737407158213883
220784,0.000496856515313775
220785,0.0006538485890102082
220786,0.0006554613044135567
220787,0.0007092290092293512
220788,0.001933274123614385
220789,0.0005704235121816204
220790,0.0008863849566453185
220791,0.000563697430242696
220792,0.0003874938208793275
220793,0.0006123027816704991
220794,0.0010110243724482453
220795,0.0006132520528143613
220796,0.0007639282652630556
220797,0.001856803447717209
220798,0.0007668594641579644
220799,0.00039382927231970807
220800,0.0005925672578103472
220801,0.003379018241925477
220802,0.000429916723340941
220803,0.0009443738814262444
220804,0.0009168463618130695
220805,0.0010114164481291937
220806,0.0009835806655251425
220807,0.021757608148160145
220808,0.0005605008672398971
220809,0.027774518475017163
220810,0.20057305557712793
220811,0.0004986803553668063
220812,0.0021325845622685
220813,0.007730881713995451
220814,0.0009899570369292538
220815,0.0011218671730067204
220816,0.0005116347908567069
220817,0.0004484975310501475
220818,0.0008622675238071284
220819,0.0016647490822903428
220820,0.0015651323881291379
220821,0.0024993781784787457
220822,0.00042811810962601997
220823,0.0005345843376586759
220824,0.0028006053560697035
220825,0.0017493046960396748
220826,0.0010527748857453228
220827,0.006038971673322293
220828,0.000800130035575714
220829,0.005093395226034788
220830,0.0018816817272949938
220831,0.001266114805233968
220832,0.001059341267903458
220833,0.01492311792159036
220834,0.0005213621169079241
220835,0.009418104185058127
220836,0.0009051392972882394
220837,0.005886742312841585
220838,0.016762351179235007
220839,0.0004955454449502811
220840,0.009785511103458936
220841,0.0005263211235249935
220842,0.0011204316199180542
220843,0.0008999120819402998
220844,0.0004082625094552879
220845,0.003565429626960307
220846,0.0026940947041824816
220847,0.00046610357995746404
220848,0.0006801289688210502
220849,0.0037139805381628194
220850,0.00042885251135846644
220851,0.006731778250491167
220852,0.0007471245804875485
220853,0.0007251347799974706
220854,0.002054914963923013
220855,0.006597119659394868
220856,0.002629635964393597
220857,0.0013237294322774934
220858,0.0005955107393846558
220859,0.0009006388246518788
220860,0.0006061401901946838
220861,0.0014691275669308653
220862,0.0006775010804195847
220863,0.0005900590357544599
220864,0.003140382837454692
220865,0.0030257824155658893
220866,0.0007028890979617329
220867,0.0005366002331042271
220868,0.0018153058189779817
220869,0.001476493366254977
220870,0.0004919648169578116
220871,0.0010680318565556477
220872,0.0005142395835979551
220873,0.027056342012245715
220874,0.0007915955164498243
220875,0.0006490250123730073
220876,0.0008038995027548283
220877,0.000543237345514484
220878,0.001296207632363669
220879,0.0005294856737610193
220880,0.0007421922855261155
220881,0.0011557724417050165
220882,0.0007112595540974451
220883,0.0052228188935767
220884,0.011639518464748009
220885,0.0025722948750661135
220886,0.0004018256396608575
220887,0.0007515785314687925
220888,0.003923180521504536
220889,0.0007235424586166728
220890,0.0006084289745765087
220891,0.007357944127743749
220892,0.013033586741945581
220893,0.0006779495297503607
220894,0.0006721990494722866
220895,0.0025086350351083784
220896,0.002131958824917692
220897,0.00032574157231247627
220898,0.0033120405850616133
220899,0.00784066308220552
220900,0.0006786869979643086
220901,0.006878628587366761
220902,0.0014675052239964594
220903,0.000952992011998454
220904,0.0006172629309171152
220905,0.0009077420896947401
220906,0.002284985483069405
220907,0.0008947162977978973
220908,0.0004533304726550432
220909,0.004459304980494864
220910,0.000857719960707136
220911,0.0029646042100954064
220912,0.0009659047920843294
220913,0.0010288115294712784
220914,0.0011931149219588043
220915,0.011827148667906429
220916,0.0008995973707090173
220917,0.010178666927008057
220918,0.0004291089889618837
220919,0.0018601335862646836
220920,0.00127877949486987
220921,0.0006062612313928897
220922,0.0025019666096030816
220923,0.0005838063792606128
220924,0.00042944673969581403
220925,0.0006281356641006488
220926,0.006205089521468808
220927,0.008827474130588285
220928,0.0034249478941391276
220929,0.0006344078331930376
220930,0.0009604313694379983
220931,0.00040356629109636083
220932,0.0008709694515306076
220933,0.005054934236001439
220934,0.0006290354113878495
220935,0.0012732221471404978
220936,0.0007047103340726767
220937,0.001010402975650461
220938,0.0008981230066176161
220939,0.001881907946675837
220940,0.00033450490872340485
220941,0.002785041677757472
220942,0.0007920631073186958
220943,0.0005770720741128777
220944,0.0010863176080109602
220945,0.0011965747140668206
220946,0.0007727196954142602
220947,0.0026548437879692515
220948,0.005841745521179861
220949,0.0007966863071347516
220950,0.01055461098346926
220951,0.0004366750377445303
220952,0.0007285253339910413
220953,0.0005086947969410164
220954,0.0024819345867214586
220955,0.0008932553916467638
220956,0.002349500703750698
220957,0.0017336005618424173
220958,0.0006241985469114169
220959,0.0009142340510235397
220960,0.000910410329243829
220961,0.0007360981413949037
220962,0.009828860124141772
220963,0.02032044298261159
220964,0.001855116261240242
220965,0.0009257293105848377
220966,0.0012113958769177497
220967,0.0012776356041473021
220968,0.0014739351600159553
220969,0.0009281972244888569
220970,0.002324039802708651
220971,0.0012859665077067672
220972,0.01033557382570512
220973,0.002332486204858969
220974,0.0007829657538375035
220975,0.00038812650723117804
220976,0.0004715903938406404
220977,0.0015351949252195678
220978,0.0004151506256966265
220979,0.001160881288117651
220980,0.0006847342768882167
220981,0.0051266397949938335
220982,0.0014882626690702575
220983,0.0028206537101815744
220984,0.0008447157263340345
220985,0.007783032327064305
220986,0.0020423167628431803
220987,0.003964423377344988
220988,0.002828207644583248
220989,0.0008805889544003515
220990,0.0007183341289181377
220991,0.0006997346392222902
220992,0.0005168215989153138
220993,0.0009197960539093788
220994,0.0013684062876000763
220995,0.0006818444288050981
220996,0.0029794892322045773
220997,0.0007500420292263465
220998,0.0008442971062054615
220999,0.002559746748067651
221000,0.004169536164292662
221001,0.0005363444427254918
221002,0.003680482115703423
221003,0.002932317856774419
221004,0.0020655203028846747
221005,0.007973918577456982
221006,0.000828530461030651
221007,0.006337885343471694
221008,0.0010848280850087628
221009,0.000844670951668174
221010,0.0011156032156294934
221011,0.0030337829654270287
221012,0.004160267461085741
221013,0.004364569731524184
221014,0.0017329515207590508
221015,0.001676612150562974
221016,0.0006946255664691995
221017,0.003467394415171992
221018,0.0005961872213800352
221019,0.0006759713320007876
221020,0.0009193339054227496
221021,0.0015724311038980841
221022,0.0004012839079028166
221023,0.012708919768226468
221024,0.0009201821719623216
221025,0.0030561382693150025
221026,0.0015729054715661677
221027,0.0030202774289805655
221028,0.0004973590015702248
221029,0.0015107887396529779
221030,0.0013864290706021162
221031,0.0012941036168301972
221032,0.0008000184295231357
221033,0.011881563433278456
221034,0.0007324205600098919
221035,0.000786797251821715
221036,0.0009291967687708156
221037,0.0024395465648746873
221038,0.008703824828210074
221039,0.0021457652457662897
221040,0.0003794811173109489
221041,0.003988444626394021
221042,0.0007535889861634405
221043,0.0006254896247898216
221044,0.0007807726601653551
221045,0.00035805150871149574
221046,0.005968659149506091
221047,0.0010736155113072426
221048,0.0020998039287294283
221049,0.004896748791991472
221050,0.0005919970828705685
221051,0.001042468718114524
221052,0.0010282234363180169
221053,0.001030374067792036
221054,0.001027034587768885
221055,0.004304850356422433
221056,0.0009256278806524028
221057,0.0009289489370905737
221058,0.013019858427665322
221059,0.0011282013560294935
221060,0.0026248941586414424
221061,0.0040447575169305135
221062,0.0005074778115680925
221063,0.0010315258547336304
221064,0.0007936415477586373
221065,0.0013011473866054008
221066,0.0017030685975811665
221067,0.0021683481450733384
221068,0.002960222260591462
221069,0.0006981651846892488
221070,0.0004364772942808807
221071,0.0005309944005611694
221072,0.0003220166394479069
221073,0.010607050098004268
221074,0.000646050060339615
221075,0.0014769879770089942
221076,0.000725547895170583
221077,0.0006375495790503893
221078,0.0006714720167613102
221079,0.009381508298812121
221080,0.00167514446975979
221081,0.0013351623454498957
221082,0.040894072915935734
221083,0.0008201613331518837
221084,0.0020768779142115324
221085,0.0006680895910899594
221086,0.0005676294332962552
221087,0.0007308190639415619
221088,0.9731180952527627
221089,0.0004492530736022838
221090,0.000472685652740667
221091,0.002611020665873267
221092,0.002470804962372678
221093,0.0007001958222907485
221094,0.0018737253890338207
221095,0.002373008904707684
221096,0.0004507294941823961
221097,0.0013860729136493122
221098,0.009495778083142184
221099,0.003766973060254082
221100,0.0016865300304616587
221101,0.008173100104273589
221102,0.0007970624753103586
221103,0.0007958114727361903
221104,0.0005744705770655473
221105,0.00515580679286864
221106,0.00076352306865475
221107,0.0004200566058027328
221108,0.008171423061984845
221109,0.0005687103130742859
221110,0.00437278115543855
221111,0.003156066935876268
221112,0.0018022890860715079
221113,0.006681992838073487
221114,0.000540064595962112
221115,0.0014481681917448636
221116,0.001527592711728264
221117,0.0066992109529270365
221118,0.0032545810616243943
221119,0.0006261019779878941
221120,0.00040899233894867555
221121,0.0009134642832868505
221122,0.00047321386400447696
221123,0.0007713937554281143
221124,0.0007560721982463679
221125,0.021544730509802806
221126,0.0007833068836563028
221127,0.006264130719852942
221128,0.002747296915391894
221129,0.001424880951636693
221130,0.0008291432094331995
221131,0.018696081822146736
221132,0.062237111610338465
221133,0.0012998571873646277
221134,0.0009056483909836374
221135,0.0027339283195950926
221136,0.011074923150038371
221137,0.20067932483594075
221138,0.0021204965603821586
221139,0.018445601573630975
221140,0.0012791972878184866
221141,0.0005362526858017747
221142,0.004092823297204825
221143,0.0005347817316667574
221144,0.0006351190127506761
221145,0.0005435035298115105
221146,0.0005955768863613955
221147,0.0011001070425465794
221148,0.0011881593127261913
221149,0.000988828962519236
221150,0.0007209169016747618
221151,0.0004989999138807707
221152,0.006825475665605583
221153,0.9929491983685694
221154,0.00263614769075034
221155,0.00164653272117143
221156,0.007048067914502142
221157,0.0028196123969665577
221158,0.001510458604414777
221159,0.0007559568682846717
221160,0.0012706782290856302
221161,0.000729481284247927
221162,0.002763138703027403
221163,0.0012060339212316808
221164,0.0006548338447863374
221165,0.0006167237057062778
221166,0.007858121711126109
221167,0.0018599826454027087
221168,0.0012615599334990125
221169,0.00142995144666146
221170,0.0010192207391209896
221171,0.0004934405411070583
221172,0.001581260133803956
221173,0.003807799175233088
221174,0.0004640856600315511
221175,0.002287734268001187
221176,0.0006605687855348072
221177,0.0008479303518517639
221178,0.002029383890475551
221179,0.0014510331659624994
221180,0.0005413228387382971
221181,0.00039822615060767423
221182,0.0019530603362037523
221183,0.0005459907564961656
221184,0.0009423433887547302
221185,0.0018714352509839095
221186,0.0006407648271518065
221187,0.001434921250897835
221188,0.0008359951843480656
221189,0.0017422072092463234
221190,0.0006902826399884027
221191,0.0005710283425586217
221192,0.0008087349971422866
221193,0.0016733465534675002
221194,0.0011463483574121911
221195,0.0014557046871204642
221196,0.012525483580684307
221197,0.009801741145325064
221198,0.0017035201246343402
221199,0.0007013161455129758
221200,0.0004969779550825599
221201,0.050193713917399754
221202,0.0028257425229332024
221203,0.002838240198257915
221204,0.004548573356474506
221205,0.0007768626206469405
221206,0.0005550660137130705
221207,0.0006436306028136568
221208,0.00045074143839062605
221209,0.0018536947968617774
221210,0.0012695834686782565
221211,0.0018715372370856718
221212,0.0012048390620679542
221213,0.0013539419301353663
221214,0.0005391787321616108
221215,0.0004913586021411299
221216,0.00048432371418140937
221217,0.002573299126918847
221218,0.001492390214270979
221219,0.00107053846752037
221220,0.0009489806765902945
221221,0.0005104465110595427
221222,0.002487205047839585
221223,0.0004218088582931657
221224,0.0012241693297099922
221225,0.0007069685845495056
221226,0.0006237917836950707
221227,0.004320168252325443
221228,0.9962868898936273
221229,0.002127113892986422
221230,0.0016458523241746075
221231,0.0013032741937621466
221232,0.0004817320521783864
221233,0.0005831030308484103
221234,0.001265607730347572
221235,0.0011618643472707897
221236,0.0018012009874472411
221237,0.0007014319452189669
221238,0.005261537809843482
221239,0.0012181772721846912
221240,0.0011486787321930726
221241,0.002386557472368908
221242,0.0022032597761863903
221243,0.0004961169207801086
221244,0.0013321741995043824
221245,0.013244414470932764
221246,0.0022012680681243444
221247,0.000686943293375904
221248,0.004973016296799124
221249,0.002169725232775761
221250,0.0064997696001006765
221251,0.00336497531356898
221252,0.0007125665469098258
221253,0.000837992983852033
221254,0.0007717456998128339
221255,0.0014842099768602977
221256,0.002972038060341354
221257,0.0015123717491927274
221258,0.0037663947852973672
221259,0.039854389539049934
221260,0.0005944425223295718
221261,0.004137548612664583
221262,0.0010538295879595496
221263,0.000416851019236119
221264,0.0015631518636675663
221265,0.0006782113128587199
221266,0.0014338548706092
221267,0.000871075299585978
221268,0.0016034294578404448
221269,0.0006187200577761523
221270,0.0015645848307366487
221271,0.00039221208595922267
221272,0.000856520453874671
221273,0.001650746927008553
221274,0.0007659985851702655
221275,0.000535518989152924
221276,0.0005819458848510285
221277,0.0010298879203264877
221278,0.00043491690836199335
221279,0.0006108810663006308
221280,0.9958596177736048
221281,0.000523691366513785
221282,0.0007999021516073236
221283,0.0023741317744973307
221284,0.0005651409373117781
221285,0.04641394953257019
221286,0.0013339829279547758
221287,0.0027765917663918546
221288,0.0015221085029191784
221289,0.0014171114105533877
221290,0.0006051528305819421
221291,0.0008097359030259566
221292,0.0039617669274279125
221293,0.003529422659769796
221294,0.009052583583956254
221295,0.00830895710216556
221296,0.0007807856742529572
221297,0.000865072601799843
221298,0.002592559528931544
221299,0.0015087888810113442
221300,0.0007476334729783418
221301,0.0033773988220542205
221302,0.0007049165586129212
221303,0.00327373035252835
221304,0.0006634980197825414
221305,0.0013214043868576726
221306,0.0006981267854864003
221307,0.001502504492719745
221308,0.005485547225338753
221309,0.0004875763580051078
221310,0.0006996300290698385
221311,0.0012520130611239485
221312,0.002266224445894996
221313,0.0009049704979692044
221314,0.032014240022321894
221315,0.000739766107720242
221316,0.000847065375545863
221317,0.0018814966836531999
221318,0.0009198651410589757
221319,0.004068845487199489
221320,0.0005004133517731217
221321,0.0015747745145932746
221322,0.0016678475339323162
221323,0.0012702406072512672
221324,0.0006843350969320324
221325,0.0008043766346429448
221326,0.0004501875609784733
221327,0.006898211216715473
221328,0.001168363244586093
221329,0.0019290845826272999
221330,0.0007285578611046448
221331,0.001339636858744627
221332,0.0010646264749934
221333,0.0010779409832271168
221334,0.0011109146518548392
221335,0.0009140526278126648
221336,0.001790086100325047
221337,0.0012876214397427354
221338,0.0008832138189615037
221339,0.0007283222186325355
221340,0.0004994226463695408
221341,0.005543251585845952
221342,0.005647437642933581
221343,0.0009314274508554997
221344,0.012045887694607129
221345,0.0012077263721127019
221346,0.0005749975458701896
221347,0.0005655523430310901
221348,0.001289839852168882
221349,0.005092758476556401
221350,0.000581327362871298
221351,0.0006339148578778757
221352,0.00469363862784658
221353,0.0011342245616605766
221354,0.000363820354032917
221355,0.0008230364184111912
221356,0.0014839655518486584
221357,0.0009537696300280843
221358,0.004434596726869777
221359,0.0007659658081759127
221360,0.0008367807631405366
221361,0.002987619511112997
221362,0.003025280845692541
221363,0.000947787382329458
221364,0.0007534788601793398
221365,0.0607720231953605
221366,0.0015038554805752577
221367,0.002412029021318747
221368,0.0005508673061906203
221369,0.0007437557255982307
221370,0.000499840800904355
221371,0.0010613420739152054
221372,0.001767013585904151
221373,0.0006440861968367902
221374,0.0015098896445379828
221375,0.0009438320845387299
221376,0.0022229596388742808
221377,0.0004522461635123741
221378,0.01200670381383759
221379,0.0007591985708656741
221380,0.0004671500849251799
221381,0.0019845326179195005
221382,0.002047526809852959
221383,0.0024823584004459217
221384,0.0052217854076875864
221385,0.003068588762207262
221386,0.0010675842737440763
221387,0.0008399604961012344
221388,0.0013005973932323422
221389,0.0006079813625218761
221390,0.0018466652419348454
221391,0.000678437061766746
221392,0.0009174482828178301
221393,0.0007243317385996845
221394,0.0011846582415725479
221395,0.0013131764956756048
221396,0.0009422663210121151
221397,0.00044785521687867787
221398,0.0006097259978717888
221399,0.0022165552507267434
221400,0.00045495639569909763
221401,0.0013339674890932712
221402,0.003377996949607059
221403,0.0009323496920970295
221404,0.0013035597839634997
221405,0.002275166982815414
221406,0.0005006027992838026
221407,0.0022511537913830204
221408,0.002064934694680022
221409,0.003945043737128903
221410,0.004182296727984407
221411,0.0007269254431171645
221412,0.0007916021037943455
221413,0.0008318970524363119
221414,0.0013006267629153572
221415,0.0006495881084230158
221416,0.0014900152058454337
221417,0.0008217305283498648
221418,0.0005919952426056221
221419,0.013134128884697595
221420,0.0007988592537672601
221421,0.002465334115182458
221422,0.0005791326678944199
221423,0.0015880270132345477
221424,0.0005748192975536049
221425,0.019544824606418938
221426,0.0006668352540304492
221427,0.07881338039357942
221428,0.0013791905804979687
221429,0.00734851548435295
221430,0.004170374746320888
221431,0.0004063842516955168
221432,0.0008113147445029543
221433,0.0006800469874722133
221434,0.0007181472394065349
221435,0.0032869565335362045
221436,0.0009691644564102932
221437,0.0018416355701211039
221438,0.07647893257416064
221439,0.0015565816333530781
221440,0.0005881218715399039
221441,0.001432019691224033
221442,0.00173739676686563
221443,0.0006847642296359127
221444,0.0012742431188510087
221445,0.002404499762409111
221446,0.00063378126376292
221447,0.0006547121165203381
221448,0.0038751540716573636
221449,0.002696582301279035
221450,0.000590337962563313
221451,0.0019172807420231378
221452,0.0010480677909242178
221453,0.010716859641907852
221454,0.001363334016899214
221455,0.0005406812069412221
221456,0.0009271686982053021
221457,0.000997197210306064
221458,0.000992336113062962
221459,0.004532519709562197
221460,0.0019791031427798212
221461,0.0017453575445088784
221462,0.001059495759144775
221463,0.000579773182904835
221464,0.000699271585884678
221465,0.004868855697245675
221466,0.0008795028339641077
221467,0.008570715440790189
221468,0.0016669803483428548
221469,0.005230897523318158
221470,0.0006246626822739567
221471,0.0008901085578055027
221472,0.000630475942902884
221473,0.0008659710329571048
221474,0.0006507269284070612
221475,0.04554278172720998
221476,0.0010213344812468564
221477,0.0007641853411587568
221478,0.0006668951062143526
221479,0.0004826345269288664
221480,0.0005370691464426555
221481,0.0006595093238690023
221482,0.0007414494029838619
221483,0.0020158461823832426
221484,0.005041999544989005
221485,0.0007058631840168336
221486,0.0019373631662998028
221487,0.0038991584823776285
221488,0.0013127742527406143
221489,0.0005757239707558947
221490,0.0013913013955179424
221491,0.0020259510224740866
221492,0.0014178332170008447
221493,0.010407070866925428
221494,0.0007107065318425144
221495,0.0012181621870487771
221496,0.0005990854318400805
221497,0.000977657126575724
221498,0.0007713627091886703
221499,0.0004943473655538403
221500,0.0010270439340317589
221501,0.0010976746564998658
221502,0.0009981750159366622
221503,0.0007877369373121878
221504,0.0011090008946056684
221505,0.001424652320541067
221506,0.0458120241230974
221507,0.011287464414649197
221508,0.0024371038700201782
221509,0.0053402223871934305
221510,0.000626271960252504
221511,0.0008596075736738941
221512,0.0007461249777000617
221513,0.0013327632028466581
221514,0.005187702028173604
221515,0.0009641042711780287
221516,0.0029738384860752763
221517,0.00431382968961603
221518,0.0006936234333187591
221519,0.0009536898702918748
221520,0.0006998303406301607
221521,0.004439253923002115
221522,0.002174968893039648
221523,0.002246998650310317
221524,0.0008509704892017147
221525,0.0901718089950376
221526,0.0007627080951513286
221527,0.0014985930344561542
221528,0.001541097452904882
221529,0.007538261295201313
221530,0.0006501827946057103
221531,0.0007288606648451124
221532,0.0006992630872973736
221533,0.0028686010037322247
221534,0.0007593852267751463
221535,0.005750575525806106
221536,0.0011035430317466058
221537,0.0018866999098440605
221538,0.0006708110931036073
221539,0.0005761195631149915
221540,0.0007519907343609057
221541,0.000923949399280013
221542,0.0009418630281031216
221543,0.00274318928720691
221544,0.0008628992447416839
221545,0.0005991876987273771
221546,0.00956896590172306
221547,0.0009363383265991749
221548,0.0013605944191049347
221549,0.0005605608248918555
221550,0.0007287973277939307
221551,0.0006619619384023714
221552,0.000521654620592114
221553,0.0006479121592908763
221554,0.00530111715068425
221555,0.0006687409592316179
221556,0.0008250179755476225
221557,0.0145646562472001
221558,0.0010834385832973468
221559,0.003563984093696777
221560,0.0021707836834775228
221561,0.0008124592198494204
221562,0.0009612757408661473
221563,0.0010482886775747273
221564,0.0031323382572621397
221565,0.0031808959404997523
221566,0.0062214240646838795
221567,0.0005747821018927115
221568,0.0005708637886217862
221569,0.0009480799818947064
221570,0.00076905010346836
221571,0.005103100307416127
221572,0.0014272491739501392
221573,0.008929431772403608
221574,0.0008306471456270214
221575,0.00463246792305007
221576,0.001071546850947723
221577,0.0006431614877668029
221578,0.00232173929631092
221579,0.0017384026682832278
221580,0.0022995779096386133
221581,0.002341830459572884
221582,0.0005965396866934978
221583,0.0006418981480092606
221584,0.0005491711250724995
221585,0.0008210948170054012
221586,0.002606723672509445
221587,0.0016526438989913255
221588,0.005518161722744881
221589,0.006271300551640964
221590,0.0011012975778411083
221591,0.0005608481847575446
221592,0.0015347451235609003
221593,0.0007511351829886431
221594,0.0008449209382760357
221595,0.0004544737060541556
221596,0.002776615615000779
221597,0.00048320446693383057
221598,0.00115415307054714
221599,0.0006715490912365099
221600,0.0005718034980405394
221601,0.00708209945627275
221602,0.0005501759189171919
221603,0.0027840783614226892
221604,0.0006328490411501588
221605,0.0005801454989246232
221606,0.0014659540169233824
221607,0.0009308812427988135
221608,0.0016638236748546579
221609,0.003988706235068926
221610,0.0007204370442274854
221611,0.003998666364845662
221612,0.013124421494661592
221613,0.0007852535149616095
221614,0.0005127594831743736
221615,0.0015291882140971635
221616,0.01021412466761907
221617,0.0015601952696488392
221618,0.007768119246001851
221619,0.002174928128346665
221620,0.001299829349730748
221621,0.0015888264809610683
221622,0.0008699504597447438
221623,0.015474536813993196
221624,0.033704140966990905
221625,0.0008400274839771734
221626,0.0010898399782441211
221627,0.0006013354667760667
221628,0.008014320253242993
221629,0.0013949125174828967
221630,0.0029401040211663385
221631,0.00048714250739923394
221632,0.032332234780470516
221633,0.01583506688783995
221634,0.0005387341173951034
221635,0.0006294068915145867
221636,0.002137512886157848
221637,0.0015841616856431839
221638,0.0008053923013303484
221639,0.0007937512243442968
221640,0.0008998365442474154
221641,0.0005574512216244612
221642,0.0029312960575198096
221643,0.0007319295340565872
221644,0.0006810803680702426
221645,0.0018297560791167026
221646,0.002817840035411516
221647,0.0007215827022181723
221648,0.0006404454671269197
221649,0.0013226251874223333
221650,0.0029464012384992208
221651,0.0007207314947547612
221652,0.0012500344302854727
221653,0.004480155606430655
221654,0.001097126876867944
221655,0.0011821789098729993
221656,0.0006109913122990946
221657,0.00048663764386479595
221658,0.0032575777519326266
221659,0.0010477849160461853
221660,0.001476038718439588
221661,0.0011788562993111954
221662,0.0009635411342174772
221663,0.0033250620504507254
221664,0.01654918337685241
221665,0.005557905629502017
221666,0.000928644425420924
221667,0.00044712004808710956
221668,0.000522129569732303
221669,0.0010081752569131152
221670,0.0005752088768735625
221671,0.0006919949442830122
221672,0.0004999312076803775
221673,0.0008140482789509606
221674,0.0024955294767876985
221675,0.000507573226923223
221676,0.001488558052628299
221677,0.00046510051313244477
221678,0.0005307583630294932
221679,0.0006246978997375337
221680,0.00953389565733468
221681,0.0008457754191313287
221682,0.0006068190874976406
221683,0.0019885156372122046
221684,0.002077062598947763
221685,0.0015830954597286218
221686,0.007094089592792415
221687,0.001109244535884874
221688,0.0007318226779179974
221689,0.0008983161220255043
221690,0.0005238543481495229
221691,0.0019944599931949352
221692,0.0009209860109561602
221693,0.004194952908713897
221694,0.0005845341925969553
221695,0.000939475819645287
221696,0.005519035948290223
221697,0.001893596761573386
221698,0.0004663371966738731
221699,0.0034902616608842108
221700,0.0032797110504573517
221701,0.0009054346014278154
221702,0.0007049728185996979
221703,0.016164267716643303
221704,0.0010227060408077257
221705,0.004161392885874714
221706,0.0012118520807805943
221707,0.000971517989854785
221708,0.002015800712439229
221709,0.0007745202075762176
221710,0.0023417458841903114
221711,0.0005727312187803456
221712,0.0029160862050656763
221713,0.0008171001405352753
221714,0.000666219825180769
221715,0.0007961236082140074
221716,0.0007725036497724393
221717,0.000897153010505961
221718,0.0012603730747748165
221719,0.003516502210790357
221720,0.0012587921140306277
221721,0.0008765448139882345
221722,0.0004727754487167749
221723,0.008976662670946043
221724,0.006547758001279229
221725,0.0005850918613280404
221726,0.0012612262601887222
221727,0.0003579237149043482
221728,0.0012293958650724695
221729,0.0006557092280753524
221730,0.0017629507174761506
221731,0.002992969367731634
221732,0.004039628727161888
221733,0.002761212245788878
221734,0.0007712133674240459
221735,0.0023943984535152547
221736,0.0008505794250289737
221737,0.000637035346058721
221738,0.0033568798794534113
221739,0.00047102546585121126
221740,0.0008781081514387297
221741,0.0013385217993916862
221742,0.0010759784745309768
221743,0.002421075534018365
221744,0.0006499544281866628
221745,0.0013102323985207428
221746,0.004187784217461453
221747,0.0005934395666673863
221748,0.00046163220647647363
221749,0.005561674428532917
221750,0.0006246845662527671
221751,0.0009336463398368338
221752,0.0006327705891305266
221753,0.0013047067728618775
221754,0.0004846097271396921
221755,0.0006087056855603859
221756,0.0007328605134259421
221757,0.0016524800253825773
221758,0.0014772632451435764
221759,0.001959450359215637
221760,0.0008985761468780546
221761,0.0007753696853903345
221762,0.0005026726633729823
221763,0.0007570881247822982
221764,0.0006212725876041196
221765,0.0006029164302121707
221766,0.0005203029543645911
221767,0.0011618241877834118
221768,0.010988070691028268
221769,0.0004642579436201748
221770,0.0011325184878231164
221771,0.0011261072221886667
221772,0.0007936053939508675
221773,0.005463705223929271
221774,0.0005586594653499503
221775,0.0025712822629111788
221776,0.0005245694964873362
221777,0.0013101023899832354
221778,0.001515979183876601
221779,0.0024457673788578476
221780,0.0005519319286703874
221781,0.0006991608707045819
221782,0.008962140788924457
221783,0.0004226464097048175
221784,0.007702234337548224
221785,0.0008822452822073325
221786,0.008882428721811502
221787,0.0005492741854204287
221788,0.004467268486250781
221789,0.0007802254079939824
221790,0.0006322428711411348
221791,0.0013518249090696795
221792,0.008085031119271967
221793,0.0004781016297473701
221794,0.0008208023959217561
221795,0.0021595763798789233
221796,0.0007924799638446431
221797,0.0006215292935836223
221798,0.001086788343646466
221799,0.0011313146107000932
221800,0.0006802312675727447
221801,0.0007896787807260548
221802,0.0009195714629032326
221803,0.000976637666561482
221804,0.012500583079947645
221805,0.02582196818580313
221806,0.004262896942303897
221807,0.0008376176148542137
221808,0.002199167836880647
221809,0.0006566021333356979
221810,0.002041742452624947
221811,0.003236712931523963
221812,0.005035086875322737
221813,0.0005310310409101945
221814,0.0010839433351002893
221815,0.000814873774201717
221816,0.0009542759755715013
221817,0.001112597458343031
221818,0.0010052872781560645
221819,0.0006726920923579114
221820,0.0005892943244431628
221821,0.0005927034773133843
221822,0.0017086327840520558
221823,0.0073123523273852
221824,0.0006115622940974751
221825,0.0008611719539072264
221826,0.0007693484724552676
221827,0.000769869817874564
221828,0.001691661319206571
221829,0.0005372695401986502
221830,0.001429236036771007
221831,0.000891206759081585
221832,0.0018463627679740544
221833,0.0007114292786321256
221834,0.004571436332201783
221835,0.0006423593309302941
221836,0.0006186751943046393
221837,0.000761926758919911
221838,0.0005908463973022111
221839,0.9970991593981697
221840,0.004427099118080886
221841,0.0011510394915944238
221842,0.0007421668894055849
221843,0.9931419906080812
221844,0.0005163822798275609
221845,0.0016976475069970464
221846,0.0026058136317090716
221847,0.000683296728172958
221848,0.0009163488820629142
221849,0.00043549608231694184
221850,0.001088203427129514
221851,0.002115340076299956
221852,0.0006657132575247282
221853,0.0020783364702197946
221854,0.0007041504775423463
221855,0.001839880402934505
221856,0.0011814627727028694
221857,0.0005977839689998913
221858,0.0005315810963318175
221859,0.0008568017067181436
221860,0.0006655726354908218
221861,0.0006797860103238428
221862,0.0005175821901910532
221863,0.0010920186528278059
221864,0.0009364610111462204
221865,0.0025897517872697385
221866,0.0004923011435773252
221867,0.002024626121486504
221868,0.0012806304301473562
221869,0.0013664779460609987
221870,0.0012651333884088896
221871,0.0007987034626740185
221872,0.001816218016390631
221873,0.0010591096939694962
221874,0.00045871241060731216
221875,0.0004676940694991504
221876,0.001639157223051007
221877,0.00046938207483931195
221878,0.0005779913540434388
221879,0.0005727603510733302
221880,0.00088215975335168
221881,0.0008666235672248987
221882,0.002128957374080251
221883,0.0026591646563466987
221884,0.0007620984558065912
221885,0.0036355626008165373
221886,0.0017124513172951101
221887,0.0005544527080234912
221888,0.0005012411176649179
221889,0.003113111249242798
221890,0.0009088365479547006
221891,0.004340381009485179
221892,0.0013508429812628623
221893,0.000993792892333039
221894,0.0006934122166308181
221895,0.000757440961592045
221896,0.0005531616536372692
221897,0.0031730962921311203
221898,0.0007870619025141311
221899,0.006078068610729022
221900,0.0007841142900224926
221901,0.0022504033270376745
221902,0.0003553596566183621
221903,0.03256916759844807
221904,0.0009210977813846389
221905,0.0009794454983074966
221906,0.0009099987382982983
221907,0.0029591944700659628
221908,0.0005644211076563075
221909,0.0007546381494932637
221910,0.0006883411320118543
221911,0.0008046113106130683
221912,0.0008482636170366227
221913,0.0011728967606434426
221914,0.005445392539864626
221915,0.0005872721158785405
221916,0.0013498725924122248
221917,0.0008035955283908684
221918,0.0006290508985362544
221919,0.0005872716477665759
221920,0.002374593555419427
221921,0.0006116373118730949
221922,0.0006757210783720495
221923,0.01964637544977539
221924,0.0009225201867109555
221925,0.0007383885411511035
221926,0.002340133327181305
221927,0.001230793557325866
221928,0.0023415970726676275
221929,0.0013032973539018895
221930,0.00046793048689843555
221931,0.0077177914963944055
221932,0.001598297628497486
221933,0.0005113250261332536
221934,0.003473145263638385
221935,0.000806867609164813
221936,0.0007231608931872833
221937,0.0004916022432628807
221938,0.9954671328941044
221939,0.9946494644039046
221940,0.004331611929663148
221941,0.018218463543154133
221942,0.006317264897406656
221943,0.0005065231655973904
221944,0.0008114427110208315
221945,0.0008967159873421223
221946,0.9975982421722512
221947,0.0006643882253967496
221948,0.0021104524372912658
221949,0.014326154478689148
221950,0.0009407513973213122
221951,0.01464511663382348
221952,0.0004652062289633766
221953,0.0006562057631734246
221954,0.0019070446587002563
221955,0.0036531412885819933
221956,0.00045947011174957424
221957,0.0004884491391081132
221958,0.004462088633401329
221959,0.0005912802879884391
221960,0.0006400821554891783
221961,0.0006829433630468748
221962,0.0009156920169192887
221963,0.0006546339493072071
221964,0.0007044132565549126
221965,0.0007610550266103766
221966,0.0006770055879206762
221967,0.0009958272644693636
221968,0.0008657378858810956
221969,0.0008946759659435738
221970,0.004265382825129681
221971,0.0005912982785520834
221972,0.0005276177749240551
221973,0.000529306275713298
221974,0.0008751388394579263
221975,0.0008632487418951841
221976,0.0013470543451945887
221977,0.0005969710752244877
221978,0.002716638452071482
221979,0.003737871165739037
221980,0.0013100448374696115
221981,0.0013062179521896372
221982,0.0026073472725337806
221983,0.0012501171870963894
221984,0.005846137683744297
221985,0.000579147704077909
221986,0.0005083897502142985
221987,0.0004706619762347957
221988,0.0011755338016517726
221989,0.0011488311871736493
221990,0.0007526417889826484
221991,0.0003824369511594552
221992,0.001072027905827223
221993,0.0010267794058588027
221994,0.006664592884535578
221995,0.001065128607439712
221996,0.0030750359653849164
221997,0.004394819658641046
221998,0.0008776136077471147
221999,0.0008495664386891257
222000,0.0009940214779536338
222001,0.010282114190607317
222002,0.0826530558702217
222003,0.0009664279250968856
222004,0.00045685760570000943
222005,0.001086304095005791
222006,0.01244886080071455
222007,0.017631821512847787
222008,0.0006097906590772672
222009,0.0015381399592198594
222010,0.0009529704431562901
222011,0.000843328415918474
222012,0.0007048121046631856
222013,0.0008038614432306554
222014,0.0007340749709977783
222015,0.001703640169017317
222016,0.0006661644399521098
222017,0.0008905284463057029
222018,0.0034022678928831555
222019,0.002542790713598976
222020,0.0008822066308876882
222021,0.000475496127159644
222022,0.00046401624119244404
222023,0.0007155683849176193
222024,0.00980721314561125
222025,0.0015224794198656735
222026,0.0010814917763408848
222027,0.0008724880276041699
222028,0.0005831461173518454
222029,0.0025607857447372054
222030,0.00073790759417694
222031,0.0017164693102946365
222032,0.0011880948003053357
222033,0.0005837693273859626
222034,0.0028157695007091426
222035,0.0007034667153117458
222036,0.0006081020023943633
222037,0.0005313434510186203
222038,0.0005930497745195449
222039,0.004132809518494815
222040,0.0008596592159421735
222041,0.001526328712046437
222042,0.1587533015273722
222043,0.0008869308730691249
222044,0.0021511496852701963
222045,0.0008046332244503426
222046,0.0004587313226199004
222047,0.0006497340514574605
222048,0.0014950994746777146
222049,0.0003067067346115184
222050,0.001122624440570358
222051,0.0007093087589819314
222052,0.0005722737843848879
222053,0.0004287538523300223
222054,0.0017313625885848173
222055,0.005357454829859832
222056,0.003851782968164146
222057,0.00034838670448944243
222058,0.0008046810027256078
222059,0.0015409777304731128
222060,0.0006028883924025176
222061,0.0009034570953171432
222062,0.0010737703830355392
222063,0.0017919241819452118
222064,0.0005627965578458629
222065,0.02256128121393841
222066,0.0022292164777451087
222067,0.0007596892811648833
222068,0.00043189654376131286
222069,0.004835742340795854
222070,0.002171776106617067
222071,0.00046342528711238763
222072,0.9971419179047485
222073,0.0006489859418348408
222074,0.9991144425576264
222075,0.008213670235358695
222076,0.001496770381888716
222077,0.004373446722568314
222078,0.0006703713092609138
222079,0.0010892687170873374
222080,0.004701212539036935
222081,0.0021568040149273736
222082,0.0005437868041121936
222083,0.0005065366950379392
222084,0.0008790205223740083
222085,0.000534479385514357
222086,0.0022221448320952097
222087,0.0008152147974615067
222088,0.016957670153603305
222089,0.00042536588980172696
222090,0.0006507123100268584
222091,0.0018828055031784659
222092,0.014407730563437075
222093,0.0013077474404766965
222094,0.0015039707356710348
222095,0.0008207729611156863
222096,0.0022861318637488787
222097,0.0013662099234746836
222098,0.0015124780763257268
222099,0.0020027534874013275
222100,0.0004644425022034926
222101,0.012195243988971552
222102,0.9929775478102855
222103,0.0014108482935975054
222104,0.0009641126629148396
222105,0.0010331632422567647
222106,0.0014796092523481944
222107,0.0005782425041030109
222108,0.0006121816210123313
222109,0.000496392260736739
222110,0.001625011888242512
222111,0.03485446159582723
222112,0.0004071214255950951
222113,0.000560053866774541
222114,0.0005752426244549904
222115,0.000968049351472904
222116,0.009967941276828044
222117,0.016242293186450155
222118,0.0017239224225180346
222119,0.013215546691378588
222120,0.0010465126118424425
222121,0.0007737800591870611
222122,0.0066400767406007595
222123,0.07466049437830823
222124,0.0010630109484196658
222125,0.9955869353377043
222126,0.0016615011773745674
222127,0.0012564632076379554
222128,0.0007194939593501822
222129,0.0007404785705775617
222130,0.0029994068391731997
222131,0.006152744771139827
222132,0.004167798554868849
222133,0.027506615018976097
222134,0.0005483220344109293
222135,0.0017911091892044704
222136,0.0004980382321898705
222137,0.0004942172446181778
222138,0.0007828456143256098
222139,0.00045702949225773454
222140,0.0004820979349536413
222141,0.0005509152095585461
222142,0.006128912456433669
222143,0.0037411028431283576
222144,0.0029009872038581585
222145,0.0008145238640352274
222146,0.0008164812259629645
222147,0.001108975772930482
222148,0.0005387327389261803
222149,0.000783895258799633
222150,0.006503102053079551
222151,0.0005096711753881904
222152,0.00475340158237653
222153,0.003944289668936938
222154,0.0008671905128379129
222155,0.0005142370310941368
222156,0.0005193727336022117
222157,0.0014791560734833133
222158,0.00047316011977695043
222159,0.0015661486301470125
222160,0.0005914214722719392
222161,0.0017731621111999175
222162,0.0019796556689324054
222163,0.000746567417306083
222164,0.000509637310809915
222165,0.00046461783846211036
222166,0.0025136557432810036
222167,0.00046656385914249106
222168,0.0009352798627001702
222169,0.0007117339218173748
222170,0.0004381181902547069
222171,0.0012604143925494561
222172,0.0012028183099473252
222173,0.0007304033891918579
222174,0.0017781562228296637
222175,0.0005428375868308307
222176,0.000695244653004783
222177,0.0007430101860218469
222178,0.0006780472281974046
222179,0.009499712422801308
222180,0.00129658381602908
222181,0.002589804849917274
222182,0.0007348237502925797
222183,0.0019081029042231808
222184,0.0013421586240177918
222185,0.0007475201511698208
222186,0.009028315260127089
222187,0.007299670014507318
222188,0.0037174318006893605
222189,0.002162560644905256
222190,0.0003816441345011924
222191,0.01046721162357806
222192,0.0005553831570029038
222193,0.0024300431483467197
222194,0.0004907784296601871
222195,0.0010166807935386368
222196,0.0006001460722906509
222197,0.011922636441429386
222198,0.0005622104729372026
222199,0.0010801509895649625
222200,0.0012348578868288927
222201,0.11918233226436567
222202,0.030236350606618577
222203,0.0008434111151263168
222204,0.0011090945801317436
222205,0.0021792218377686473
222206,0.021261026666627065
222207,0.002663527649380117
222208,0.0007499847560331653
222209,0.0012463983731982851
222210,0.000467739014999918
222211,0.00047007702028848493
222212,0.010015443824906396
222213,0.007365287874834868
222214,0.000532133876859075
222215,0.005930409284890137
222216,0.005838591329275399
222217,0.0030393552003344527
222218,0.0062700360135964
222219,0.0006515889872515423
222220,0.000581396516755891
222221,0.0017363294878087548
222222,0.0006270866732104661
222223,0.0005809855050018202
222224,0.0005748229675477696
222225,0.0011711728086297366
222226,0.03501735763805943
222227,0.00040043795095328884
222228,0.002072337363536563
222229,0.000810150620085865
222230,0.001066735018227778
222231,0.002033684419124927
222232,0.0005808828264975538
222233,0.0017766871516707028
222234,0.0020498439716947173
222235,0.0010176633937521598
222236,0.0010902710709090918
222237,0.0005782130956257952
222238,0.0038659751664339723
222239,0.00926981625067168
222240,0.0007426912773051753
222241,0.0006127692074079881
222242,0.0008046279067426548
222243,0.0005660834266898508
222244,0.004194693701183607
222245,0.0035223393756370286
222246,0.0006695480299093877
222247,0.001507876851067349
222248,0.0005027156547213532
222249,0.002396313042650612
222250,0.09706650817952768
222251,0.0005865001240231195
222252,0.0006546226730957806
222253,0.011578121737024522
222254,0.0013670389872940442
222255,0.0009075644092852391
222256,0.010196490043304585
222257,0.0007711361797411066
222258,0.0054210823329550045
222259,0.00044094697670882623
222260,0.0014588177650620843
222261,0.000740331240549872
222262,0.0007146145234214205
222263,0.005737300099126175
222264,0.0004776262090483938
222265,0.00046897970450576043
222266,0.0044508947105765945
222267,0.003920164937154786
222268,0.0011066158768954534
222269,0.0013642487565471836
222270,0.0015040104972648101
222271,0.0006778065028814602
222272,0.0004006118136142447
222273,0.0008072130627069434
222274,0.0006605475713357189
222275,0.0006154140565778968
222276,0.001097474772582837
222277,0.0009964791982985822
222278,0.0011893456094997556
222279,0.033602806026828434
222280,0.0012959188409576773
222281,0.006455805694419296
222282,0.0005946936095166653
222283,0.0006856610645668496
222284,0.0005971075820107556
222285,0.003768254828948152
222286,0.0006724263662489739
222287,0.0008524263309467738
222288,0.008849308554367982
222289,0.0009287399026759757
222290,0.0016992831871119544
222291,0.0008448714456931358
222292,0.000853930981219368
222293,0.001240622043377675
222294,0.0011105619129420205
222295,0.05858865705254388
222296,0.0007244264436341211
222297,0.0007283263403896709
222298,0.0005189969279226687
222299,0.0008985795302220928
222300,0.0012182721549618821
222301,0.20059511837540922
222302,0.0017149218079313656
222303,0.0005963500323753906
222304,0.000569075898886014
222305,0.00184407128539339
222306,0.000746909379302998
222307,0.0010261755722677293
222308,0.0020513544347134476
222309,0.003463461059186091
222310,0.00044004181225957477
222311,0.0004329413208371864
222312,0.0005705690671450389
222313,0.0008093858527021371
222314,0.0006968831170618689
222315,0.0024142286551858995
222316,0.0008453623088155868
222317,0.001083783178242197
222318,0.002449906596069912
222319,0.00342826742234887
222320,0.0016799173130246613
222321,0.0005903598220730165
222322,0.0011608371763216865
222323,0.0007323108521347317
222324,0.011930318290866226
222325,0.003104006678408396
222326,0.0008578244821424745
222327,0.0007711142765687771
222328,0.0009866379225302964
222329,0.0022444256980125917
222330,0.0005476229186434779
222331,0.016870152796059128
222332,0.005674859634909958
222333,0.0068640014685485105
222334,0.0005384058654053055
222335,0.0012303847693151276
222336,0.0006645811080909456
222337,0.00039528821087049076
222338,0.003530865115314887
222339,0.002037927790511751
222340,0.0006152591185210336
222341,0.0007336883671560511
222342,0.0017327152621826976
222343,0.0009214658050787212
222344,0.00043096173079476774
222345,0.0009040164483649114
222346,0.005358518735408246
222347,0.0011333188143350776
222348,0.0007208796371422828
222349,0.0006374863859912115
222350,0.001608134324735143
222351,0.009351068916006894
222352,0.0005258686905105649
222353,0.0017714498404618818
222354,0.0007094161248471773
222355,0.0007650453236358402
222356,0.0006592769964700656
222357,0.0005352571943855826
222358,0.0031962187059304857
222359,0.0004909513386559342
222360,0.004727996147603247
222361,0.0005982247543760156
222362,0.0019769783717483993
222363,0.0027561603089085226
222364,0.0018487920146442655
222365,0.0069450593633902545
222366,0.0048992340363877415
222367,0.000805502548755766
222368,0.0006611501822855306
222369,0.0009037353804977691
222370,0.0013602515854439104
222371,0.000656497524347936
222372,0.005845866043556655
222373,0.0015259105122038853
222374,0.0009848088287719684
222375,0.0006321886684107004
222376,0.00032959077325389976
222377,0.0005187138276803381
222378,0.001014623366128387
222379,0.0007595898830498676
222380,0.0015538405643720798
222381,0.9982356434905981
222382,0.0017881692248764075
222383,0.0007874324159022188
222384,0.0007124981027162105
222385,0.0015734698096867249
222386,0.006034806277097163
222387,0.00104286365469386
222388,0.0007624508693842469
222389,0.0009914487516790686
222390,0.000668980573655409
222391,0.0025628558709951147
222392,0.0006575123101246227
222393,0.0010258061185305135
222394,0.000705853262772065
222395,0.003431408903614215
222396,0.0008972818596629138
222397,0.0007186624187456941
222398,0.002141895609141318
222399,0.0005175824134057354
222400,0.003207355728980928
222401,0.004043067206093181
222402,0.0005288881029090036
222403,0.00046108805100189727
222404,0.004614466579444904
222405,0.0004950988018192265
222406,0.0007555468874313992
222407,0.0007598613310020284
222408,0.012686159359332368
222409,0.0010088903280662035
222410,0.0005098874352759614
222411,0.0023444279399835706
222412,0.0008700781801075999
222413,0.0006722512490503812
222414,0.0026294513964622746
222415,0.0007002034321089566
222416,0.00045597765495777827
222417,0.000626133614375411
222418,0.0005143476835583606
222419,0.006217238849197577
222420,0.000758232613177535
222421,0.0005775759053317477
222422,0.0005995588372893113
222423,0.0010109354253550291
222424,0.0011887766922654822
222425,0.0012795314338246385
222426,0.010999522861871457
222427,0.004778543791171798
222428,0.0006791621734059314
222429,0.01009838034234189
222430,0.0008868948030653233
222431,0.0006826941297132503
222432,0.0005330785620939403
222433,0.000457001393728775
222434,0.0008645705933054398
222435,0.004968832104107063
222436,0.003747357305176166
222437,0.000669779344377396
222438,0.001718043251523461
222439,0.0022938496457728733
222440,0.0005094760332672374
222441,0.0018225644525805954
222442,0.20068578910161913
222443,0.0020013603684500415
222444,0.0006685496510049197
222445,0.0010083812721539667
222446,0.0034938295146304905
222447,0.0008080929641922916
222448,0.002615969079233278
222449,0.001006949928190484
222450,0.00037979797347746245
222451,0.0017357688490877194
222452,0.0007540581098847688
222453,0.010491662964860874
222454,0.000494222836985388
222455,0.002625249404814363
222456,0.20042884183749315
222457,0.0006073880753202497
222458,0.003066345449536934
222459,0.0046940604914392356
222460,0.0007118786766715554
222461,0.0005077710395760294
222462,0.0006793408386343644
222463,0.0006012643093540402
222464,0.002477986395914424
222465,0.000757319367796316
222466,0.054429737731685066
222467,0.0013718131779987875
222468,0.0007787046869667585
222469,0.023073448685046707
222470,0.0020457228100564857
222471,0.004323629720206977
222472,0.002390557861873113
222473,0.0016042636059334229
222474,0.0004181017151463389
222475,0.0008019669620084052
222476,0.0004582592805460692
222477,0.0016313233671038838
222478,0.0007048222581172673
222479,0.001065046824863889
222480,0.0017424629726717296
222481,0.001750821213951375
222482,0.0010733248854708727
222483,0.0004838392161537378
222484,0.009560343650237718
222485,0.001064604743266319
222486,0.008777495192998384
222487,0.0007217053574001576
222488,0.0014298057215632236
222489,0.007758062180300067
222490,0.003996909785046207
222491,0.0006916446881804587
222492,0.0034321458184685665
222493,0.0005743156817495206
222494,0.0029969321816412636
222495,0.0009490955824729439
222496,0.0016533489712575187
222497,0.0008910371728744604
222498,0.0016617864281045754
222499,0.0006056178837078332
222500,0.0008477793161295471
222501,0.0007664945224229732
222502,0.0007917120392143672
222503,0.0005982729596189516
222504,0.0007376087644023501
222505,0.0007101788063995917
222506,0.0006026370006727775
222507,0.0009333361856615092
222508,0.002126262852285077
222509,0.0009154686360816292
222510,0.0025255755432510977
222511,0.0005536679329261383
222512,0.0016079127536282967
222513,0.9829461980671774
222514,0.0011024217545248867
222515,0.0007725251227844764
222516,0.0005842246366042192
222517,0.0003795858498945269
222518,0.0006458375668897292
222519,0.0007011856178998756
222520,0.0006401598611114303
222521,0.00920247525799161
222522,0.0004753946052198397
222523,0.012172480877193624
222524,0.0006117079910074072
222525,0.0005991599173903057
222526,0.001382109096811146
222527,0.0010410657730397664
222528,0.0006389975253560014
222529,0.0035030866929949707
222530,0.009878959982442039
222531,0.0007300163668323573
222532,0.0019347945804664766
222533,0.0037990446327139035
222534,0.0006213043297541678
222535,0.003671280768449997
222536,0.001226165162483586
222537,0.0006946175533423556
222538,0.036428164913966984
222539,0.003493239360502706
222540,0.000467298277739318
222541,0.002863662107107824
222542,0.0054955289927585815
222543,0.0012657153194728528
222544,0.000865905694455858
222545,0.001561246385164636
222546,0.017382440258601264
222547,0.0007565618637977916
222548,0.0007211983398219973
222549,0.0006379214053850656
222550,0.005298905840471243
222551,0.0006291808674957983
222552,0.0006113109523572672
222553,0.0010906439625028945
222554,0.00043247414262762387
222555,0.0027524341760345647
222556,0.0008108629062843012
222557,0.0006366330086686317
222558,0.001801574430492229
222559,0.0009621410851855131
222560,0.0004884081634563521
222561,0.0008041200935101796
222562,0.004390030108866024
222563,0.005845327925680996
222564,0.021446877279331047
222565,0.0006049217652308016
222566,0.004304244057877963
222567,0.0008412910360119574
222568,0.000745597025181006
222569,0.0012117281498165628
222570,0.0009102470083550221
222571,0.0005591615944987478
222572,0.0008037367219171218
222573,0.0012091949550227452
222574,0.013297780051237548
222575,0.0026738612059324747
222576,0.0012240876594273213
222577,0.0005439134745562684
222578,0.00105240087386415
222579,0.0031130960265236575
222580,0.00082660152855154
222581,0.000787537115017803
222582,0.0014450554384000283
222583,0.0013550114904498692
222584,0.0009772274818819243
222585,0.000822081423401487
222586,0.0006664558926319516
222587,0.014596558908051435
222588,0.0010439723534886721
222589,0.005635284377858712
222590,0.0009187479986485008
222591,0.0013993707383226986
222592,0.0008433199424096609
222593,0.0010138547797778254
222594,0.0006501299083343054
222595,0.0005216988114957201
222596,0.0006134461739846257
222597,0.0005399241936538208
222598,0.0005692494300956941
222599,0.0006785188816347499
222600,0.000800874555936752
222601,0.011912205676968778
222602,0.00039006144489884273
222603,0.026109343528956684
222604,0.0006840259624784319
222605,0.000847499398670033
222606,0.0008741006214115197
222607,0.0034332239372287052
222608,0.0010838419840075268
222609,0.0009762365619992606
222610,0.0005468316917805484
222611,0.002172498011132563
222612,0.007185478530983127
222613,0.013530672924747645
222614,0.0038657669704833674
222615,0.002952956187116015
222616,0.0007966970224616838
222617,0.002755835911092012
222618,0.000809074125497837
222619,0.0020120773952737032
222620,0.0008594394722362189
222621,0.0005060225204199227
222622,0.0007906687392648872
222623,0.00045768385051591395
222624,0.0022824880120796754
222625,0.9939409266977924
222626,0.005207470174473823
222627,0.0009934901180056752
222628,0.0007507503660573467
222629,0.0005051402081929687
222630,0.0012453802125992636
222631,0.000497723485286857
222632,0.008640247674087827
222633,0.0008171355097071364
222634,0.0020963343611537935
222635,0.0006740120447127758
222636,0.0021845900632996886
222637,0.029110772694406532
222638,0.0007502657385650064
222639,0.003071049976428618
222640,0.001291233929541772
222641,0.0006129238108338946
222642,0.000679940440251176
222643,0.006423823864492129
222644,0.0008058869073613932
222645,0.000794484013543435
222646,0.052175174715316436
222647,0.0006629456729731914
222648,0.0008606148651227209
222649,0.0005818492441760266
222650,0.0006177279588420858
222651,0.009256674653415725
222652,0.0030414425105247094
222653,0.0010395091222334429
222654,0.000515563056071181
222655,0.0004423765517222941
222656,0.0009041020205581209
222657,0.001545941454626109
222658,0.0033193249085306875
222659,0.002966885450037839
222660,0.0004906200569456674
222661,0.0004788024595169624
222662,0.0008930053736606373
222663,0.0037396134605238614
222664,0.0019663727447486994
222665,0.0003848638694339139
222666,0.0022167620495182564
222667,0.0007033458112708799
222668,0.0007869405435978712
222669,0.0004961342924136485
222670,0.0011200369289645238
222671,0.0005887471425762403
222672,0.0009900786184957435
222673,0.0006398869791941176
222674,0.0013384418854649298
222675,0.0012563646663244126
222676,0.0005265725186947795
222677,0.002982747661621813
222678,0.0010156605542882653
222679,0.0006267981728301656
222680,0.0009439786333629676
222681,0.004588643598263607
222682,0.0006194562376974401
222683,0.002546406436977508
222684,0.0007565856733972692
222685,0.0010810837857665944
222686,0.0023151226576880804
222687,0.00067152478772938
222688,0.000669316667191736
222689,0.0006322241622433772
222690,0.0009754385770311493
222691,0.0018335919988583024
222692,0.000538561330710273
222693,0.0004609679898650488
222694,0.0032828541022888636
222695,0.0013460405879352378
222696,0.0009769212835847503
222697,0.002785595538297705
222698,0.0009165334932552709
222699,0.001789633332652597
222700,0.0008839844427175694
222701,0.0005596362669855457
222702,0.0009512167080712627
222703,0.0011189760007190314
222704,0.0010028162974113344
222705,0.00451227413154949
222706,0.001915304459492073
222707,0.004709248100257848
222708,0.012635781568111862
222709,0.0011611276709529736
222710,0.012326240125716911
222711,0.0010891421811862869
222712,0.0011724747066332098
222713,0.0008607856395150221
222714,0.000501726732296949
222715,0.0008808815032337498
222716,0.0005684498974494127
222717,0.0009822618151429175
222718,0.0005701119642595932
222719,0.0013038535239569572
222720,0.0012076280401175257
222721,0.002395709435176798
222722,0.0008975249930558023
222723,0.0022288943240480544
222724,0.001080929478659148
222725,0.996533693349682
222726,0.0009308832700942645
222727,0.011337665608881043
222728,0.0005716126978665699
222729,0.002820949117486208
222730,0.0005976648024215367
222731,0.007474111586290652
222732,0.007894696269629898
222733,0.0005345575823956619
222734,0.0005742413143374804
222735,0.0005664365296292715
222736,0.009391827240151009
222737,0.000789863304969302
222738,0.0016557557394696525
222739,0.0009760919020329402
222740,0.0007118874355607462
222741,0.0019434559387893238
222742,0.0009857358422493377
222743,0.000978856991103939
222744,0.0013666100888951476
222745,0.005698485749972631
222746,0.0013272414592504483
222747,0.0007497043796101426
222748,0.0017589241504125093
222749,0.20547740268778006
222750,0.0014373244071273351
222751,0.0005197912928750331
222752,0.00352126409852265
222753,0.0008872999864433812
222754,0.0003278520518907607
222755,0.0008264990989774114
222756,0.0006146487737478048
222757,0.0022807732614958227
222758,0.0007296578926482723
222759,0.0005133572488652113
222760,0.003961233917965974
222761,0.0009098627359187106
222762,0.0007118519866489105
222763,0.0006938977928096763
222764,0.0039015496179325634
222765,0.0008291293621667092
222766,0.001005876065617682
222767,0.0017227293345164095
222768,0.0008461205479410407
222769,0.0005570488322662105
222770,0.0020095610114044867
222771,0.0013279390980994884
222772,0.0010710880803764338
222773,0.0004341369693862796
222774,0.0012571418293252752
222775,0.0007206042017458032
222776,0.0006289631703489218
222777,0.0012331614847134438
222778,0.002556759908070515
222779,0.0008919804568048956
222780,0.0007489834386184935
222781,0.0005526791775239949
222782,0.005805734252066307
222783,0.002871882220461131
222784,0.000743702764639116
222785,0.0023114588647296526
222786,0.0006663022736068436
222787,0.0006444945355715847
222788,0.0011942868517464734
222789,0.0006348953761071497
222790,0.0006304780239143681
222791,0.002352051103547169
222792,0.0007868673470009761
222793,0.002375404099843394
222794,0.0003948515152901935
222795,0.9949455632305098
222796,0.004654661638058666
222797,0.0005895959125057834
222798,0.0006448465610007521
222799,0.0006351381806864811
222800,0.0027861703984900493
222801,0.0014952988459792458
222802,0.9950957722563085
222803,0.04668005220358275
222804,0.003486251310005347
222805,0.0024779508772081182
222806,0.000702679130208405
222807,0.01788739299732802
222808,0.0014884496188883576
222809,0.0007237575406150975
222810,0.0004544910310236456
222811,0.0017507162542074518
222812,0.0006377954157247218
222813,0.026406959982667157
222814,0.0007686395390647859
222815,0.002518985401214182
222816,0.0009592860176890281
222817,0.0008755225202877481
222818,0.0006687515906103819
222819,0.00046856100867284943
222820,0.0005722406053284258
222821,0.001286871785666328
222822,0.9974136458490712
222823,0.004461890812044766
222824,0.0029919610301621753
222825,0.0007349385951478939
222826,0.0007839072623847037
222827,0.0005738519381446667
222828,0.0007432970806334851
222829,0.0008580728220704405
222830,0.9991455154726662
222831,0.0012122976833442336
222832,0.025384291027647252
222833,0.0005604349174358774
222834,0.005837675332248623
222835,0.0022432011884025247
222836,0.011711734059357312
222837,0.0024669952302120903
222838,0.0008619416066533085
222839,0.0005442684173294049
222840,0.001129090939850377
222841,0.00040723857838043836
222842,0.45120880674032504
222843,0.0054794958022244804
222844,0.0058947883568175544
222845,0.0006170267230733676
222846,0.00040749424564837534
222847,0.003049704818180147
222848,0.000904863335511456
222849,0.000699064440889116
222850,0.001465309712456397
222851,0.0008880609427327677
222852,0.000994872544724713
222853,0.0008000699456169669
222854,0.0005834694767970142
222855,0.0007535514964339383
222856,0.0006150217279519525
222857,0.0008421449201380354
222858,0.0004497189859848915
222859,0.0007889712712339824
222860,0.0012020493277639958
222861,0.0009404749028718064
222862,0.0007890328770142982
222863,0.003647335025487369
222864,0.0006155302137697423
222865,0.0023187363384410617
222866,0.0005792528894666666
222867,0.996776831342228
222868,0.005078185562976151
222869,0.0005326919591562072
222870,0.0006708079046273899
222871,0.001774664317614405
222872,0.0032982082288377126
222873,0.000723493119841188
222874,0.0010612348347493823
222875,0.0005996377819302908
222876,0.0005223284790858806
222877,0.0009229149682967149
222878,0.000785536561643362
222879,0.0010599254162575382
222880,0.0007297629560887801
222881,0.0009115582634771249
222882,0.0009470590742190871
222883,0.002434512684076533
222884,0.001527491682686329
222885,0.0010530617698706127
222886,0.0010312011814798466
222887,0.000707258019874392
222888,0.0007337286098260246
222889,0.0010972144824689433
222890,0.0008411162926558243
222891,0.0036050893250232784
222892,0.002439896223098751
222893,0.0007530820486207688
222894,0.010780166161536396
222895,0.0007787470884941318
222896,0.0006885390558675996
222897,0.0011616858493890547
222898,0.0006590630732873234
222899,0.0010992470155842108
222900,0.004841379795935541
222901,0.0009657258417294126
222902,0.001282518289255223
222903,0.0029165441389495785
222904,0.0004415055588584298
222905,0.0005839482803137127
222906,0.0011164860448254644
222907,0.0011922266810912335
222908,0.00660297385671875
222909,0.0018437678230472745
222910,0.0015342174071369
222911,0.0015100519996347002
222912,0.009955544460159647
222913,0.013748132412117564
222914,0.0009647765253231331
222915,0.0028198747808881467
222916,0.0009397280560600376
222917,0.0007681010648203179
222918,0.0005773334436434017
222919,0.0006450578137464263
222920,0.30214089844853814
222921,0.010149688642926905
222922,0.003983890570765149
222923,0.006167975617023298
222924,0.0008533539878606911
222925,0.0006648005850519455
222926,0.0010747595719580371
222927,0.0019128820227643246
222928,0.0036096944414805024
222929,0.0012498249503127166
222930,0.0023358774412795143
222931,0.004217179044689018
222932,0.008623392684639374
222933,0.0008500447081593794
222934,0.004688771413099071
222935,0.0007584307766744845
222936,0.0006580307563430584
222937,0.0016992945890004132
222938,0.0007334733022022614
222939,0.0038324330714871375
222940,0.0004930360162407924
222941,0.0008459630517915493
222942,0.0014401363060077086
222943,0.0026590161060116324
222944,0.002572325691995668
222945,0.0006521373968865669
222946,0.001609763709636146
222947,0.0012735158643597234
222948,0.0019889740526059796
222949,0.000612058269646905
222950,0.0013580617008082322
222951,0.000801658388588071
222952,0.0007882147843333233
222953,0.0013715187845967651
222954,0.0016874283979264066
222955,0.0024795189314518653
222956,0.00248710464234657
222957,0.0016332420346798567
222958,0.0024476830928132918
222959,0.0016757582953248005
222960,0.002745454683711365
222961,0.03532067437256902
222962,0.00047319238419612407
222963,0.003862616585724033
222964,0.0026937612495512185
222965,0.0011199767058597868
222966,0.0023724971992403173
222967,0.0011402750566339207
222968,0.003445672852321105
222969,0.20038069169799153
222970,0.005805105769823912
222971,0.3005118639102541
222972,0.0008740997522274389
222973,0.001646843629168419
222974,0.0009098284248246744
222975,0.0014031550578787614
222976,0.001501512966672676
222977,0.0009104796913342226
222978,0.03489576801254278
222979,0.000618914357743184
222980,0.00042125153373393843
222981,0.004621907247947486
222982,0.0010186296790176694
222983,0.0007779083578019861
222984,0.00041916743212603924
222985,0.0012524197209015171
222986,0.000799267929027403
222987,0.00047408788850413874
222988,0.0005760306655916638
222989,0.0006318860815611176
222990,0.00038580129429639245
222991,0.0005710769261632431
222992,0.005745541981853352
222993,0.0008540030556893037
222994,0.0011829841557741416
222995,0.05962041930400877
222996,0.0036345764205806606
222997,0.0006854078543478089
222998,0.0008201730339655848
222999,0.0055571596153424175
223000,0.0009196756076818972
223001,0.005279216464997441
223002,0.000605209866890932
223003,0.0008653475972939719
223004,0.0006590478205183882
223005,0.009455593617969323
223006,0.001336968122112766
223007,0.0040137651313210424
223008,0.0007721100754211094
223009,0.0010356630448086815
223010,0.00103151790907709
223011,0.0010216000732253868
223012,0.00905823798806916
223013,0.0008166177162762499
223014,0.0006748730668821655
223015,0.001011232177046522
223016,0.0007866575177533172
223017,0.0008125242543032573
223018,0.0044626428046570035
223019,0.002132877906613273
223020,0.0004537272866959242
223021,0.0026569940489046787
223022,0.0004073661812486404
223023,0.003847525073327733
223024,0.08376917479348249
223025,0.0008651264794333783
223026,0.0047014808531605085
223027,0.0035340386574997723
223028,0.0013833022983295528
223029,0.0006140106785784903
223030,0.0005174373657674294
223031,0.0018522499892793887
223032,0.0009191350241309329
223033,0.000691009689813669
223034,0.0018612558808170615
223035,0.0017511030980735718
223036,0.0012667274929386296
223037,0.0011890556014068849
223038,0.0029828243948906473
223039,0.0006295831837788231
223040,0.0008331551194605236
223041,0.0008229408179421865
223042,0.004166928029756456
223043,0.0005719587845872257
223044,0.0007053096035533164
223045,0.0008110741643545158
223046,0.0009966671387574043
223047,0.0037021739124824047
223048,0.0006412808376498937
223049,0.001046428362355412
223050,0.0032728437125053257
223051,0.0007367814665964896
223052,0.0008824386233421474
223053,0.0006744706873261894
223054,0.0004912459576501542
223055,0.0007173511947215381
223056,0.0005141423617916703
223057,0.0011258859843025447
223058,0.0008790801588076185
223059,0.004100976468061062
223060,0.0007704825341878373
223061,0.001281121063279058
223062,0.0005746711189891663
223063,0.0009022909917270283
223064,0.00132436999785363
223065,0.032355220172862645
223066,0.001191676413111885
223067,0.0006366285230464318
223068,0.0018757474662574717
223069,0.008396836033146119
223070,0.002245911257295386
223071,0.0009173894125949181
223072,0.0006465212575051502
223073,0.0006748203915341269
223074,0.004762849994469652
223075,0.002455994357150645
223076,0.0008686675599017708
223077,0.03768487443660308
223078,0.0009529880854969289
223079,0.0006568750841663864
223080,0.0005714317247936773
223081,0.0030928345434439795
223082,0.0005733653945588767
223083,0.000754099779471095
223084,0.0005950118777928889
223085,0.005045926086560962
223086,0.0018558800586631788
223087,0.002054859195759028
223088,0.000662431684366099
223089,0.004866577635364385
223090,0.0011622265400188187
223091,0.0008597683166988498
223092,0.0018637278758073408
223093,0.0007728745541596481
223094,0.0007166219479083954
223095,0.0008163484617103249
223096,0.020400478197316024
223097,0.0013795608778435788
223098,0.0035944723014129203
223099,0.015759031590743308
223100,0.0014450603819488978
223101,0.0004901172648938285
223102,0.002407276333092503
223103,0.0009137801276049029
223104,0.0008647518093472988
223105,0.0008941337580895806
223106,0.0021762761290727165
223107,0.0018056897516853503
223108,0.0006036412493907225
223109,0.004527381562150081
223110,0.0025949433651307418
223111,0.001832455824072174
223112,0.0007825753405979405
223113,0.0005058842119473894
223114,0.0005283910527452266
223115,0.0005214488196355717
223116,0.03976409955669541
223117,0.0006915193481439863
223118,0.014471753345015367
223119,0.0006989209968392274
223120,0.0007974828747044109
223121,0.000662944595851281
223122,0.0006306075822173599
223123,0.00715952382306298
223124,0.0014917119532849082
223125,0.0032672557525629
223126,0.00040268186453348755
223127,0.001053299528657769
223128,0.0005277242847429723
223129,0.0006591439643180318
223130,0.0020340404801714417
223131,0.0013889371139319453
223132,0.0009393355666421016
223133,0.0007479178054942709
223134,0.0006220229094925903
223135,0.010490394425131562
223136,0.007924694975247096
223137,0.00046996232366419114
223138,0.0007504168803967277
223139,0.0010163021946968962
223140,0.011149200956170946
223141,0.0008177803171887286
223142,0.0006242333282169771
223143,0.0030152806023476145
223144,0.0005561801694545157
223145,0.43835579462276464
223146,0.0008265275625995035
223147,0.0021005366166921037
223148,0.0008744954531192889
223149,0.0007443701215599436
223150,0.0017453301924885735
223151,0.0007839743106935026
223152,0.004748058796641854
223153,0.0010565013197096171
223154,0.0006360693307233978
223155,0.0005552482920403065
223156,0.004501719088691198
223157,0.0009749203866065646
223158,0.0041342949554045655
223159,0.0008274233348035843
223160,0.00048464468874537015
223161,0.00474867024291794
223162,0.0005709449495332962
223163,0.0006933932346378976
223164,0.0006222721740696813
223165,0.0007547097843841977
223166,0.0007623724378244479
223167,0.002925072699643645
223168,0.000645121471490185
223169,0.000602292317279703
223170,0.0004240553520212451
223171,0.0007707335390932056
223172,0.00216345644288577
223173,0.0008165679675434429
223174,0.0008608344343190154
223175,0.006090268770426015
223176,0.5103381563833496
223177,0.0005591348517939889
223178,0.0012416451989104844
223179,0.0006006891542942529
223180,0.002906360689258826
223181,0.0012675637017778786
223182,0.004147956962076148
223183,0.008195967250157482
223184,0.00528273003124163
223185,0.000654056523077795
223186,0.0007600737508635586
223187,0.000617092846895018
223188,0.0009726609204415786
223189,0.0005837290171358734
223190,0.0050518167780932
223191,0.0005969383227321295
223192,0.000879194456615375
223193,0.005309932543986111
223194,0.0014295567065099068
223195,0.0005873202529472914
223196,0.000523883281339742
223197,0.01360487143011952
223198,0.0008602957808999815
223199,0.017494300963776754
223200,0.20067442486397613
223201,0.0006806393976289631
223202,0.010665714960954881
223203,0.047093612760565465
223204,0.0017990872453591035
223205,0.00224131578255772
223206,0.02233159838966641
223207,0.00534771104592926
223208,0.003293034663665831
223209,0.003286006805000532
223210,0.0004938023034467668
223211,0.000504361513183666
223212,0.0023394784728739664
223213,0.0016878795308790506
223214,0.005205342901109705
223215,0.0004193343896067876
223216,0.0008098460371482119
223217,0.0061913605280143336
223218,0.0022190125142635114
223219,0.0011176976573775985
223220,0.000915809758051043
223221,0.0006333965324707009
223222,0.013080019125945898
223223,0.0007438275021432053
223224,0.00046958420446679603
223225,0.013531638119541722
223226,0.0015452010414810004
223227,0.0008248982139347301
223228,0.0006229540735908898
223229,0.0008786784613880685
223230,0.00233620992109896
223231,0.001644009582632561
223232,0.0007562733739371063
223233,0.0006226156567046789
223234,0.003076397503143007
223235,0.0006999161847856121
223236,0.0031514276383523988
223237,0.02378369801651129
223238,0.0006613695519700423
223239,0.003118514692467612
223240,0.0017029325027774179
223241,0.000551957921970345
223242,0.0013750619597046707
223243,0.001809753208870784
223244,0.0005920372612685439
223245,0.0014335808310822309
223246,0.0005824430797985352
223247,0.0007747256608271782
223248,0.00067066534196472
223249,0.0012965490368822647
223250,0.0012727485219208431
223251,0.0005971313913304232
223252,0.0025043970638631953
223253,0.005686438857477579
223254,0.0006130228874172239
223255,0.001004077845528207
223256,0.0009258873962754041
223257,0.0005134914041440235
223258,0.0016746855308534688
223259,0.0008413232624486318
223260,0.0008810918563116597
223261,0.0007281058921073661
223262,0.0008618616523599933
223263,0.0003798277878904058
223264,0.004485414499559555
223265,0.0014335650078775193
223266,0.0008653703912810221
223267,0.0005513797443763864
223268,0.00087477728680382
223269,0.0005865548470936448
223270,0.0007324872200410077
223271,0.0014604026961620512
223272,0.0005495286419488442
223273,0.0008188269464753515
223274,0.001919472242084842
223275,0.0005184660990623205
223276,0.0007632334112711899
223277,0.0006081056038717192
223278,0.0014023137507207127
223279,0.0004887491300101972
223280,0.0010988797154254945
223281,0.00276704501880646
223282,0.0008542905074951932
223283,0.0025657906702727562
223284,0.0007907664502724677
223285,0.004074517008706497
223286,0.0010790394620330192
223287,0.000678261317131871
223288,0.0017610837432000528
223289,0.0005219496916701005
223290,0.008630914974938179
223291,0.0004748860511280643
223292,0.021438085910234748
223293,0.0008729013159575387
223294,0.0017747233997670538
223295,0.0009407065185771857
223296,0.00046379946446780627
223297,0.0005862860892877134
223298,0.0009366259110663692
223299,0.06748693903715355
223300,0.0006075102866783547
223301,0.000632807772746762
223302,0.0038886107735734256
223303,0.0006130918143218417
223304,0.00046516216298653234
223305,0.0005158927551809887
223306,0.0025253873481906517
223307,0.0009931873806712196
223308,0.000913990557243111
223309,0.00148050103922821
223310,0.0006280051553168276
223311,0.000750764866808029
223312,0.9956882605094616
223313,0.0015061847348768562
223314,0.0009203163752494791
223315,0.0014549820008971162
223316,0.0007810541667332049
223317,0.006688437572683807
223318,0.0006448333711005496
223319,0.0008017212904415782
223320,0.0007138263268086612
223321,0.0003773884304349223
223322,0.004419970051350944
223323,0.004710910696428308
223324,0.0012863553203424053
223325,0.013529851767040805
223326,0.0011508313051471536
223327,0.0006476477393349935
223328,0.001346425140028788
223329,0.00047381485981623896
223330,0.0007150091662926455
223331,0.0014602757093696468
223332,0.006652996082289713
223333,0.0005253131331103583
223334,0.001505398552301082
223335,0.0007210678773904593
223336,0.002326739965162695
223337,0.0009901420139446556
223338,0.0005902056881828519
223339,0.0012859904769587317
223340,0.014816570150037381
223341,0.0034809290849648704
223342,0.002382943673893927
223343,0.0020057695845929063
223344,0.00036399283170349226
223345,0.000688150397184141
223346,0.0005411773277169379
223347,0.0034730298822806998
223348,0.20071685147721716
223349,0.0007516297477201542
223350,0.0031046010088741326
223351,0.0005887462925282012
223352,0.0028039022289007482
223353,0.0006867803872989041
223354,0.0004305798660842236
223355,0.0011350151951473619
223356,0.001058444525727007
223357,0.001503037419200542
223358,0.0013458859230727524
223359,0.0027802201789172316
223360,0.0010449472363046348
223361,0.0005704077917485761
223362,0.000887617442701847
223363,0.0005421708431649699
223364,0.0012977814843562357
223365,0.0021106856080316894
223366,0.1606454837796692
223367,0.0005526226012199291
223368,0.01882256919255231
223369,0.001945337184200373
223370,0.0005350972011398754
223371,0.0006345747690536541
223372,0.0011202746773965044
223373,0.0005240242082908973
223374,0.000508295535078015
223375,0.000796261444477294
223376,0.0018969527545032144
223377,0.0005021190307110182
223378,0.0005680388957260199
223379,0.003272388674149149
223380,0.000740567145937841
223381,0.010032927442078565
223382,0.004552100661837644
223383,0.0009337813321372682
223384,0.0006549392393431799
223385,0.0011435438005470422
223386,0.0014036153749881406
223387,0.0006482355400574871
223388,0.003453988059941763
223389,0.03608478129584604
223390,0.0005391767212428328
223391,0.0012350544470599942
223392,0.0016481908262399633
223393,0.0022044388917580324
223394,0.001978995815248616
223395,0.005203355266523928
223396,0.001706737520517864
223397,0.000981929010648017
223398,0.008787785035241321
223399,0.0015678818900939234
223400,0.0008003772310604148
223401,0.002678049876749184
223402,0.0007231911585630609
223403,0.0006088976659629284
223404,0.0006549060477312409
223405,0.00720309819908678
223406,0.0008252838789484906
223407,0.0006600814434119968
223408,0.0005189467058696756
223409,0.0005022624184097927
223410,0.0005796313482657675
223411,0.0007693862245791239
223412,0.0005822643600446818
223413,0.0008677780466810683
223414,0.0010241327771661319
223415,0.0006331622483127651
223416,0.0008037328179739702
223417,0.000750184756213198
223418,0.0005598543980681626
223419,0.00276926318318768
223420,0.0004827625136806713
223421,0.0011869923983355312
223422,0.001348663783615646
223423,0.0005685926186126619
223424,0.0023807172700810093
223425,0.0032531770236780113
223426,0.0004966922427136529
223427,0.0007824334233539352
223428,0.0007499852732436785
223429,0.0004988434513561523
223430,0.0014103268259470585
223431,0.0010492919503972136
223432,0.001587448214649546
223433,0.010299760775139161
223434,0.0008264658839421825
223435,0.0031560496779748253
223436,0.0009213412573717263
223437,0.0020962031742733167
223438,0.000597368156124986
223439,0.0009550150280105746
223440,0.0053314326030764695
223441,0.9964056066767232
223442,0.0006819508379263767
223443,0.001041106215969864
223444,0.0006747133053012907
223445,0.0007404940134987384
223446,0.0013165804129209333
223447,0.0017929889283681856
223448,0.000802481852541626
223449,0.0008220403098790107
223450,0.0008726887527277245
223451,0.0008875197941138164
223452,0.0021530158850526964
223453,0.0029989832618131053
223454,0.000982705557853568
223455,0.0011016636591100705
223456,0.0012636672157222252
223457,0.00067446854424245
223458,0.0009266546996003361
223459,0.00831476699584589
223460,0.0024362470552324656
223461,0.003600608381874216
223462,0.0006476349415278507
223463,0.0006111548174299471
223464,0.0005735265943445643
223465,0.00227606502410344
223466,0.0006351644049423883
223467,0.002200346860788579
223468,0.0009861711404896265
223469,0.00101594070523451
223470,0.9957863045575072
223471,0.0017848029062789597
223472,0.0006556351044838906
223473,0.0003875678242800686
223474,0.9920937230237786
223475,0.0005449380373411428
223476,0.003162334798979997
223477,0.0012002203885321072
223478,0.0005527250719817352
223479,0.00172274944757657
223480,0.002492716494575494
223481,0.0004813555725763696
223482,0.0008402981110473262
223483,0.0014658131804446556
223484,0.0008683176686403735
223485,0.02739501017410355
223486,0.00628052974920682
223487,0.0005026194261169155
223488,0.012048531711280643
223489,0.000600630749492216
223490,0.0017438675260989626
223491,0.0008518218408566353
223492,0.000848768759545317
223493,0.0007064044565118252
223494,0.001314789819760418
223495,0.00081917096062257
223496,0.001229659090906531
223497,0.004181672976522465
223498,0.0006877364648561808
223499,0.0033718149612898063
223500,0.004735914307643946
223501,0.0005212915596707801
223502,0.0014406007618337196
223503,0.0008518571606717477
223504,0.005678902371569993
223505,0.0007387737080674164
223506,0.0006905720166394025
223507,0.00033195975227802687
223508,0.0005339831819622708
223509,0.00041090533009586187
223510,0.000634710486634305
223511,0.001295978610596332
223512,0.0013249995159758565
223513,0.0008320573737220331
223514,0.0006850835182695326
223515,0.000846693164753291
223516,0.0005960378903615466
223517,0.0006477448566772949
223518,0.023572938173673036
223519,0.0006297700956825402
223520,0.024669456109955697
223521,0.002907398835871289
223522,0.0005362086664762873
223523,0.0051000004607595
223524,0.001978154827138448
223525,0.001498986980350671
223526,0.0007114905791629348
223527,0.015411618206736352
223528,0.0008142968498170405
223529,0.0020899069407943798
223530,0.0013515115310644803
223531,0.0005154166627631789
223532,0.0004766134316365221
223533,0.0007613755870477426
223534,0.0017719283247740428
223535,0.0005013455505592681
223536,0.9527347237615128
223537,0.0007720709829260608
223538,0.000635057367842408
223539,0.0009100061109031074
223540,0.0022040961924077
223541,0.0014579217620715925
223542,0.0008184472999505582
223543,0.00043279372369922896
223544,0.0006631572780706718
223545,0.04783603107853471
223546,0.0007373587945575734
223547,0.0016978898497491395
223548,0.035383564376930826
223549,0.0005645809898471813
223550,0.000568174473787073
223551,0.001163676450483251
223552,0.009324758542781602
223553,0.1133614854734229
223554,0.00122151783999806
223555,0.0005355416836583606
223556,0.0032777249470101986
223557,0.00048739310447126684
223558,0.00495447131828655
223559,0.0006337814454707328
223560,0.0005921734559174509
223561,0.001047310760083714
223562,0.0011883999271047152
223563,0.0010556017945716168
223564,0.0005193470044383125
223565,0.015545612342624056
223566,0.0006173385497415007
223567,0.003793789318811835
223568,0.001160917902729893
223569,0.0010249167842537057
223570,0.008562555097992402
223571,0.004790521160214798
223572,0.0007568726244667488
223573,0.001079778952166655
223574,0.0021618862286016532
223575,0.0007028437751849093
223576,0.0011733930424166845
223577,0.0012426495903666113
223578,0.014743450264766735
223579,0.0006425764762180391
223580,0.0013669691301603998
223581,0.0026642173853528676
223582,0.00036335594901289956
223583,0.0017233909244231945
223584,0.0019174441605198315
223585,0.0018816259297803136
223586,0.029570029901481325
223587,0.09085240438345157
223588,0.0006134345413403989
223589,0.004046411065943721
223590,0.0009744857052808571
223591,0.0017405791864774812
223592,0.00318008348593139
223593,0.0007548907507306689
223594,0.0012526991669296389
223595,0.0008694533570445747
223596,0.0016756075328139106
223597,0.002905629276034105
223598,0.0006058005106800311
223599,0.000984450521399983
223600,0.0016165669139068261
223601,0.0026623179542002145
223602,0.0005560635062171323
223603,0.0006109621387110777
223604,0.0006019554788640997
223605,0.000576331048543753
223606,0.0025732517057654334
223607,0.0004703878793236269
223608,0.010487877783288574
223609,0.003921351767279791
223610,0.0005699652716962875
223611,0.001973630313664399
223612,0.0018100030842603757
223613,0.0027884089019104873
223614,0.0008675405742643138
223615,0.0005061621406054035
223616,0.0006049559634419118
223617,0.0004565844675882832
223618,0.0007266322292123373
223619,0.001454623326744348
223620,0.021320801845488038
223621,0.0036686638582690903
223622,0.008426999188884041
223623,0.005130916578676434
223624,0.0005586661350117474
223625,0.007660766306077042
223626,0.00119603520201372
223627,0.006617183982272241
223628,0.00111434185509122
223629,0.004385901314340114
223630,0.0013805697500855938
223631,0.0005803850886563405
223632,0.0006775839293933969
223633,0.0006902105685768864
223634,0.0005432338535161854
223635,0.012066925140518402
223636,0.0005369957000167804
223637,0.0009691255714139058
223638,0.0006509825333355716
223639,0.005433070506386353
223640,0.0010834251039633278
223641,0.0005805880684372168
223642,0.002696719770068262
223643,0.025973589260229572
223644,0.0007372466535905164
223645,0.000561378239459855
223646,0.0006018348967923785
223647,0.0006790939751866458
223648,0.0005440662828233001
223649,0.0020708111219366475
223650,0.0007209567121475817
223651,0.002233664580762096
223652,0.0006712555961749857
223653,0.005519875264940447
223654,0.0007054677901275515
223655,0.00802035024669266
223656,0.0032770099125508483
223657,0.0005106517940623252
223658,0.007581248679581097
223659,0.0015380894388484809
223660,0.0019817175891741054
223661,0.0008778924766762499
223662,0.0012454085424221646
223663,0.0008684999420023464
223664,0.0013654486457947315
223665,0.000857459272161145
223666,0.015285143032116049
223667,0.014638085455679928
223668,0.0165110537759301
223669,0.0007634783476263476
223670,0.0014930028023669606
223671,0.0013484053686936939
223672,0.2545580252002513
223673,0.0006265551613293574
223674,0.0013297628551864065
223675,0.0007068131531573894
223676,0.000649135358670368
223677,0.0024943722054551797
223678,0.0007316721613498025
223679,0.0009290222020050882
223680,0.0005727891939203356
223681,0.00048754225099661346
223682,0.005943510692296186
223683,0.0005037808232272662
223684,0.002383657685079485
223685,0.0006343996538993679
223686,0.0032523963353558493
223687,0.0014570965070606196
223688,0.0005198047091051787
223689,0.0022380094594815526
223690,0.016513814791001714
223691,0.0024738731318790586
223692,0.0006978652491415233
223693,0.00334468566956105
223694,0.0006378554698376752
223695,0.0006873350027020681
223696,0.0008486263735911757
223697,0.002083225976157224
223698,0.0007809851564657354
223699,0.004597015834766328
223700,0.0003182188984062247
223701,0.002198843147633918
223702,0.0017633300908464719
223703,0.0006957756480503155
223704,0.002376642863766246
223705,0.001001970265547893
223706,0.005011713768654679
223707,0.07779779000035472
223708,0.0020018101674336756
223709,0.0005494689362275707
223710,0.004124180250994357
223711,0.0021031833647266714
223712,0.0037878694140229723
223713,0.0015465773582258983
223714,0.0006933735953020622
223715,0.005366331799129192
223716,0.005887288658899424
223717,0.0005885149470136251
223718,0.0004324454413904298
223719,0.0020292819319755557
223720,0.000578994536260729
223721,0.011593773341874433
223722,0.0013742221810727454
223723,0.001467472353711224
223724,0.0031271686449706915
223725,0.010051177162291805
223726,0.0025146969298775624
223727,0.0012109396111134032
223728,0.0018154117999291575
223729,0.0006088848491172104
223730,0.004191571220502651
223731,0.0004966099644978041
223732,0.0008592894022837918
223733,0.0005962725253521967
223734,0.0004991637436253555
223735,0.0005010289168934491
223736,0.0004893654132914431
223737,0.0014833347514563112
223738,0.007567287930716585
223739,0.0023542850221104136
223740,0.0004572673769185425
223741,0.0005586896848840271
223742,0.0006777138109068154
223743,0.004595578093840411
223744,0.0006284672052103575
223745,0.0008805979676240361
223746,0.0020370980832055572
223747,0.0007487640495854654
223748,0.008353798774564778
223749,0.013600081931625107
223750,0.002167230301987022
223751,0.0005021165443428692
223752,0.000591168427852717
223753,0.007266144871179596
223754,0.0021501499500099284
223755,0.002898035409015443
223756,0.0006709701868233412
223757,0.0006885248691437037
223758,0.0004941968544244105
223759,0.0006064633422668561
223760,0.0008416170981258164
223761,0.0007687726661855085
223762,0.001041811851914946
223763,0.0030824742160579796
223764,0.03850025077066517
223765,0.002186949937437509
223766,0.003269851980657549
223767,0.0017845783405156736
223768,0.0008177719169049729
223769,0.0012595146561996927
223770,0.005080698014913236
223771,0.0020463454165085488
223772,0.05343395840094058
223773,0.0032325191336305156
223774,0.0007078100227697879
223775,0.0016647587635572527
223776,0.0009925312617234416
223777,0.02325032434702895
223778,0.0014174213457124579
223779,0.002680094499029188
223780,0.0027078103659239454
223781,0.0010641573330586725
223782,0.001386866829178773
223783,0.0008409696279112907
223784,0.00046389972418101934
223785,0.0006296987777164524
223786,0.0007119087971873754
223787,0.00048770656062552096
223788,0.0008804683406341179
223789,0.004513190157922436
223790,0.0018998102057053144
223791,0.0006603187156732969
223792,0.001767872395224371
223793,0.0006360188699896327
223794,0.0007800058100847422
223795,0.0006826009427771981
223796,0.0008214017080572418
223797,0.0004505899900324158
223798,0.008941018299956496
223799,0.014446699186932222
223800,0.0007498686610572336
223801,0.0008550564547717993
223802,0.002180480128640431
223803,0.0006340854535118127
223804,0.0007156516665407493
223805,0.0009913931334994954
223806,0.0016956452372782955
223807,0.007413296670903001
223808,0.002610200631149777
223809,0.000594879524614181
223810,0.0006257761762991766
223811,0.0005160903125555265
223812,0.0004552097045262666
223813,0.0005357241953122271
223814,0.004299619374670138
223815,0.0005968857395099308
223816,0.0016391273800964697
223817,0.001152832381899665
223818,0.0026306922308197873
223819,0.0011368409462268988
223820,0.0008644295923953025
223821,0.0008089371000957682
223822,0.0034504812320225262
223823,0.0006490065618310425
223824,0.000526635574704647
223825,0.007166485820898064
223826,0.0004104159924586196
223827,0.03036791253104823
223828,0.0011157777195920798
223829,0.006053633191435728
223830,0.0006086529210050936
223831,0.0051737670030963705
223832,0.0011453421243773215
223833,0.0007665447089696531
223834,0.0006586943710646146
223835,0.0006729846332028332
223836,0.0009757161686020416
223837,0.0005730209453352519
223838,0.0024976417145073804
223839,0.004057766123620061
223840,0.0021102863612743215
223841,0.003211829030903628
223842,0.0005344887517433178
223843,0.0014698675859492394
223844,0.0005644229236768992
223845,0.0030642504854186186
223846,0.0005031422974919651
223847,0.0008017638425808548
223848,0.0007090448986080177
223849,0.9943343132701239
223850,0.0005179854883599299
223851,0.00107607777922848
223852,0.0006127804134116069
223853,0.00123560482773906
223854,0.0013404041196461258
223855,0.0009573636426904774
223856,0.0007329364745587163
223857,0.001321864856294206
223858,0.0009855910879556968
223859,0.0010463783581533205
223860,0.001806569831301078
223861,0.0007637141954926279
223862,0.0006824961648438576
223863,0.0006289557467351126
223864,0.0006423238958291448
223865,0.005045187453641483
223866,0.0014518557400096319
223867,0.002092515284546852
223868,0.0007458632581772053
223869,0.002807917419042573
223870,0.0009414867650840825
223871,0.001773072061746352
223872,0.0006772209939423194
223873,0.022363162331007075
223874,0.0006543643912109707
223875,0.0009191896256707478
223876,0.0034944871374603427
223877,0.0009605387034400154
223878,0.0006886919415959791
223879,0.0037918760778672023
223880,0.0017274641192087195
223881,0.003529913398093233
223882,0.004386521274363387
223883,0.0029779946446569735
223884,0.001757225593686987
223885,0.9972303441763757
223886,0.0016560772915279048
223887,0.008534327188351726
223888,0.002957270288272789
223889,0.0005098062916478713
223890,0.004291977685137458
223891,0.002691236285954994
223892,0.0012719027332152076
223893,0.0040170485816594164
223894,0.0004986523999515968
223895,0.3002645022036994
223896,0.0006628183248963091
223897,0.0005810351337142157
223898,0.0005935430941028119
223899,0.0030979671794060105
223900,0.0007448591198089052
223901,0.0007594569172202955
223902,0.000632994902935022
223903,0.01441015982163839
223904,0.003151634203996322
223905,0.0014163088415973244
223906,0.0003965868047534731
223907,0.0006670426475387683
223908,0.0033196914558501524
223909,0.005090165208225484
223910,0.0006476841775449054
223911,0.0006782165193701287
223912,0.0017067549559643801
223913,0.0006984675276195962
223914,0.0005191285430723347
223915,0.0015477924080707396
223916,0.00033253940539249504
223917,0.005132292113678253
223918,0.0035538758554567807
223919,0.0004510772736118067
223920,0.0006190041661536966
223921,0.0011458720536914285
223922,0.0024750136089939576
223923,0.0012841830259049567
223924,0.0007479826115864373
223925,0.013621144603475906
223926,0.000864681994678426
223927,0.0009226859036123153
223928,0.00047028269529432866
223929,0.0005213301782554997
223930,0.006375290335361575
223931,0.002719033216325863
223932,0.001689800578726057
223933,0.005871957807160129
223934,0.0006309603139035576
223935,0.000691997266271659
223936,0.0008511604549911625
223937,0.0009510253097116423
223938,0.9872486708606747
223939,0.9990366217489889
223940,0.0038430556140240423
223941,0.9979558918238394
223942,0.001788923107335739
223943,0.0014673192500268177
223944,0.0008497718591296898
223945,0.0008097844537357612
223946,0.00047353017093721263
223947,0.0008076997751949684
223948,0.0037263539007905927
223949,0.0006848652222456711
223950,0.0003390562632088551
223951,0.0006263005428305834
223952,0.0007014818259257231
223953,0.0010944878730371082
223954,0.001341789095916575
223955,0.0007594240247219482
223956,0.0008131480912841012
223957,0.003128734878382348
223958,0.0005757573435205858
223959,0.0007854651692474201
223960,0.0017700987574398007
223961,0.0028602881240102048
223962,0.0006802903511899248
223963,0.12033344085218778
223964,0.001022972648874034
223965,0.0014811884322903793
223966,0.0011400794576570008
223967,0.0010690068305132402
223968,0.0007827318137536914
223969,0.0008313082949709888
223970,0.0015583226333678933
223971,0.0005454087983703282
223972,0.000932950079009295
223973,0.0008105685361103458
223974,0.000741164336964883
223975,0.0015404193360705892
223976,0.0007580165060038928
223977,0.0014950644366851363
223978,0.053420120576428684
223979,0.000625582731858131
223980,0.0007900320993197923
223981,0.0008187185275897579
223982,0.0007838645861858057
223983,0.004197203492547151
223984,0.0028611948002660714
223985,0.0007349472387145321
223986,0.0029713211644662838
223987,0.0006957750656792231
223988,0.000447173249123293
223989,0.0009848765623739677
223990,0.0006084288192220449
223991,0.0006837053555672518
223992,0.0015713505228860697
223993,0.0009521221380116637
223994,0.001676958777370043
223995,0.0028474174966601363
223996,0.0005696257306448152
223997,0.0006159232905514929
223998,0.0013370077494813052
223999,0.0010528585947124913
224000,0.0004532921524840168
224001,0.000388535157142046
224002,0.005244476728949436
224003,0.0008184292619244746
224004,0.01377266538180753
224005,0.0006035217306107962
224006,0.0006062302763079027
224007,0.0009902331875900911
224008,0.0012413809369565107
224009,0.0007208225558637694
224010,0.0005865069485465637
224011,0.0006211756357646306
224012,0.0011367436215003529
224013,0.0014550010925039902
224014,0.0011057339187955152
224015,0.004155241021800571
224016,0.0007538333828887055
224017,0.0007302873294592475
224018,0.0005425158104404239
224019,0.0005080217410766623
224020,0.0032886314661568525
224021,0.0015865009073997385
224022,0.0013779115122955275
224023,0.0009780457162281977
224024,0.0013151229072297702
224025,0.002336781515663431
224026,0.0022767082570408427
224027,0.0018160964288619805
224028,0.0006207697092918125
224029,0.2709206832343409
224030,0.0013270491055100131
224031,0.02093895697729286
224032,0.0009896622141000212
224033,0.0007195433680214232
224034,0.000650596078358283
224035,0.0009883857037802446
224036,0.0027280109355269813
224037,0.000603578479695613
224038,0.0067596622531655845
224039,0.0010721016550014444
224040,0.0005077014941818317
224041,0.000530880545091773
224042,0.0008944352619201247
224043,0.013641645689813516
224044,0.0056612837041871795
224045,0.0016730663658476423
224046,0.0035929860246518906
224047,0.0014946089468489247
224048,0.0006465361561715918
224049,0.0017072235799296996
224050,0.0009335805219630053
224051,0.0006429065622178937
224052,0.0010975338949387474
224053,0.0005991877928636091
224054,0.006146798778349453
224055,0.0006151645413638236
224056,0.0010636903399514537
224057,0.0006784681795205535
224058,0.0009256553748353095
224059,0.0005454794650141167
224060,0.0013762714894538235
224061,0.0006816324925867634
224062,0.0014685688414479772
224063,0.0028650068666670504
224064,0.0005425280362032059
224065,0.0009041643630841203
224066,0.001476294923911777
224067,0.0005345047659363897
224068,0.0014138693812125835
224069,0.0013658618901970089
224070,0.00048435999045936775
224071,0.01858306529757272
224072,0.0033211169802853835
224073,0.2620942670337515
224074,0.0007720744851771779
224075,0.0007332357880637857
224076,0.000800526699426433
224077,0.003538225495191577
224078,0.0004778425905804797
224079,0.0005271709405247516
224080,0.0012310867380905186
224081,0.000956466303653037
224082,0.004461066020666468
224083,0.0009824853991047193
224084,0.0009628398065856087
224085,0.0007322404711254997
224086,0.0018778156748811017
224087,0.04317365698816628
224088,0.0008972038440990363
224089,0.0010877501860553048
224090,0.002371889224572369
224091,0.0008657160415581958
224092,0.0006741228480333808
224093,0.0013514507026866152
224094,0.001187886126262726
224095,0.005006434877315697
224096,0.0009417015565120977
224097,0.0005042360294624547
224098,0.0007855240888244873
224099,0.001013128877661547
224100,0.005501253964522505
224101,0.0083527520687033
224102,0.0014529015798735796
224103,0.0026836486828712533
224104,0.000828642331735247
224105,0.0004902544727207124
224106,0.1257800116376263
224107,0.0005359019381209919
224108,0.0004737543482330325
224109,0.0008322246452705151
224110,0.03241064727158251
224111,0.0009080048421364793
224112,0.0006117680004571248
224113,0.004873467856657759
224114,0.0014706668128507253
224115,0.0006142020416672109
224116,0.0009063052506117289
224117,0.0011241756468966654
224118,0.0007756472979335165
224119,0.0017621187055440477
224120,0.00440417967050277
224121,0.0010118544977287562
224122,0.0010012383786406512
224123,0.0007512329061394516
224124,0.0029755305798774253
224125,0.0005927315249857305
224126,0.0007407819994506993
224127,0.0007257580899050133
224128,0.003109928091230848
224129,0.0028642793882960554
224130,0.0012740605996424716
224131,0.0013028854298564375
224132,0.006952644033068196
224133,0.0005711710047521971
224134,0.0007764112731576671
224135,0.0008390315462348807
224136,0.003000048135985974
224137,0.0018717784329867707
224138,0.0006806817490595947
224139,0.0009196441978272353
224140,0.00046387973075263743
224141,0.0005422147851351851
224142,0.0009282751184251477
224143,0.0005498393322619666
224144,0.0007383614126620142
224145,0.0013191655899128742
224146,0.013277520624278866
224147,0.0006282155293680451
224148,0.0009915405260970773
224149,0.0049746210789576115
224150,0.0011137658093580867
224151,0.001592444215411911
224152,0.0014777590227713852
224153,0.00052224505220338
224154,0.0017229124947178102
224155,0.0005111775651811689
224156,0.0007813509602966777
224157,0.0013362586045670409
224158,0.0018083736490562704
224159,0.0006280941027708046
224160,0.0007795043178856246
224161,0.00043446124670097754
224162,0.0008921398639077421
224163,0.0012559671037553162
224164,0.001114419449600233
224165,0.009878888364193658
224166,0.006307645005812404
224167,0.0005611703526363925
224168,0.0006974865915855387
224169,0.02138450439698418
224170,0.0026527667311137897
224171,0.0006170643921573887
224172,0.0013187833098746594
224173,0.0005423965842761957
224174,0.002048626027363074
224175,0.005553993308815917
224176,0.0011096046076848145
224177,0.18222275626780404
224178,0.0006626280859656487
224179,0.0010602500099248851
224180,0.0014595070049200813
224181,0.0005033649228060423
224182,0.004798844467184398
224183,0.0011600234794612542
224184,0.0012709165762488607
224185,0.0021690997510592108
224186,0.0005449857447733709
224187,0.0009724595603121279
224188,0.003352633890167057
224189,0.0026856587913941473
224190,0.0007285133881091395
224191,0.0053809055613230974
224192,0.000838039315986917
224193,0.000723325775051243
224194,0.0005247928973496506
224195,0.0004539151264864041
224196,0.005811427736702918
224197,0.0015520437488663664
224198,0.0008310671671731567
224199,0.0022278465836537585
224200,0.0014408345634037466
224201,0.009894336309857943
224202,0.0006899278175088507
224203,0.0005370780274532697
224204,0.000607935244368892
224205,0.0034055546573945584
224206,0.029579673915291135
224207,0.0014928440137570108
224208,0.0008823185011516495
224209,0.0027959328310608526
224210,0.0008756873714777789
224211,0.0009121555858284705
224212,0.0024605297029646816
224213,0.0007878262181303408
224214,0.0005555777504948923
224215,0.0005768493152655711
224216,0.0015676951861658536
224217,0.0007635306061754457
224218,0.0011234796835530845
224219,0.0015365839982835142
224220,0.0007604480160880825
224221,0.04333739511910421
224222,0.0006488542301088529
224223,0.0037180034089935154
224224,0.0006558227674883794
224225,0.001339555621989365
224226,0.008707609744313661
224227,0.0015385232433017064
224228,0.0007010950024863602
224229,0.0014995552270756058
224230,0.01409879700905637
224231,0.009459883638431546
224232,0.0011053455539309733
224233,0.0012883501002703115
224234,0.0037976152928288587
224235,0.0007597805484075734
224236,0.0007743800951141029
224237,0.0059797457795901544
224238,0.0026453804286216505
224239,0.0018454355846932004
224240,0.0007039048979394075
224241,0.0016775449423244086
224242,0.004320046166357037
224243,0.0007139185748802323
224244,0.001604249870235946
224245,0.000596818816698186
224246,0.0006067542550804505
224247,0.0010261074055812741
224248,0.0005927255946722375
224249,0.002169034785918683
224250,0.0005762549278940555
224251,0.0004957025143732783
224252,0.0016244931160086767
224253,0.00047769484882741013
224254,0.0012604939501562348
224255,0.0005010070535794559
224256,0.00042730206039527495
224257,0.00046145912581066777
224258,0.0005777000335724042
224259,0.0009605092113043825
224260,0.0006196005080588388
224261,0.0008641745943256126
224262,0.0005630255311627836
224263,0.0007661442596526996
224264,0.0057922069177604755
224265,0.002451085173738903
224266,0.0015646393445497386
224267,0.0005584042127177403
224268,0.0010616825916392007
224269,0.9913414733539193
224270,0.0007717638564079212
224271,0.00048510478352736173
224272,0.004468611585393365
224273,0.0029048523638954002
224274,0.0006500466902600896
224275,0.0006937841534019685
224276,0.00046535103784873627
224277,0.0007861442374625057
224278,0.0020907089423085304
224279,0.002137462948441827
224280,0.002135827508250746
224281,0.01862909034627125
224282,0.0005030048500686653
224283,0.0003292437941090723
224284,0.0007570473899016069
224285,0.003165620754826538
224286,0.0008135216056381711
224287,0.0014064218091566162
224288,0.0007708440736474239
224289,0.0007870699701820214
224290,0.002520029808643372
224291,0.0008133953975252804
224292,0.0014285948424574099
224293,0.0007586270431692708
224294,0.0017718143021080435
224295,0.0027798867809381905
224296,0.002070798190264623
224297,0.005062684595481318
224298,0.0009324722534497889
224299,0.00512617535341167
224300,0.044697923812773196
224301,0.0008428459834201177
224302,0.0027444598259431614
224303,0.000847213028048914
224304,0.0030999051880478213
224305,0.0010444613721236407
224306,0.0010611559739543406
224307,0.002236517024712608
224308,0.0031582372077125897
224309,0.0005986570235807601
224310,0.0007994144258123552
224311,0.9900371679110409
224312,0.0007916195871291773
224313,0.003720237701689346
224314,0.000722738561252978
224315,0.0011970612076784826
224316,0.002039639857128719
224317,0.0040514467086824124
224318,0.0005438392549409312
224319,0.03053766414634176
224320,0.006704360947061045
224321,0.0009655377394954605
224322,0.0006418210220857274
224323,0.0006222554769965772
224324,0.0008125526153179876
224325,0.000642471691919681
224326,0.0017237792966593795
224327,0.007189113726291871
224328,0.000708362714482752
224329,0.0006583903195213297
224330,0.0044517424372794235
224331,0.000689437136147575
224332,0.0006668112698872582
224333,0.004623429059623309
224334,0.0009239785473879477
224335,0.0016763873337529087
224336,0.000912338007802554
224337,0.0022218396134094163
224338,0.004267839235065974
224339,0.0007849202580851603
224340,0.00039466198020627366
224341,0.0007534706062845946
224342,0.0005166213810506669
224343,0.003027411002938918
224344,0.0011097313660136934
224345,0.0007659658081759127
224346,0.0005688394568852866
224347,0.006212462617331469
224348,0.0008129286602281667
224349,0.0013327118637212814
224350,0.00069427882980033
224351,0.0008260192838692626
224352,0.0005821345570286317
224353,0.0009261015382825107
224354,0.0010299384820503675
224355,0.0010757931960535278
224356,0.029565675187313678
224357,0.0006387864505310824
224358,0.0032967107953993362
224359,0.0008209681152164243
224360,0.006793398209815178
224361,0.001284279558777741
224362,0.0005782267545528749
224363,0.001727634680126685
224364,0.0035249671665715616
224365,0.0007486463702213665
224366,0.002274661580060416
224367,0.001204773358801049
224368,0.005464576710783278
224369,0.0009499901737946405
224370,0.14154997989086324
224371,0.0008842168408213717
224372,0.0006837472363334626
224373,0.0009499572290976452
224374,0.0006696657881462129
224375,0.01487095137353354
224376,0.0015270814872955782
224377,0.00043031770014732916
224378,0.0007960830456469459
224379,0.0007811039797375708
224380,0.0006313973416841823
224381,0.0014150109956465404
224382,0.0006166531515600153
224383,0.0037906940846120225
224384,0.003981894734806739
224385,0.001662666627810078
224386,0.0016256347412237915
224387,0.004817399711944751
224388,0.0017223475831223529
224389,0.00038671439499833767
224390,0.0005350376790565629
224391,0.0004452939074982825
224392,0.0032353138732160768
224393,0.00780880730074413
224394,0.0020317664041860223
224395,0.0007985824443954412
224396,0.0014800386453110881
224397,0.0006681115073891256
224398,0.0008778652582264763
224399,0.0006886066739720304
224400,0.0015198181202290375
224401,0.002131289601247898
224402,0.0004977858373288133
224403,0.0004901954746185338
224404,0.0006453878126398352
224405,0.003114301387250739
224406,0.001106497678367143
224407,0.0007928108054623795
224408,0.0007964755409224135
224409,0.0018805963049623277
224410,0.0028075943374457676
224411,0.006533971376820437
224412,0.0005971165478038896
224413,0.0022219532134077585
224414,0.0005325276924127947
224415,0.0007887112196820604
224416,0.0006035686084631874
224417,0.0018263418321978107
224418,0.0011214418958122466
224419,0.0013558089159911495
224420,0.0010715550915687678
224421,0.0034815635237971316
224422,0.001777060054065417
224423,0.005449350923168312
224424,0.0017344930669880223
224425,0.0012838745072871085
224426,0.0004921538930638301
224427,0.0007922281604423603
224428,0.000785669060069545
224429,0.0006605999775789093
224430,0.0034322833752850664
224431,0.001411075759417563
224432,0.002291548756303447
224433,0.001407229225720293
224434,0.0009955860612051383
224435,0.0007161709127941004
224436,0.0007324019931672873
224437,0.03290557858668197
224438,0.022599396817230385
224439,0.0018762575640955215
224440,0.0013525419033634783
224441,0.0005176674516776009
224442,0.0004795687884167305
224443,0.0013145368599953367
224444,0.0007741699659507642
224445,0.0007514918946862091
224446,0.0013767523742069208
224447,0.0021492447135007106
224448,0.0010228457928639222
224449,0.0005616711468649175
224450,0.0018656648487905582
224451,0.0012333999253641714
224452,0.0004811027204069437
224453,0.0007084721961177453
224454,0.001290072268794511
224455,0.006430447541718559
224456,0.0037510395795417096
224457,0.0007418456471205162
224458,0.001640631036629075
224459,0.0006343217498983198
224460,0.0005358504240186571
224461,0.000533502549199351
224462,0.0004966085508379011
224463,0.0007899295727329435
224464,0.0006969125457438136
224465,0.000723861384083109
224466,0.0006519685681039307
224467,0.0011326912612027117
224468,0.0018006201451279491
224469,0.0024833446192827936
224470,0.0011367993974971044
224471,0.014210158543813233
224472,0.0005135517989618126
224473,0.0006296521161623013
224474,0.003140253918925053
224475,0.0005574469269825524
224476,0.0020697773807484094
224477,0.0004949434052014827
224478,0.000477574525957786
224479,0.0028899766691692207
224480,0.0006411446492776047
224481,0.0016305216084351619
224482,0.0006403532178316881
224483,0.0006740701750403814
224484,0.0010748593707504998
224485,0.0011917084005990007
224486,0.0006721617444480874
224487,0.0009134510701129866
224488,0.0007587402030391507
224489,0.0006578391587983717
224490,0.0005811652676969768
224491,0.03356086984570442
224492,0.0005744361586899735
224493,0.001978062603613884
224494,0.0009209458233538388
224495,0.0007459843005400517
224496,0.0010768098998598864
224497,0.0008272543027644296
224498,0.007595384975594313
224499,0.0006768586468012834
224500,0.0005508466005518125
224501,0.0007334430188488169
224502,0.0004461466117563425
224503,0.0004337051498288123
224504,0.010530753204812428
224505,0.0020660574387847135
224506,0.0023410132141920155
224507,0.013945434238810292
224508,0.0026780510044720073
224509,0.0007977293521036376
224510,0.004674219799367826
224511,0.0009159777789543252
224512,0.0010056844801228835
224513,0.007613679832459726
224514,0.0013884743524499384
224515,0.0011467880582623374
224516,0.001832651747387277
224517,0.0049395705164029
224518,0.0004821041749812467
224519,0.026662944983656088
224520,0.0031317114830105523
224521,0.0008654970384190857
224522,0.0005920847771090137
224523,0.0005455957157479295
224524,0.0006680069486344548
224525,0.0011773653297255386
224526,0.002326497670242296
224527,0.020963625389305334
224528,0.0028292353357542025
224529,0.0009631881225175269
224530,0.000524375753678958
224531,0.0016772605710809415
224532,0.0010337717905182582
224533,0.002938941434699463
224534,0.0006490484738259242
224535,0.0008968834640778968
224536,0.011344401578844346
224537,0.000740788431724629
224538,0.001928077819602508
224539,0.000993194163962925
224540,0.08492111097543495
224541,0.024325559590830832
224542,0.0008786740129449909
224543,0.0004522343683585584
224544,0.0005802316625940986
224545,0.0016710291165720906
224546,0.000585641887632671
224547,0.0017840895698423202
224548,0.000515155469558939
224549,0.0005673113063605623
224550,0.0006409086514696269
224551,0.0028241574789862967
224552,0.0005516028469668834
224553,0.0014199719047860747
224554,0.0005122213920277606
224555,0.0005715187951326532
224556,0.0012872848408076905
224557,0.0006768099477929137
224558,0.0004894910330284576
224559,0.0016549964203208603
224560,0.006587573186042579
224561,0.0004488094735952942
224562,0.001048162391990975
224563,0.004179113026050867
224564,0.0008876709081528499
224565,0.001548840803553005
224566,0.0006283135013096603
224567,0.0012288425234580694
224568,0.0030242225520805298
224569,0.0010318798599968167
224570,0.0014829014087809687
224571,0.0007061836738743753
224572,0.20104882032178287
224573,0.0006957171220678576
224574,0.003700542248627669
224575,0.0019778902539842186
224576,0.0167009413249723
224577,0.0008115899132342724
224578,0.0013787585648270275
224579,0.0008362511923453815
224580,0.001881307665586342
224581,0.0006232841906525813
224582,0.0006288899293066441
224583,0.00391742005990539
224584,0.0010034171426288989
224585,0.001320099937240143
224586,0.0007654039914958071
224587,0.0016778153985306057
224588,0.0004886793719669994
224589,0.0009153814180258095
224590,0.0031289301450382776
224591,0.0033572058815878585
224592,0.0031581265409903075
224593,0.0004619595001001106
224594,0.0005736784880882426
224595,0.0008604058191730073
224596,0.0005074638474428024
224597,0.0007819695991930624
224598,0.0006556121584016623
224599,0.003728517660309903
224600,0.0005307384441912321
224601,0.0006806818802846705
224602,0.002113211764619679
224603,0.003044508849991529
224604,0.002179298370301638
224605,0.0006957218189807184
224606,0.00078761966183836
224607,0.007498556659035563
224608,0.005484596195705406
224609,0.0008830322641307469
224610,0.0007120741009480324
224611,0.001079829518704582
224612,0.0009537496254288005
224613,0.0006118634226840707
224614,0.0003376487914851262
224615,0.0004442411676412124
224616,0.0005694648672117754
224617,0.000514046077490664
224618,0.0011296272411246374
224619,0.005103871508797656
224620,0.001091191410779761
224621,0.001502242455875059
224622,0.00223997018299909
224623,0.0012033951709221036
224624,0.0010695094583754324
224625,0.0007605593243295104
224626,0.005286584181473343
224627,0.014690357224724681
224628,0.0008550296057785495
224629,0.0004619022591163809
224630,0.0008306736784403915
224631,0.0006292613248891122
224632,0.002295021810987529
224633,0.0007404068734906763
224634,0.995511445632927
224635,0.01787280470665104
224636,0.0057235539717885075
224637,0.006065668043019523
224638,0.002250092748223212
224639,0.0005326152112606183
224640,0.0005859390599041279
224641,0.0005804830181640234
224642,0.0007534778459615211
224643,0.0023243130047946423
224644,0.002061174610170439
224645,0.0005429110365960147
224646,0.001096952771546062
224647,0.0008629360110266041
224648,0.0005747553326263619
224649,0.0004362625776790115
224650,0.002852090691989278
224651,0.0007787037255402437
224652,0.0014926187845098467
224653,0.001095756566059383
224654,0.0005800240920837176
224655,0.0008555331856375657
224656,0.0006579871328263802
224657,0.0011322947522722638
224658,0.00046876276842833996
224659,0.0005861495345636835
224660,0.0005878354684191222
224661,0.0017640063669569325
224662,0.0006877199562496109
224663,0.006333389661206148
224664,0.0008093270781230546
224665,0.0011104697649839434
224666,0.003237420839363437
224667,0.0011662343135255854
224668,0.000565483049370626
224669,0.0031774246685349716
224670,0.0028705114397221234
224671,0.010310198136506493
224672,0.011781352905202054
224673,0.0005828723125400839
224674,0.0005126786916610521
224675,0.0010562926102570653
224676,0.0005529500271325258
224677,0.9943969054616247
224678,0.005317393875640991
224679,0.0008308679369817334
224680,0.0006935426203200685
224681,0.0007813006961835547
224682,0.0011375939551199928
224683,0.0007933116396229394
224684,0.0009624166790015362
224685,0.0012251164411371076
224686,0.0029015050360577093
224687,0.000718381576905608
224688,0.00154963563106049
224689,0.000667988541274953
224690,0.004642173937811607
224691,0.0005947239032225375
224692,0.0021332670630627337
224693,0.0005769232631681546
224694,0.001385775768338675
224695,0.004864104310917635
224696,0.0006296020679650164
224697,0.0006257622265701995
224698,0.0005194404944470827
224699,0.0018985407373827905
224700,0.0012048285533694976
224701,0.008649208588781878
224702,0.0027655208165568842
224703,0.001826742580345064
224704,0.00040704273198170575
224705,0.0038552908340648917
224706,0.0003312789629763412
224707,0.0008674140556556938
224708,0.001345691225414994
224709,0.00043744827456163347
224710,0.0007353540498505184
224711,0.0006105408630108591
224712,0.0004758994248391058
224713,0.0006561286020732417
224714,0.0006666208940550003
224715,0.0025051851245310275
224716,0.0021586903269142175
224717,0.000716670323295338
224718,0.005078841626378944
224719,0.0034523075115874507
224720,0.0006709689689885322
224721,0.0006375228183195564
224722,0.001971277955210753
224723,0.0015305424130283396
224724,0.0006364670646804966
224725,0.0006870878337179386
224726,0.0023849240112731158
224727,0.0006950038236913439
224728,0.0004632537343853396
224729,0.011200782474162459
224730,0.0019501032698676086
224731,0.00042357882274954794
224732,0.0010725240899531014
224733,0.0005935349747113168
224734,0.0007284866573086366
224735,0.0022134827616451577
224736,0.0010397120410901744
224737,0.0013035939773900541
224738,0.005466158166055488
224739,0.0004999311782879141
224740,0.0030283677776894273
224741,0.0004847253629905921
224742,0.0006353309791013898
224743,0.0015153326878009834
224744,0.0008913212431372348
224745,0.0005932571270523322
224746,0.0007425212244158952
224747,0.000780483836278007
224748,0.0003062063642500383
224749,0.0006096130626867438
224750,0.0006763947838601158
224751,0.0006081093738733022
224752,0.0005225998404947416
224753,0.0006335811609394597
224754,0.0007732374611204239
224755,0.004860049822529647
224756,0.0007464214887782533
224757,0.0006315524470749486
224758,0.0008067174343699945
224759,0.00047505448328708584
224760,0.0006349819899763787
224761,0.004376876861251992
224762,0.00266951245495879
224763,0.0006126728525693299
224764,0.002514228026531486
224765,0.0075241979214936226
224766,0.0004899158030175212
224767,0.0005423768016528681
224768,0.000654903503366628
224769,0.0036578263173881937
224770,0.002598272426255667
224771,0.0006082763612560824
224772,0.0013555972328632973
224773,0.0019879480831895254
224774,0.0013256825620402862
224775,0.0010870006105214533
224776,0.005158712272491938
224777,0.004413250526583939
224778,0.001141655536468529
224779,0.0011714667092025117
224780,0.000997110405668313
224781,0.002220539837624963
224782,0.003887245813656276
224783,0.0011428951525836307
224784,0.004555033569169115
224785,0.0008582850069809194
224786,0.0006958178077212361
224787,0.0006215234186560735
224788,0.0007219885213039809
224789,0.0005892053014844448
224790,0.0008114765543032863
224791,0.003732911006918944
224792,0.0011810472815057546
224793,0.0006818775030562232
224794,0.0009199780832244533
224795,0.0011405945426623304
224796,0.005782261600421747
224797,0.0024133449479923695
224798,0.002562599192105975
224799,0.0005559070942202885
224800,0.0006214802279288829
224801,0.0006253411306852681
224802,0.002040824091449924
224803,0.0010676841560790656
224804,0.0034197484934748914
224805,0.015199732467281978
224806,0.0006556923513368592
224807,0.0008262539081480679
224808,0.0010857204707455004
224809,0.0045484696415867085
224810,0.0017222199965760284
224811,0.0028515978187636385
224812,0.0023836584755475656
224813,0.0014205087612157944
224814,0.0005513177560894141
224815,0.002085727833226816
224816,0.0011826817126870043
224817,0.00511696724702825
224818,0.0006093367433924991
224819,0.005281890883263031
224820,0.0024507013952786982
224821,0.000456869663922516
224822,0.0005382450136079284
224823,0.0014318427071330073
224824,0.0007338021049331623
224825,0.0006423142156183522
224826,0.00435521624147553
224827,0.0006141062505399073
224828,0.00048092170769816617
224829,0.0010874706381583596
224830,0.0008956673305668438
224831,0.000993930668837935
224832,0.0008632687121482609
224833,0.0005649113175674517
224834,0.0008478882448884171
224835,0.0006515218146845307
224836,0.0005878541747078813
224837,0.0011501635513876717
224838,0.0006809411893501367
224839,0.005009309133331196
224840,0.0007830123543651101
224841,0.0006136875200443083
224842,0.001365545898963413
224843,0.0007191312561649822
224844,0.0029106489083832966
224845,0.0006165967203177263
224846,0.0008401630415593572
224847,0.0011969674588065168
224848,0.000668369064840282
224849,0.0008915455533296215
224850,0.0007012000865447398
224851,0.0010440493028774991
224852,0.0008825072077440597
224853,0.002769863077152476
224854,0.0015719881998197882
224855,0.0006341568028197966
224856,0.001022175449663332
224857,0.0009620403822207437
224858,0.0006242774030803254
224859,0.013762123605763
224860,0.0011805940340688364
224861,0.0009030233303331857
224862,0.0005668683641716027
224863,0.0008549837177888247
224864,0.01671508946847271
224865,0.0017639821156975714
224866,0.9955727875299185
224867,0.0005191483136657535
224868,0.0014877633053584807
224869,0.001186874850976085
224870,0.001213994549429056
224871,0.001282622234328591
224872,0.0007293567099524495
224873,0.0006974522517026556
224874,0.0006213122479701362
224875,0.000532930846264963
224876,0.0007371466849079991
224877,0.0009031012280456836
224878,0.0005225483557244578
224879,0.0006174246162196991
224880,0.001971194732576193
224881,0.007456277479500579
224882,0.0015932912588973972
224883,0.0006994937104303825
224884,0.0011294267288538377
224885,0.007074037653738012
224886,0.00770087613289501
224887,0.0006916102565538505
224888,0.0006806430711515518
224889,0.0018686646782837106
224890,0.000448522802012822
224891,0.0010379244556887519
224892,0.0016038710350152288
224893,0.0009025332320613351
224894,0.004408140411427829
224895,0.00044171412397116196
224896,0.00403357386105479
224897,0.0007002951981368938
224898,0.0007370699133699042
224899,0.0024140577153033325
224900,0.005569845265782054
224901,0.0004518193949566003
224902,0.0010750294108240544
224903,0.001111316386042901
224904,0.00052689412415086
224905,0.00585335908392727
224906,0.00040430907168965014
224907,0.003007636747857392
224908,0.0009732465321322153
224909,0.0004587542146162342
224910,0.989597307667235
224911,0.9298337872037753
224912,0.002179411282708957
224913,0.0070352281517637606
224914,0.0006423129561163815
224915,0.0005940420455749655
224916,0.0018072335042095826
224917,0.0006682913742486849
224918,0.003192258107404865
224919,0.0022479601990436455
224920,0.0008867960991114814
224921,0.002423941212719214
224922,0.002142967026190471
224923,0.0008136706181908842
224924,0.0007557762856500963
224925,0.002493078128355384
224926,0.009151880481317841
224927,0.0007726369324471522
224928,0.001231902754321299
224929,0.0006728787962911528
224930,0.0010145562584767066
224931,0.0007095557126729902
224932,0.002068988965226338
224933,0.004976227716424345
224934,0.0015981903037586517
224935,0.00046878905905954545
224936,0.0006255946380153523
224937,0.005659056979732641
224938,0.0005461960423620098
224939,0.002151973211569161
224940,0.0012999118667337294
224941,0.0008659766044785554
224942,0.0051599383563485845
224943,0.004908576311553357
224944,0.0716150410095705
224945,0.0008021293090135294
224946,0.0013335651141104022
224947,0.0009715776272955464
224948,0.018729704043646635
224949,0.002319290342723535
224950,0.000949057315029222
224951,0.0015946464769259793
224952,0.0024538105044143075
224953,0.0016864000300299518
224954,0.022910004755805867
224955,0.0013124511595218459
224956,0.0005536097694608521
224957,0.0012156857932313946
224958,0.0008838041379255917
224959,0.0014581619053350473
224960,0.0005276832155371105
224961,0.0006760527221869041
224962,0.009014484701275034
224963,0.0006195068670846462
224964,0.00138834843194362
224965,0.0005597211187062742
224966,0.0004964045437746045
224967,0.0006161662521165301
224968,0.005767295368442418
224969,0.007571705378954058
224970,0.0019529879874198033
224971,0.001371701707317779
224972,0.0007374689166085009
224973,0.0006413046089493489
224974,0.0009060378288522104
224975,0.0017641422081008527
224976,0.002554432444404218
224977,0.0007016297202799825
224978,0.008631059451838358
224979,0.0018589249856151243
224980,0.0004858904163023652
224981,0.004667689653749469
224982,0.0006365595358425195
224983,0.0004872825579678874
224984,0.0006630410410862332
224985,0.002210448711237883
224986,0.0005124998119776674
224987,0.0005897674262567952
224988,0.002444307500031299
224989,0.0010805746937454647
224990,0.0036607469432872117
224991,0.0019008013084698741
224992,0.0005516567599041465
224993,0.0007893291170131078
224994,0.0009536006650761527
224995,0.0007673032600375542
224996,0.0008482490172325753
224997,0.0015859821001960686
224998,0.00198566834258749
224999,0.0013483885562591722
225000,0.002796497234729493
225001,0.007042800351105725
225002,0.0008071001866439167
225003,0.000950774124606038
225004,0.000657549263861657
225005,0.0008174135164522702
225006,0.9873543785279626
225007,0.012182930240906432
225008,0.0071971663386008414
225009,0.000418889071506852
225010,0.001905399595153372
225011,0.0008211614134404138
225012,0.0005732088574098071
225013,0.0011416654756717167
225014,0.0010071157472552055
225015,0.01950956391151077
225016,0.005562512098247976
225017,0.0018325185390508777
225018,0.005329867001461807
225019,0.0006125847529504389
225020,0.001476805601021911
225021,0.0005689165846033718
225022,0.0007530907218981423
225023,0.0020065929017830486
225024,0.021387337571791905
225025,0.0007077393649575494
225026,0.0006888207043279349
225027,0.0017767726245094201
225028,0.0007957541675728204
225029,0.0006911383082307969
225030,0.00810219016815108
225031,0.0180892753542396
225032,0.006379555864427507
225033,0.0033955367712043797
225034,0.000918637532675959
225035,0.00068584675534544
225036,0.0007968382995588092
225037,0.0009673634320899193
225038,0.0011039263578755479
225039,0.0005859573601274242
225040,0.0008791604658433896
225041,0.00086432345702176
225042,0.003548563616736918
225043,0.001977213858471015
225044,0.0007442660085920392
225045,0.0016918088449049233
225046,0.003779440561501938
225047,0.0006519572513718465
225048,0.11124748380805036
225049,0.0008307405496235493
225050,0.0017279892192729159
225051,0.0006900481545050089
225052,0.0004631266353337394
225053,0.001820183105103972
225054,0.003172391793375841
225055,0.0018510098274372993
225056,0.001895277038595776
225057,0.0004700434885550839
225058,0.0010324986500430326
225059,0.0006097653594090504
225060,0.006313179974001395
225061,0.0009486639187908892
225062,0.008685282917213988
225063,0.011832827243733213
225064,0.008424373283898038
225065,0.0032061969254633983
225066,0.0005022709174063434
225067,0.0006207103373689907
225068,0.004609841999109517
225069,0.0005249249783546161
225070,0.007043213638702768
225071,0.012640903180443527
225072,0.0029597859894310427
225073,0.009637597552593608
225074,0.0005574005105457185
225075,0.001068887441485765
225076,0.007518887721763435
225077,0.002530377528119714
225078,0.003102730518215083
225079,0.002636963617325686
225080,0.0004532861705456498
225081,0.0004398098428722618
225082,0.0006488655388365673
225083,0.007848531764064708
225084,0.005724033415917474
225085,0.0050353237884753115
225086,0.0007256949742727901
225087,0.0005880543003887052
225088,0.005717012796415267
225089,0.004818914198230664
225090,0.0007034194353718787
225091,0.0006788968366697636
225092,0.006161922631492631
225093,0.0008195822864210601
225094,0.0007471559677100831
225095,0.000925305346438503
225096,0.013566137444667281
225097,0.0008890612325489452
225098,0.0020668805045856165
225099,0.010191502466898868
225100,0.0005312931796627101
225101,0.0010262993541441336
225102,0.0008390766316107985
225103,0.0005718579776753445
225104,0.0007123807774180798
225105,0.0008317115494488911
225106,0.00044832998649311134
225107,0.0012637226638577558
225108,0.009872789993263083
225109,0.0011242281620266385
225110,0.001609904578219378
225111,0.0010167535833669659
225112,0.001181855258542698
225113,0.0005484924529589693
225114,0.0051051145677291935
225115,0.014482269719268377
225116,0.0025632133620619255
225117,0.0006911235581487149
225118,0.002631767665525968
225119,0.0008694510920569277
225120,0.0048050878170251355
225121,0.0012515561419055939
225122,0.0013687803365847045
225123,0.000610226777622464
225124,0.001176092568476728
225125,0.0016510656011577969
225126,0.0009154349815017123
225127,0.000692563148821914
225128,0.0007786352930334012
225129,0.0006013710713398254
225130,0.0017305742291011208
225131,0.0008755371585144581
225132,0.003794585318375543
225133,0.0005370793580437233
225134,0.008528159208509264
225135,0.010148041827843275
225136,0.001124536941273038
225137,0.0005659109354550231
225138,0.0007909965384366949
225139,0.0005421682169003037
225140,0.0005725416378335485
225141,0.0005308993258345249
225142,0.009232923914983674
225143,0.000765565054506858
225144,0.001422941964905672
225145,0.006464666065874
225146,0.0020332923290833664
225147,0.0075546668519981975
225148,0.0012596758356238254
225149,0.0016305490747816577
225150,0.001047619908636494
225151,0.001231391875730935
225152,0.003938767548195037
225153,0.9959781177818847
225154,0.0011721129944622889
225155,0.0006277862740399737
225156,0.0010427986232999515
225157,0.004047454066128963
225158,0.0009114015901107639
225159,0.01534404483548426
225160,0.0014325178944757406
225161,0.0004383459404702466
225162,0.0007465893993417598
225163,0.0008272283606244415
225164,0.000854992499093275
225165,0.0012402585300934493
225166,0.002073964550567148
225167,0.0007853394234645561
225168,0.0013879007038327784
225169,0.001708018260082531
225170,0.0032167454120900487
225171,0.003747207998690975
225172,0.0005065366950379392
225173,0.0016789886770673188
225174,0.004354898099383426
225175,0.0010964814790040559
225176,0.0011845083479923206
225177,0.007430800251329809
225178,0.20169459213283378
225179,0.0006801388149193077
225180,0.0023348405498282558
225181,0.0005781015451728645
225182,0.0004833647035387813
225183,0.0029694398144137425
225184,0.0005848346333378058
225185,0.0015987128402836772
225186,0.0006407499026369935
225187,0.0013551351208488174
225188,0.0020970031161195173
225189,0.0008104753662362162
225190,0.0004507599131741346
225191,0.0004721781173498143
225192,0.0006157699300096493
225193,0.0007982982716516526
225194,0.0010461941570368465
225195,0.0006982953395917942
225196,0.0009028333795476227
225197,0.0019023119578723954
225198,0.0004887524588193076
225199,0.0008202535669549562
225200,0.0008413254708593619
225201,0.0008402866431633435
225202,0.0012501979081097072
225203,0.03312295217020904
225204,0.0007356351184944722
225205,0.0006492251181214016
225206,0.0026560605937927598
225207,0.0006951680889962901
225208,0.0006311900110934074
225209,0.000987792148220051
225210,0.0025941621445922927
225211,0.003320349259521416
225212,0.001655352474538417
225213,0.0014823887198330767
225214,0.002017453141814736
225215,0.009941888261569666
225216,0.0013164658812768195
225217,0.0006177809570031447
225218,0.0006222660565017087
225219,0.00064081379660669
225220,0.0006633741017751399
225221,0.0027665243178482245
225222,0.0005266956371419373
225223,0.0016907854190141556
225224,0.0009062296410122834
225225,0.0013853326282163279
225226,0.05614069233783214
225227,0.0007006561568527454
225228,0.0006830708651992563
225229,0.0007125427760546689
225230,0.0031055617014877834
225231,0.0006760606720733369
225232,0.001491795607833922
225233,0.0017962937995117576
225234,0.001255047156296878
225235,0.006779137762332962
225236,0.0010375473710186715
225237,0.008009624730808376
225238,0.0013243002382285444
225239,0.0007597712210926127
225240,0.000671836100443747
225241,0.0006660403544818833
225242,0.0033912962710982656
225243,0.0008851251563250495
225244,0.0022928139173796686
225245,0.0003815915982056702
225246,0.017310480218490874
225247,0.002823027622565772
225248,0.0015785398011825367
225249,0.0014616629286044766
225250,0.0013424417185617333
225251,0.0007734591606295975
225252,0.0005985467971512544
225253,0.002041218632101949
225254,0.0005062114662793271
225255,0.003086248158818099
225256,0.0006864136524441901
225257,0.0017123320971092436
225258,0.0008888861383239265
225259,0.987147481874554
225260,0.004017980744792516
225261,0.0018130234815499548
225262,0.0013905737695460206
225263,0.0012057333305084312
225264,0.0005972393183507129
225265,0.0007557783674179252
225266,0.0009824672876324113
225267,0.001850741275022891
225268,0.0009005324759826447
225269,0.0004509750220388857
225270,0.007920258757058842
225271,0.003784975886453772
225272,0.0035841753136173797
225273,0.0017295964146025167
225274,0.0012252195035410303
225275,0.0004424870922301144
225276,0.002196123658147242
225277,0.006828095079989422
225278,0.00040980504263251027
225279,0.000621864719765362
225280,0.0012254368789062797
225281,0.0006015382848611609
225282,0.003064837191747647
225283,0.0005344920347446445
225284,0.005161988410400453
225285,0.001501317972812167
225286,0.0006209634676269715
225287,0.006503114727054452
225288,0.00290117043823619
225289,0.0007088396532441565
225290,0.0005170619456767222
225291,0.0016032844409844616
225292,0.0010224439866497255
225293,0.0011988431632422845
225294,0.0003787666102299624
225295,0.000731660662635927
225296,0.000491334860566171
225297,0.0005422876245505651
225298,0.0008984324326186727
225299,0.00739010772592894
225300,0.0004687149747620857
225301,0.0012448801463183698
225302,0.000860941704674547
225303,0.005659179537506033
225304,0.0006186186212886975
225305,0.0013920791707950839
225306,0.0007191567641149179
225307,0.0005302811085049994
225308,0.0032083254095206615
225309,0.0007543205666801198
225310,0.0007589443974213369
225311,0.0029861604747861144
225312,0.004426357064855307
225313,0.0007066150633053773
225314,0.0006969125457438136
225315,0.0007925226089623403
225316,0.0060802328443535425
225317,0.001314751802778581
225318,0.0034352883305415827
225319,0.0008490741722619731
225320,0.002516000533383412
225321,0.9866948602593222
225322,0.0010003197620984832
225323,0.0008968872535538416
225324,0.21034884257774664
225325,0.0006612958102589346
225326,0.000986233248187595
225327,0.00035545858469967454
225328,0.004667382281837004
225329,0.0007840281876423537
225330,0.008934078128033113
225331,0.0004646175296504127
225332,0.0026509328475109685
225333,0.0042272027676599055
225334,0.003711488805508847
225335,0.005904409899201402
225336,0.002795358474368163
225337,0.0011290573226212322
225338,0.0005450592792615417
225339,0.004021861164908987
225340,0.003640568476244001
225341,0.03747408746427567
225342,0.005971456949959545
225343,0.009426305379661083
225344,0.0010115837217000527
225345,0.0007287904084451144
225346,0.008942414890098477
225347,0.0020424980838624762
225348,0.0022021517243265565
225349,0.0007845171407462311
225350,0.0004772049268381227
225351,0.0006384802090719851
225352,0.004656615907086593
225353,0.00225852042435768
225354,0.0007104802597791508
225355,0.000771438557615062
225356,0.04122095970490673
225357,0.0005541446766490528
225358,0.004341080081229662
225359,0.00045154269680052123
225360,0.004540034025971945
225361,0.0017196606344885657
225362,0.0026806718017277614
225363,0.003563536994753551
225364,0.0007063998102573345
225365,0.0007111426014345316
225366,0.0011052526402432414
225367,0.000513675977448051
225368,0.0012211780596538312
225369,0.00200070083680985
225370,0.0024053334729687514
225371,0.0006895576693188878
225372,0.0018161466364542617
225373,0.002061091958256456
225374,0.0011936597730718677
225375,0.0007651374485096913
225376,0.0008334462004708917
225377,0.0029067436673125904
225378,0.0008784057173699307
225379,0.009455635743251329
225380,0.0015077993923822033
225381,0.0005732819511624769
225382,0.0005264172291280312
225383,0.0006543440104942805
225384,0.0005951376771313589
225385,0.0012686027415453973
225386,0.002938057653248695
225387,0.0021444958305011546
225388,0.0005664921919916554
225389,0.0009629074690784469
225390,0.0005297057222633035
225391,0.000587009304372852
225392,0.0008710477471345087
225393,0.0007249645460201301
225394,0.0019910146210224233
225395,0.0005695675308935162
225396,0.0006534929841225795
225397,0.0007605461616427745
225398,0.00084114955436012
225399,0.0005722763624733803
225400,0.000610475149674641
225401,0.000488950722380204
225402,0.009642653074563804
225403,0.000484221378407597
225404,0.0006824055365239497
225405,0.000493818905958488
225406,0.0021468190515462698
225407,0.006735663544797779
225408,0.08616282055767646
225409,0.0008823057783505539
225410,0.0008528378468708147
225411,0.0013070789809500332
225412,0.005562375975627296
225413,0.0005670484093490307
225414,0.0010340489978463631
225415,0.001335282315944587
225416,0.0010813274424100196
225417,0.006372462339529389
225418,0.0006625012814103952
225419,0.0026296715887963104
225420,0.0006572418996074991
225421,0.002647146459865973
225422,0.0008437424235479814
225423,0.004689971509671603
225424,0.0016389282988897131
225425,0.0022882029928766438
225426,0.0014005455168912785
225427,0.0005699949198332702
225428,0.007835002625510165
225429,0.0038684385361549434
225430,0.0006786525156531286
225431,0.006231858934935441
225432,0.0007336806317950329
225433,0.0011705023298068887
225434,0.0009778334745006664
225435,0.001254851144216312
225436,0.003704398565649203
225437,0.0028531386184162824
225438,0.0009133474863170989
225439,0.0005566958061273327
225440,0.000934134871486339
225441,0.0006494240944423027
225442,0.0008587085876582976
225443,0.0009697604496321174
225444,0.03970476644896363
225445,0.0021636403085440806
225446,0.0010486554775202997
225447,0.0009534807052005364
225448,0.0009417487811260298
225449,0.003262650848118845
225450,0.0015058798556559887
225451,0.0005125174971122149
225452,0.002541618094814879
225453,0.0008505090440232015
225454,0.0006168930390761208
225455,0.0007155272598767016
225456,0.005208006453826049
225457,0.00445261063215407
225458,0.0005775973785424335
225459,0.0008255539252218076
225460,0.0006979697560822555
225461,0.009816723251306052
225462,0.000958107359416791
225463,0.0010481594091691253
225464,0.01149751394655677
225465,0.002964677141405224
225466,0.006341031560395784
225467,0.018330819086116598
225468,0.0011594564016518525
225469,0.0014025200120456366
225470,0.008764741550258234
225471,0.0004753536123864861
225472,0.00931132587429611
225473,0.0012707195011257477
225474,0.9968504376244449
225475,0.000519500702907809
225476,0.005294468460036599
225477,0.0011220076550559747
225478,0.9805311785279975
225479,0.01606220014888625
225480,0.04331489681771972
225481,0.0006587701335675533
225482,0.0009769470387281964
225483,0.0020619109327131018
225484,0.0037066156015903174
225485,0.004702848618187934
225486,0.0006473076707814174
225487,0.00179585823363095
225488,0.0020544886324211373
225489,0.0006779351142139867
225490,0.005278718678595307
225491,0.0005925742260386322
225492,0.006981780525570181
225493,0.0019039377804187518
225494,0.0007854993142373116
225495,0.0007888523710506205
225496,0.0008331296268399343
225497,0.0005769236859916538
225498,0.0010459291119107427
225499,0.0007436958284389931
225500,0.000491849574512709
225501,0.000580407465601389
225502,0.0008390996773465644
225503,0.0007810541667332049
225504,0.003967385565537325
225505,0.0019818610203576345
225506,0.013639438382060384
225507,0.0016376537508466268
225508,0.0008468809191489195
225509,0.001493466059375991
225510,0.0006257673038912832
225511,0.0004216354991580442
225512,0.0014941577514068403
225513,0.009194016935669479
225514,0.0010682068540550929
225515,0.006260944771719546
225516,0.0006790399656749428
225517,0.9949152665807375
225518,0.0015879056068629543
225519,0.0075526548630631685
225520,0.0014386763164090345
225521,0.019468097089524423
225522,0.001287480684952106
225523,0.0008833693673742464
225524,0.03653470418438815
225525,0.0005628613854703696
225526,0.0025225276084081243
225527,0.0010918960398001
225528,0.0005303521889637578
225529,0.9960819384133791
225530,0.001608163549867428
225531,0.004007979100598423
225532,0.0006487758378362796
225533,0.0007868106274103643
225534,0.9948671406473389
225535,0.0005604883419216377
225536,0.0008289186555574558
225537,0.0007049965361210454
225538,0.007969367346232048
225539,0.0007151002481515504
225540,0.002363949582557748
225541,0.0008320398137643833
225542,0.000813157496889149
225543,0.0016873014589893474
225544,0.004863798920853413
225545,0.0014728247564104648
225546,0.0008182125277116704
225547,0.004135321033930419
225548,0.001959874786876242
225549,0.0023228602283614386
225550,0.006697537381948716
225551,0.0006154396983697715
225552,0.0006588931566273526
225553,0.0016117885742826183
225554,0.0015618329522161243
225555,0.002912554475428865
225556,0.0004846595849914328
225557,0.0011725964503736524
225558,0.0014247893589228004
225559,0.0010727525106418636
225560,0.003137223102351679
225561,0.0005382780721358344
225562,0.0007543796342075427
225563,0.000778458567390957
225564,0.005759276378428001
225565,0.00043743630320947015
225566,0.0035353259986846677
225567,0.0006578216662534371
225568,0.0013475075972863484
225569,0.9856794198349448
225570,0.013208397874990719
225571,0.0005456769343942742
225572,0.0010639175866808174
225573,0.008051025882098939
225574,0.0005141578941251669
225575,0.002807240470501889
225576,0.0005853200505713913
225577,0.0005896317012754979
225578,0.0007774914488419098
225579,0.0017527200579064025
225580,0.0012868195555056229
225581,0.0008195285909402456
225582,0.0008718858984789394
225583,0.0006582503572924079
225584,0.0005183794381971394
225585,0.0020295303445689657
225586,0.0006688436810102301
225587,0.0008528119733939184
225588,0.0013857020343451684
225589,0.0011055704627545102
225590,0.0016089912910214558
225591,0.00035606254221754683
225592,0.0007345649116995593
225593,0.0042754049269013595
225594,0.0014148413829839692
225595,0.0016738051295764771
225596,0.0007502064556720631
225597,0.0013004845547350025
225598,0.0006684615838036367
225599,0.0005931691760431568
225600,0.000602892969004091
225601,0.0006017577061628811
225602,0.005446307358640011
225603,0.0012734191134931455
225604,0.002719548557445726
225605,0.0004873366288887292
225606,0.0006626170730703949
225607,0.0006043644168682035
225608,0.01895607063230881
225609,0.000719081301836231
225610,0.003191122520663319
225611,0.0007213735352682887
225612,0.000689452982019279
225613,0.0019259068016260314
225614,0.0015178302678397343
225615,0.0010410574710549463
225616,0.0005588465293531572
225617,0.0006539097229150507
225618,0.0003733705683475071
225619,0.0006056063985383206
225620,0.00048414692520356255
225621,0.0010045961712923316
225622,0.0015725042257876865
225623,0.01538246085443937
225624,0.0013995237638272499
225625,0.003951124628276334
225626,0.0009226444517112944
225627,0.002080833459308997
225628,0.0018420674874618473
225629,0.0015699461113322425
225630,0.0006166097316768595
225631,0.0007287714146031023
225632,0.0005096859111223631
225633,0.0007433629399771549
225634,0.00108130797732044
225635,0.002541548647197571
225636,0.0034227633147574914
225637,0.0009553362006367531
225638,0.04130097087944909
225639,0.0010319825676942671
225640,0.0006437195991886977
225641,0.0007682156081568166
225642,0.0020929714158630284
225643,0.0005405389862327163
225644,0.0005945725083677718
225645,0.0009896603356916206
225646,0.0005288141883330081
225647,0.0005757054466237014
225648,0.006829200926304902
225649,0.0005796973575314227
225650,0.000862587580336127
225651,0.0010578633018207841
225652,0.0006686592765541569
225653,0.0008680681232437499
225654,0.0004770347538259528
225655,0.000796233299840094
225656,0.0032410072979245324
225657,0.0007341009757827596
225658,0.0010362570179988698
225659,0.0009988270430000092
225660,0.001360778657064274
225661,0.005139199331028119
225662,0.018902865359626576
225663,0.0007469383765453049
225664,0.0023088013211111313
225665,0.0010825419805074816
225666,0.0054617523722311715
225667,0.0012100100157608198
225668,0.0005266054074038588
225669,0.000522552442083892
225670,0.0009090780471601458
225671,0.0006493543940837788
225672,0.0011085826670845676
225673,0.003966594700201534
225674,0.009896766835064812
225675,0.019231763788383333
225676,0.9974655363863368
225677,0.0006376254571742842
225678,0.0021439827802538073
225679,0.0007420890771868471
225680,0.0006392604288077564
225681,0.0006907828182071874
225682,0.0006231256622479496
225683,0.0013086965770512955
225684,0.001014088931432623
225685,0.001888273793414904
225686,0.0007102849946186003
225687,0.0011472931049702647
225688,0.0010607452647980295
225689,0.0051260236881530506
225690,0.0005591182073571887
225691,0.000701045091037722
225692,0.0009006539437113868
225693,0.0013749184619825051
225694,0.0005093164113082943
225695,0.0020300213987991932
225696,0.0007759519004909073
225697,0.0025210370371848683
225698,0.004395058671146918
225699,0.0018943564689521948
225700,0.0019194491333290385
225701,0.011329633825561493
225702,0.024268399449821475
225703,0.0009181347673574589
225704,0.0008849746289073528
225705,0.004104070090087316
225706,0.0020347215255704853
225707,0.0005519624054663593
225708,0.0008374378413594187
225709,0.0009162316422475234
225710,0.0010004739101893206
225711,0.0005978350879360555
225712,0.0011785028930253825
225713,0.0014151658143476751
225714,0.2033884137449167
225715,0.0006466244903777052
225716,0.0013932761992492618
225717,0.005946528106007057
225718,0.0008484896661697786
225719,0.0006198067697132223
225720,0.0007415371709570172
225721,0.0005915817337198798
225722,0.00045481969207888023
225723,0.000592367876087785
225724,0.002363245704088596
225725,0.007665380645936672
225726,0.0013085861804624432
225727,0.001260198934850075
225728,0.0007454688449093046
225729,0.0010977938518826136
225730,0.019042980153735803
225731,0.0010318695360018483
225732,0.0007332538891209845
225733,0.0013054040035956195
225734,0.008167286547513489
225735,0.001723343053799372
225736,0.0003946293618761987
225737,0.001169225356787716
225738,0.0008888217461680285
225739,0.0006110086110961963
225740,0.00085257264088596
225741,0.0018178447367502076
225742,0.0050723515982688296
225743,0.0023682819505418643
225744,0.0005916764851006235
225745,0.00039257122206010287
225746,0.0008650110045616834
225747,0.0005450998106226678
225748,0.002296717538169876
225749,0.0008761393542412256
225750,0.0016251907577855803
225751,0.0004715447846451938
225752,0.008559523105143841
225753,0.0037307711494781537
225754,0.00044293763065595293
225755,0.00046791919274349853
225756,0.001017162043657864
225757,0.005534484382528328
225758,0.0060434796586820464
225759,0.0009259139195593924
225760,0.00046690175444450777
225761,0.0010123105660554894
225762,0.0007028056732383601
225763,0.000493170980697559
225764,0.000618628756248632
225765,0.005356085384991199
225766,0.002374506052146142
225767,0.0004679969627400907
225768,0.0010926738516215133
225769,0.005536314618884464
225770,0.0005556348878790342
225771,0.0016781714705877034
225772,0.0008595927122929004
225773,0.0007281268711832222
225774,0.001486385848701993
225775,0.004901366519780137
225776,0.0006432865791512075
225777,0.0005883766381779449
225778,0.0021016416837431945
225779,0.0006366243580165862
225780,0.0005581147991420254
225781,0.0014083395883035766
225782,0.001235025416335593
225783,0.000677894206395726
225784,0.009927056051951837
225785,0.0009556311154751999
225786,0.004175844034698218
225787,0.0006675463157739616
225788,0.004234839367555149
225789,0.0005909035235419706
225790,0.0014316106425792119
225791,0.0006208685449118347
225792,0.0009396279572542334
225793,0.0030543757651743195
225794,0.0022643067859161583
225795,0.0008886586481501313
225796,0.0007697293140436224
225797,0.00079595018384059
225798,0.0005579496976123943
225799,0.0007298622903705067
225800,0.0020416170875525532
225801,0.00043490567207202403
225802,0.0006315902414234482
225803,0.0038133707141601763
225804,0.002249586522521692
225805,0.0035224601070076925
225806,0.0010854648865380042
225807,0.0010171680728813118
225808,0.0005950705916739394
225809,0.003080824496714968
225810,0.02162759440714716
225811,0.0037379782407584725
225812,0.0007115624656938277
225813,0.0023460882843470824
225814,0.0009648388373404188
225815,0.010158532126510595
225816,0.0006429273952449362
225817,0.0007530546751333767
225818,0.0011592576407476554
225819,0.0013840245551711376
225820,0.001123778453768905
225821,0.0023957058794050784
225822,0.0007037656150443023
225823,0.011964554042176188
225824,0.0006296633405007846
225825,0.0005669303912635245
225826,0.0072943154751959356
225827,0.0011152198915121276
225828,0.002681703390140654
225829,0.0023216910312685566
225830,0.0006047179012312462
225831,0.0039633478638287575
225832,0.003573342711739194
225833,0.0029144787223607596
225834,0.0013496789757151495
225835,0.0006190453509587832
225836,0.0004726507143926849
225837,0.0004181268565764767
225838,0.0009536489219324111
225839,0.007337039238239491
225840,0.0008280574201502807
225841,0.9892786330118342
225842,0.0013184477380441101
225843,0.0045431282689384475
225844,0.0009110594550167256
225845,0.0025844200236527603
225846,0.005665718351483247
225847,0.0007570488020964417
225848,0.0006138516088919273
225849,0.0103863742832568
225850,0.0010852318357170683
225851,0.00225770898642057
225852,0.0011636522020062976
225853,0.9663915234706524
225854,0.004484540993324883
225855,0.000563084635816671
225856,0.0012568703751601414
225857,0.0009099471092396368
225858,0.0005238189772723368
225859,0.0007137812390232981
225860,0.008878713065503658
225861,0.0005407952495664537
225862,0.0006514909914593162
225863,0.0004903529000188906
225864,0.005089434667914058
225865,0.007515726737517561
225866,0.0016741577275344321
225867,0.009155458850813914
225868,0.001144113879463445
225869,0.01013890819981247
225870,0.00047712251719664664
225871,0.00933106188472026
225872,0.0008254052904587892
225873,0.012816364196449694
225874,0.001055430968908787
225875,0.0006210743071596266
225876,0.002122614738901471
225877,0.001327913387936181
225878,0.0009280596366378007
225879,0.0006414676634862813
225880,0.0011593565379918172
225881,0.007288869809372836
225882,0.0019543990883738463
225883,0.0015260357342812328
225884,0.0022343770239342895
225885,0.0022578788782223395
225886,0.0037420969938356105
225887,0.03971251567394386
225888,0.013108366694792177
225889,0.0007439072197239378
225890,0.001437905123925303
225891,0.9960148401330832
225892,0.0028269286822321963
225893,0.0010538109574423939
225894,0.0033034413734134172
225895,0.002985457103826617
225896,0.0009097338874982693
225897,0.014749956111514789
225898,0.018621956181921653
225899,0.0017709004645479352
225900,0.005859372230942493
225901,0.009885842085755374
225902,0.0010808665739659986
225903,0.004034166193007959
225904,0.0028732047014916563
225905,0.0005060186499940292
225906,0.0008434189686864673
225907,0.0008782425180707342
225908,0.0011122630832376054
225909,0.0006291116233103173
225910,0.0006187738203056587
225911,0.005049492301369512
225912,0.0006495542342863003
225913,0.0015802284286934006
225914,0.004028811919759626
225915,0.0007481436286034828
225916,0.001182704014466822
225917,0.001997265211658655
225918,0.0006343759594919114
225919,0.000862599350435655
225920,0.0008197307496804896
225921,0.0005416864370281757
225922,0.0004991716418694215
225923,0.0007644202899561748
225924,0.0005192095882512249
225925,0.0004885186714653748
225926,0.002401870495361387
225927,0.00045925696276634116
225928,0.0004808281258943967
225929,0.004186087841171571
225930,0.012593305014331816
225931,0.0011726095051464544
225932,0.0004829446262965116
225933,0.0005431698061950765
225934,0.0007539793014261632
225935,0.0005528772892619576
225936,0.0005136079840825593
225937,0.0013944880880403542
225938,0.000606254618138904
225939,0.0007171597670065074
225940,0.04083632796990605
225941,0.00045286170826048746
225942,0.013201388135216317
225943,0.0023969866432769884
225944,0.0015082996042661695
225945,0.0020423232461638354
225946,0.0005933168458420285
225947,0.0015347964421524086
225948,0.0021499204237085032
225949,0.0012669861999784972
225950,0.0003894405966566718
225951,0.0080450952446277
225952,0.0009932656640701972
225953,0.001203018265534071
225954,0.0023222147379551097
225955,0.0015672325303346128
225956,0.0006294902638753851
225957,0.0006421137059965276
225958,0.0008484963009278842
225959,0.000700566561105025
225960,0.0006156607068564751
225961,0.0064934502052116806
225962,0.002479326310406753
225963,0.02320207082476472
225964,0.0006536940105333665
225965,0.0018133915034648168
225966,0.0006887076190077182
225967,0.002970297358119679
225968,0.0015211128410942175
225969,0.022976716692676404
225970,0.0014124045759978652
225971,0.0005696164095869992
225972,0.002459657450222155
225973,0.0013473763984582507
225974,0.0005207222006565075
225975,0.0009613911572156615
225976,0.0004360950377205862
225977,0.9946891943806938
225978,0.0014793366319874803
225979,0.002461414176132693
225980,0.0011830971439753758
225981,0.0025421481045386834
225982,0.0037060462997411284
225983,0.00502088503508724
225984,0.002561865772829308
225985,0.006458189833849402
225986,0.0006113125136192281
225987,0.0010747843412091413
225988,0.0008985357438591657
225989,0.0016215221096406943
225990,0.0005373717713397356
225991,0.0005349977017380556
225992,0.00040871981135076954
225993,0.0026990685976349864
225994,0.0005506365293947781
225995,0.000734638678789722
225996,0.0005824970219380537
225997,0.0005559211113145257
225998,0.0011408280721596604
225999,0.0009144975250656472
226000,0.0008064258491540629
226001,0.0008651777357815435
226002,0.0015956988694950085
226003,0.002048699410383159
226004,0.0006074006919226987
226005,0.008728107442257325
226006,0.0007241115437359566
226007,0.0008071057188392997
226008,0.005190460023294147
226009,0.0014700023210662532
226010,0.006106189524175871
226011,0.0008430218255205358
226012,0.0008002364171920237
226013,0.0007215158749378804
226014,0.0007380169546865738
226015,0.006904534410632104
226016,0.002647886822891056
226017,0.006101395513201454
226018,0.0011402561410189342
226019,0.00044309046877553807
226020,0.0006463531227692014
226021,0.0019028094435540035
226022,0.0005640288053474986
226023,0.003420678457726772
226024,0.0006273123236275732
226025,0.008776217087694703
226026,0.003600315716740881
226027,0.0013094150818930435
226028,0.008212017809703872
226029,0.006635629254685267
226030,0.0005203013814913087
226031,0.001707290642237638
226032,0.0007773375902970882
226033,0.0004922307049923151
226034,0.0007462767353833548
226035,0.0031633066597250683
226036,0.0007008139212040539
226037,0.0008971516706116369
226038,0.0009077022509747343
226039,0.0008091012658160924
226040,0.0014458245683454038
226041,0.0013979105805922523
226042,0.0014130345219123576
226043,0.00217998381087299
226044,0.0007902989771323475
226045,0.0007226540338804636
226046,0.0010509526852675042
226047,0.994606075425458
226048,0.0005657617224112446
226049,0.0007771869704343185
226050,0.0008539479417143597
226051,0.000999870133516888
226052,0.0006195352473144439
226053,0.0007602437405887768
226054,0.000521008833695976
226055,0.0007430413023251296
226056,0.0008291613172219548
226057,0.0011586376171976785
226058,0.0010707590372069666
226059,0.22613900978450283
226060,0.0007298010344157207
226061,0.0006231813437895092
226062,0.001179274405960377
226063,0.02456682622986483
226064,0.0004924989071998358
226065,0.0011959871666242538
226066,0.0008825873871961617
226067,0.0005606114459940534
226068,0.004883680281753415
226069,0.013111115643048296
226070,0.0012273808189489492
226071,0.0006062820278710205
226072,0.0042502341418334064
226073,0.002171489202302271
226074,0.0006037496205715606
226075,0.0004931607534068541
226076,0.0056662354818502614
226077,0.0007646445594498609
226078,0.0010299020837335328
226079,0.001436046039398582
226080,0.000636233019798729
226081,0.0005899933620165194
226082,0.00099850839141751
226083,0.0005225890574606323
226084,0.0008498660008228445
226085,0.0036819804813890905
226086,0.006325329320212186
226087,0.0007248609598991145
226088,0.0003342162775574037
226089,0.0006605491660932338
226090,0.0008531188887924665
226091,0.993543550493694
226092,0.0024823087702543377
226093,0.000720043164780305
226094,0.0007966010431776277
226095,0.0019494651973931687
226096,0.0005759706121675446
226097,0.04037171155751222
226098,0.007206356323322942
226099,0.0016382057525104643
226100,0.0004985844415860656
226101,0.008550696822655657
226102,0.000547865301182597
226103,0.029573058232592993
226104,0.0006597837520856328
226105,0.0038061341063685924
226106,0.0007891426595173516
226107,0.0007073705749246447
226108,0.009926996726848207
226109,0.0005640759486527402
226110,0.000489051825092238
226111,0.002500303014583983
226112,0.003975820890096175
226113,0.005005363411392433
226114,0.0005257641515892017
226115,0.0006029543132104032
226116,0.0012072585792649235
226117,0.0003538846206614446
226118,0.0011358059879449183
226119,0.0005450295439793416
226120,0.0010479160905335367
226121,0.0012707657960692406
226122,0.0022282181212170396
226123,0.0017152305265441185
226124,0.0017182060184510318
226125,0.0005963164230087738
226126,0.0006828890288819182
226127,0.012344922064809085
226128,0.01358802599068904
226129,0.001401181055064897
226130,0.000572094169411884
226131,0.0021626033657217198
226132,0.0007830218208795357
226133,0.005797268489431904
226134,0.001319986129273188
226135,0.005768480005555743
226136,0.0011963506860936785
226137,0.0008535449440112102
226138,0.0008920006070835865
226139,0.0008551994851314643
226140,0.0015669310198260873
226141,0.10507389757944993
226142,0.0011722486122313011
226143,0.0004994274290727116
226144,0.0005081622195414367
226145,0.0005881828319021481
226146,0.0011601009864100013
226147,0.0006406562450139493
226148,0.08963106481454128
226149,0.007158010557611623
226150,0.0006517625500824349
226151,0.0007316428768774044
226152,0.0005990284086678794
226153,0.00036996993932913324
226154,0.004118392905984811
226155,0.00043123286150519914
226156,0.0022594963050678414
226157,0.0004748266426018614
226158,0.001725100365598199
226159,0.0009466873638808541
226160,0.007442177720788753
226161,0.0007443532451831723
226162,0.0010503439641033905
226163,0.0011491805393317313
226164,0.0009288003180780325
226165,0.009302483693092174
226166,0.03356536447352453
226167,0.032537418535158805
226168,0.000662854590191081
226169,0.0011692825950383474
226170,0.0018976843591883
226171,0.003078350680853756
226172,0.0006501278365905671
226173,0.0016189193713332943
226174,0.0011470686006358085
226175,0.0006174726249349612
226176,0.005461049479684749
226177,0.0008926144663944875
226178,0.0006058645380217493
226179,0.0010302738456307355
226180,0.0010842589758958843
226181,0.0024100957940292817
226182,0.0027011867875472335
226183,0.001149302808294659
226184,0.0010403172973744612
226185,0.0016063214748885785
226186,0.0033036191384991824
226187,0.0004984104377865581
226188,0.0004728092537142117
226189,0.0006805960999364642
226190,0.0006748565994418948
226191,0.0021374519794259642
226192,0.001610338035651956
226193,0.9879807056328802
226194,0.0006427102538943109
226195,0.002021936554317122
226196,0.000538088627785882
226197,0.018132332800682816
226198,0.005961235866635745
226199,0.0020157340505562917
226200,0.0011273823952752315
226201,0.0007889118975377854
226202,0.0005927777082158775
226203,0.0018821284824412905
226204,0.0005384351372870372
226205,0.0010896826804294366
226206,0.0009355702794663022
226207,0.0012182732232277338
226208,0.9963436040932662
226209,0.0008102718810353828
226210,0.0021855424565423256
226211,0.000670936549000219
226212,0.0017123018178758051
226213,0.0036775263555657834
226214,0.005034038899433789
226215,0.0025679712350561053
226216,0.0012408490951104406
226217,0.002115986406751972
226218,0.0006764512668529788
226219,0.0009701726582889048
226220,0.003901758300904765
226221,0.0006058751292116547
226222,0.004809419542605499
226223,0.0007608352858545557
226224,0.004642675753426173
226225,0.0004778001818181964
226226,0.0014032505230944614
226227,0.0006319247828000837
226228,0.0009318017864312061
226229,0.0026182897549690345
226230,0.0007187476362880082
226231,0.0014038924551951272
226232,0.009833062619760708
226233,0.000533894679548595
226234,0.0006573090162917935
226235,0.009018792045366479
226236,0.0007297676320058516
226237,0.0009004305275160951
226238,0.002220329686371131
226239,0.0014081686125317291
226240,0.0007376710280721251
226241,0.0011215579343610486
226242,0.017393480419433133
226243,0.0007910929700974558
226244,0.0005297696064812438
226245,0.004794498286051072
226246,0.0006568285988162868
226247,0.0012940623024051137
226248,0.002207159771841563
226249,0.0015417905005689863
226250,0.0025369783068020417
226251,0.0008745989872012722
226252,0.0031163701950095604
226253,0.0015706510504042092
226254,0.001045077828614728
226255,0.0028115454007598337
226256,0.0008152142670050059
226257,0.0028235388980207324
226258,0.0017050761411714097
226259,0.0007712310722343368
226260,0.002597160422538001
226261,0.0013669754569332379
226262,0.000966748043420895
226263,0.0007238921319027865
226264,0.0006922811706488302
226265,0.0007115319990302737
226266,0.001275604217713341
226267,0.000926036247957493
226268,0.0007743777994943266
226269,0.003530671098545008
226270,0.006604342536945846
226271,0.0006700536660160174
226272,0.008139666311574912
226273,0.0009858940547751581
226274,0.00042419096343634407
226275,0.00040458627280490195
226276,0.0020861378371804028
226277,0.004060081351953453
226278,0.0011989733130753875
226279,0.0004828584216786045
226280,0.0006855397198975864
226281,0.0012909074705039548
226282,0.000687981270915325
226283,0.0009590189146211633
226284,0.0006424304781174303
226285,0.0005375027281099062
226286,0.000992877220770748
226287,0.0006070669099115872
226288,0.0036227311159638944
226289,0.0052390220696814215
226290,0.003377203087430966
226291,0.0006696465030130382
226292,0.0020085200480989256
226293,0.002523681303909173
226294,0.0008331405220063741
226295,0.0007544446879084758
226296,0.0009012051983003726
226297,0.0006158732535620757
226298,0.0005517051191397647
226299,0.0021973421124673585
226300,0.0011869287271547727
226301,0.0010233018318009603
226302,0.000504841021118723
226303,0.001304006501655229
226304,0.010153670130724018
226305,0.0006935936548474179
226306,0.000851369119206714
226307,0.007223579688647965
226308,0.0009818322076969351
226309,0.0011578477146056338
226310,0.0009360514269084408
226311,0.0010749375678374977
226312,0.0006064537647965896
226313,0.005493944081228356
226314,0.0006111597632732302
226315,0.0006518342653387979
226316,0.001974799840248717
226317,0.000649440600014431
226318,0.012920097263694995
226319,0.001392427811388426
226320,0.000660622781175601
226321,0.003972403769406032
226322,0.00474816529708008
226323,0.0005559561499040957
226324,0.0012170474660569228
226325,0.0008847862394079551
226326,0.0005652305594522948
226327,0.0006064087705857439
226328,0.00391977522378722
226329,0.0018313273475372765
226330,0.0021783071652789424
226331,0.0016250280738494237
226332,0.0005552011366319036
226333,0.011963883325612813
226334,0.0026308525614846213
226335,0.0005932473883464213
226336,0.0013470990431027649
226337,0.00045705802898411853
226338,0.0008724208797270958
226339,0.0005973659384776291
226340,0.0011258444912365783
226341,0.0033534709011469703
226342,0.005345779971698929
226343,0.004515029974729325
226344,0.0013931467178886978
226345,0.0034279349829075675
226346,0.0009035428993497814
226347,0.004598179952464875
226348,0.0005474392038416775
226349,0.003025059120104979
226350,0.0011202813585347304
226351,0.004664401120849182
226352,0.0006891157321725111
226353,0.0030657839849509423
226354,0.0006434891969503289
226355,0.0010849431043801917
226356,0.0005460750445407531
226357,0.0007214558084316107
226358,0.0004733126867662722
226359,0.007530736477197953
226360,0.0006814771145578727
226361,0.0006256202881346768
226362,0.012213516607189414
226363,0.0004990558688869346
226364,0.013081594848226578
226365,0.0009724079174603713
226366,0.004228185166882267
226367,0.001455737872869935
226368,0.001542226199924418
226369,0.0005919993638354277
226370,0.0013100568553408333
226371,0.0030630114033811462
226372,0.000649624713348456
226373,0.0017710222759083735
226374,0.010086846373294612
226375,0.00051444213768343
226376,0.0045056609803122575
226377,0.0038007255047768115
226378,0.9948784932563675
226379,0.000520306564244616
226380,0.0008614729333410084
226381,0.0004930802582397106
226382,0.0007704348971643536
226383,0.0005881328515676707
226384,0.0007552342137970699
226385,0.0016072669809287822
226386,0.013939478485392905
226387,0.0010145817979732347
226388,0.0011724364198069186
226389,0.000715995644992295
226390,0.0006521049960757883
226391,0.0007701435704682855
226392,0.0015195786403662888
226393,0.010057023907689372
226394,0.006326906868123621
226395,0.01118158407843113
226396,0.026637630503387535
226397,0.0006775171386819974
226398,0.003251066331386489
226399,0.0032764270821589807
226400,0.002764900709507279
226401,0.001048741611082045
226402,0.0014266743744999048
226403,0.00120473315524564
226404,0.0003908341129297756
226405,0.0017783504272948338
226406,0.0008099356195709368
226407,0.025902927071293533
226408,0.020986125977151767
226409,0.0006404766849276281
226410,0.0007277561663264619
226411,0.0035412064837243478
226412,0.0016492820568913466
226413,0.004615515583787805
226414,0.00044669511460011053
226415,0.0013236546267836958
226416,0.0011906676455551162
226417,0.03898278469974675
226418,0.0003468518111949572
226419,0.0007637075284972149
226420,0.0011129682624294963
226421,0.0005313837101379673
226422,0.008173059860842349
226423,0.002090944326279479
226424,0.004588800302664419
226425,0.0012279782242399127
226426,0.0005567533423103897
226427,0.0016341373426026836
226428,0.012479582026637757
226429,0.001685114214395175
226430,0.00044274208357319495
226431,0.0005604743497049973
226432,0.0005385624881966218
226433,0.0007886051691428951
226434,0.0035442547591443816
226435,0.0005962065952559092
226436,0.0006506855658136622
226437,0.0014895445075943535
226438,0.002662888965079049
226439,0.0017542256880461581
226440,0.000503879311987081
226441,0.0008315906591065621
226442,0.0046508482473586795
226443,0.0006230983603557588
226444,0.0006458886929687263
226445,0.0005130830823091423
226446,0.0017365773489821362
226447,0.000702154757901878
226448,0.0005732985511509542
226449,0.000989833305210397
226450,0.0007151152507597195
226451,0.00985740902617072
226452,0.0007127300362846133
226453,0.000738590416380013
226454,0.0025623853718707455
226455,0.0004783461313109012
226456,0.0008196812025255673
226457,0.010152459214881256
226458,0.0008210643395047647
226459,0.0008490336538813576
226460,0.9960073657505251
226461,0.001277423658428181
226462,0.004840450554941675
226463,0.002344753456085016
226464,0.0005821982417053464
226465,0.002839254069080549
226466,0.0005454951641117523
226467,0.0010617962655556775
226468,0.000607052228687863
226469,0.20056850453022587
226470,0.0008406477667451577
226471,0.008700099803125827
226472,0.00047119336417865876
226473,0.0006583567565789457
226474,0.00411628401894008
226475,0.20149076714008776
226476,0.0015235039062801697
226477,0.006651680794640997
226478,0.0006424506411036164
226479,0.0005497620425711826
226480,0.0005867969393464681
226481,0.0007202586347690983
226482,0.0013644398803618928
226483,0.0008440341132332499
226484,0.0006809433135681039
226485,0.0015445310552630069
226486,0.0003728442534174228
226487,0.0007561203589437464
226488,0.001643098222390054
226489,0.0005779344425652377
226490,0.0004867034753096555
226491,0.0014996111623103736
226492,0.0005057021986037098
226493,0.0005961946878541332
226494,0.009236071328761843
226495,0.0004655544937653892
226496,0.0004940422545381969
226497,0.0008453841407711452
226498,0.0012245516470324423
226499,0.0004535683488089996
226500,0.0017494837045453093
226501,0.0016616685811457386
226502,0.0005633824157691308
226503,0.019440464562776472
226504,0.0008345490462531577
226505,0.0007293529128650317
226506,0.0005795808045221228
226507,0.0006524260381585633
226508,0.018853012775513177
226509,0.0014848479738798694
226510,0.013912587395290056
226511,0.0003793659896549036
226512,0.001653254267408836
226513,0.0003988937848010523
226514,0.0006926288429899051
226515,0.0005390041289108837
226516,0.0004355520869383472
226517,0.0022687505025355045
226518,0.9938395210636561
226519,0.00954715387330642
226520,0.000608801313267792
226521,0.0011690540735230348
226522,0.005979313361859534
226523,0.004918256825528289
226524,0.0006672450948100934
226525,0.0006507890016248288
226526,0.0013867265661590498
226527,0.0007032906458823571
226528,0.008620726862108085
226529,0.0016443113557656544
226530,0.00047172100437606877
226531,0.0005728018420900209
226532,0.0037536915178602434
226533,0.002356037848510101
226534,0.0008050957619549675
226535,0.0005976151996817126
226536,0.0005671663268979448
226537,0.004368654473725358
226538,0.0005403559028106125
226539,0.0014752432196983069
226540,0.0006995660158084299
226541,0.0023635137741900773
226542,0.0015641064042152717
226543,0.0009119715808047694
226544,0.0017099745092572275
226545,0.00047036301287083006
226546,0.0008379274811571166
226547,0.00413534129756574
226548,0.011722783846292464
226549,0.0005518350728700538
226550,0.002946514096719345
226551,0.0010684324294859627
226552,0.0025772014187986298
226553,0.0008587891204144798
226554,0.0013575178868620928
226555,0.0016193018549534863
226556,0.0005639664030958082
226557,0.015255506711436613
226558,0.0011986796402673654
226559,0.0006764004223259721
226560,0.0008841667884749583
226561,0.0006317166505077487
226562,0.10666366819335035
226563,0.0007951780303414725
226564,0.0027892193732989004
226565,0.00034917307264564404
226566,0.00048774979676220856
226567,0.0005985552992368873
226568,0.0006541986470188824
226569,0.00038609542029765707
226570,0.0008781558242434212
226571,0.011912515703950431
226572,0.0005772373549669899
226573,0.010425508969864761
226574,0.0028472612958104953
226575,0.0006934974925817647
226576,0.000605285559697584
226577,0.0016541565999304625
226578,0.0014081985233562347
226579,0.001702512009989221
226580,0.0011501924941342539
226581,0.0009326139353225266
226582,0.0014251424505469768
226583,0.00041376685479558575
226584,0.001619203359208813
226585,0.0003703066104315232
226586,0.0008390383494581824
226587,0.0007763571958360812
226588,0.001337048063484612
226589,0.0008247390726209813
226590,0.000937042686565193
226591,0.0007191307902612878
226592,0.0015678763884796607
226593,0.0005611316967272643
226594,0.0012351252847531346
226595,0.000608230445041267
226596,0.0011408841981449102
226597,0.0005711003196652502
226598,0.00606787715013637
226599,0.006901216257978453
226600,0.0009132106466413
226601,0.0029861143218918376
226602,0.018311864455346466
226603,0.000700257002950589
226604,0.004626258134848327
226605,0.0019482026664553909
226606,0.0004515756701821708
226607,0.0005770426327719178
226608,0.0006885097722319555
226609,0.0007193938380018418
226610,0.0014086311369364357
226611,0.010738525734046064
226612,0.0007395749977062024
226613,0.0005932655227375862
226614,0.0006402438307453499
226615,0.0008289802410084291
226616,0.003925596865928277
226617,0.000799834207020747
226618,0.0008879959314879165
226619,0.001246644177819826
226620,0.0036287153566465172
226621,0.06778896371777707
226622,0.0008548529083200413
226623,0.001250057033161273
226624,0.022203264741513577
226625,0.0013680211665495576
226626,0.000804425855968057
226627,0.0005183210868781979
226628,0.02309442843990084
226629,0.000623810833754748
226630,0.001171229783741329
226631,0.016597278518429678
226632,0.0005880045102050444
226633,0.0004374858395178611
226634,0.0009225649816581013
226635,0.0006191565243549448
226636,0.0008125135544066693
226637,0.0004374153252492249
226638,0.0006029077753713816
226639,0.0016985688728728642
226640,0.0006035046639186279
226641,0.0016471733338145197
226642,0.0010853280886363522
226643,0.0006753928919821173
226644,0.008792637537398092
226645,0.000772503447532996
226646,0.0017948087174114564
226647,0.002054295415295063
226648,0.0028424653881710775
226649,0.0007250175571544024
226650,0.0013587072604985557
226651,0.000982676674417448
226652,0.0016210681449382335
226653,0.001389705788794436
226654,0.0006118341631410489
226655,0.0010659464984929942
226656,0.0006591540241924759
226657,0.006466795991170489
226658,0.002640730722293869
226659,0.0004442399815228248
226660,0.0007771788860435529
226661,0.0004554364050368321
226662,0.9975519708784953
226663,0.0015252320929830293
226664,0.0006762071382138293
226665,0.0007019748231758501
226666,0.000610227051500133
226667,0.00047390522160474887
226668,0.9968115281065866
226669,0.0022763153175115788
226670,0.0006527451942176367
226671,0.0008335411025674304
226672,0.0006372163132218835
226673,0.0021535568253976552
226674,0.007466015656342232
226675,0.0008937053626559905
226676,0.0015056430232452572
226677,0.0014917391330271936
226678,0.0010398870031715344
226679,0.00043832399001684033
226680,0.003195643493029708
226681,0.0006154940213782955
226682,0.0005495639898486225
226683,0.0008435231803442778
226684,0.001036802249610109
226685,0.00044224647952095173
226686,0.0008927766054743587
226687,0.0008695808950718286
226688,0.020051993464501615
226689,0.003991001811373877
226690,0.002446596527548634
226691,0.0005476070789204857
226692,0.002147454163230162
226693,0.008130869125261744
226694,0.0026074166659390634
226695,0.0005780281853603848
226696,0.0007898795314860672
226697,0.0007090675969963591
226698,0.008598846556005436
226699,0.0030904034825210655
226700,0.0006706882810645011
226701,0.0018146964637646475
226702,0.008682741905513972
226703,0.0018519162843604541
226704,0.002603693010039259
226705,0.0013218910987523949
226706,0.002058518795267709
226707,0.00875189624925961
226708,0.0017743595768006319
226709,0.0004943337274285279
226710,0.0018132311732488157
226711,0.0005913377255464997
226712,0.000980124331177207
226713,0.0005634397816559454
226714,0.00038769981103967675
226715,0.0022100990164187232
226716,0.0006672969619289064
226717,0.0022326140189305238
226718,0.0005384664711641809
226719,0.0022532837071263293
226720,0.0004428942277444494
226721,0.000825690950314394
226722,0.0060050215218278805
226723,0.0004775070174772799
226724,0.0006607115535534691
226725,0.971521410397059
226726,0.00980865535997175
226727,0.017029193024839552
226728,0.0009171650960965165
226729,0.000572389749155974
226730,0.0006611997654364671
226731,0.0008501798280153969
226732,0.00254735617543994
226733,0.0022702486215247872
226734,0.001021655522136255
226735,0.0015050435624287721
226736,0.0005418596416385377
226737,0.0008632438419987451
226738,0.002620093698459383
226739,0.0005026686165828865
226740,0.0008102532322461361
226741,0.00042129574426783456
226742,0.002746017753343746
226743,0.000621625135685953
226744,0.00119802184926836
226745,0.0007302039893277031
226746,0.006839624598159781
226747,0.001521527860521814
226748,0.0006187089991877973
226749,0.11986606413776052
226750,0.0011878414954977264
226751,0.0008971246129768813
226752,0.00062935397859126
226753,0.00651282211430277
226754,0.001437917254404927
226755,0.0007274968156028808
226756,0.0010698467467229451
226757,0.0004933778312224419
226758,0.0031774183294986883
226759,0.5493932551606076
226760,0.0009189925426646327
226761,0.0023389447494874213
226762,0.00038044396454381705
226763,0.001055699150684014
226764,0.007144577883424558
226765,0.0005807528625471263
226766,0.0013903740477542482
226767,0.0006577498830961162
226768,0.0006264890363997804
226769,0.9785401607652163
226770,0.006536843944468049
226771,0.004165665320486851
226772,0.0014575575618678003
226773,0.0006346605842428086
226774,0.001042402965062885
226775,0.0007059978646291871
226776,0.0007664978854076473
226777,0.0009306666041175559
226778,0.0027788632396745336
226779,0.004114311440777249
226780,0.0005904223518989908
226781,0.001622039802091848
226782,0.0005479230080905695
226783,0.0008632858755720721
226784,0.001668221912667754
226785,0.0022006117695413125
226786,0.000697075625658408
226787,0.0018468494705968564
226788,0.0030816800788149
226789,0.0005651747051699651
226790,0.0007546320333985004
226791,0.0011857810798332204
226792,0.001138916032459249
226793,0.0005693961555794664
226794,0.0007230238137266372
226795,0.0006229317953542103
226796,0.0005738893044122591
226797,0.0024986560922111707
226798,0.002721402536315493
226799,0.0016360397055314826
226800,0.0005119263394602265
226801,0.0011948565709490855
226802,0.0012226495121140386
226803,0.01771460963964512
226804,0.010629763265218018
226805,0.0005934295392142142
226806,0.0019209781539488262
226807,0.0007119956781951043
226808,0.0010258045658980161
226809,0.0009050829703152604
226810,0.004706205122772304
226811,0.0005783427490318235
226812,0.0041353474528840264
226813,0.0008229853147449877
226814,0.00299885195607968
226815,0.0009807315306500737
226816,0.0011732097391617693
226817,0.0016103434679622611
226818,0.0009649657126692577
226819,0.001425479847471985
226820,0.0006774880451349705
226821,0.004747370957638036
226822,0.0004802560120749427
226823,0.0006506100441282792
226824,0.0006603858831446128
226825,0.0014237424719678099
226826,0.00268287488707867
226827,0.0007076557793032563
226828,0.0010289757700006588
226829,0.0010425993355273686
226830,0.0017689987823239187
226831,0.0006725899601567527
226832,0.002292084958908881
226833,0.000676951230808888
226834,0.0012521747248396072
226835,0.0005541127128407591
226836,0.001567632394977239
226837,0.001601183081913829
226838,0.0038506477973285465
226839,0.002872941818710448
226840,0.0004092201296634946
226841,0.0007899487405566242
226842,0.009542186818859141
226843,0.0015238647708487529
226844,0.0004709042631326244
226845,0.0008853320362383896
226846,0.006883249986519542
226847,0.0004758237294080619
226848,0.0007820524877000767
226849,0.0014979588843859015
226850,0.009526879094606172
226851,0.0023706212313922104
226852,0.0005041735053407017
226853,0.0007969669729858378
226854,0.0020450972352402874
226855,0.0022240715698215287
226856,0.0005777726194958064
226857,0.000557408824302588
226858,0.0008934064512959616
226859,0.0017210711315935648
226860,0.0006167874332123288
226861,0.00043876619650643953
226862,0.0010924476384844457
226863,0.002255612155538187
226864,0.0013206758413418242
226865,0.001317962707706999
226866,0.008863042939474184
226867,0.0010572472017288024
226868,0.01553421984977026
226869,0.0017831461897237252
226870,0.0021068001364533315
226871,0.0004747737466828081
226872,0.006610822124215084
226873,0.0004888898551311646
226874,0.0005164776481603062
226875,0.0009542041562117958
226876,0.0008494552830307935
226877,0.0023175162822354116
226878,0.0005937879972983352
226879,0.0018083175388446447
226880,0.005105438323665064
226881,0.0005379977866086001
226882,0.007026423373197523
226883,0.0011790903086636834
226884,0.0012844319763675798
226885,0.0004783487086580146
226886,0.003391403613424677
226887,0.001998037949427483
226888,0.0006016013024739402
226889,0.00035394425647822594
226890,0.0005779398517097533
226891,0.0005958539425418503
226892,0.0004759092340760031
226893,0.008610243306586735
226894,0.0005076414311464566
226895,0.0029945197020000754
226896,0.0005862063116303796
226897,0.0006822019667221024
226898,0.0009058300017100718
226899,0.0011292239835314166
226900,0.005894191017465201
226901,0.006675339741458828
226902,0.003912339728071918
226903,0.0005601212465906609
226904,0.000699945917830211
226905,0.0007298123570188289
226906,0.0006016761906194378
226907,0.0006843383524283759
226908,0.000765461439153607
226909,0.005527270839586779
226910,0.007437291691184032
226911,0.0026095026422301697
226912,0.0013134026537312004
226913,0.001580435098744204
226914,0.0043686970364118635
226915,0.0008232531079131449
226916,0.0008119829142001222
226917,0.0044010764082022796
226918,0.004050378325642266
226919,0.0016200850102246842
226920,0.0006903735896052234
226921,0.0007834543104397384
226922,0.010208118669826356
226923,0.0018876521634941053
226924,0.0013072177459035185
226925,0.0014477745439545886
226926,0.01986359792589774
226927,0.0013725861419915122
226928,0.002539423193788028
226929,0.0005768755343755887
226930,0.001193989123810297
226931,0.007150606309071252
226932,0.9936350127561515
226933,0.001949152969754851
226934,0.0019009978065375973
226935,0.002097167413376699
226936,0.0012791932829834562
226937,0.0005808331619167456
226938,0.0006261491792365325
226939,0.004112113223545618
226940,0.0024041283205226876
226941,0.0006537307020949123
226942,0.0019129548661149013
226943,0.0011809029484837693
226944,0.02008842597461235
226945,0.0005220559364986681
226946,0.0006629225243136006
226947,0.0026282587588877223
226948,0.0007328786347609576
226949,0.0008608485138345645
226950,0.0007123233713276954
226951,0.01219547613610702
226952,0.0004656486972997493
226953,0.0008032108392766376
226954,0.010732761171384123
226955,0.0039340596919930325
226956,0.0004639252928050983
226957,0.002272979226523305
226958,0.0027776243228141767
226959,0.0019948525825544488
226960,0.001039703339892764
226961,0.0060081480375367684
226962,0.0006293868510975721
226963,0.004204423058874174
226964,0.00267147267682638
226965,0.0007239253859378052
226966,0.0006926169442212493
226967,0.0006335259952752224
226968,0.0039276773678808136
226969,0.0013943080160005532
226970,0.0012397007843041625
226971,0.0008720989659467144
226972,0.001023669291372976
226973,0.0019514828737268908
226974,0.007087143039174869
226975,0.0005969170896498223
226976,0.001718408532060156
226977,0.0010648366852519684
226978,0.0034258047413237057
226979,0.0006294734529896661
226980,0.0020365993426060516
226981,0.002742902422658859
226982,0.0010438434539809807
226983,0.0006448309665366654
226984,0.004592872829510409
226985,0.000651981185658089
226986,0.0009677205371056705
226987,0.0016740084039448696
226988,0.0006861614312881428
226989,0.0016143342206924492
226990,0.0108497098548908
226991,0.0016669658243408918
226992,0.000642816270050598
226993,0.005184361170044684
226994,0.030706033591308718
226995,0.0011354090542735184
226996,0.00048282575802131145
226997,0.03871630227320895
226998,0.0021460051820363212
226999,0.0003562823813007611
227000,0.0004535491402021043
227001,0.0017785942993216956
227002,0.0007323141649437238
227003,0.0010495119833869517
227004,0.0020896253840015327
227005,0.0015571616682836407
227006,0.0006840569222194909
227007,0.002902909633722083
227008,0.007988946059456298
227009,0.0005388442943113428
227010,0.001397180482330843
227011,0.0007253207051244898
227012,0.0005202957838080634
227013,0.0004850881107517495
227014,0.000574790845434576
227015,0.0006922222134730467
227016,0.0012700663407712465
227017,0.000994733004419033
227018,0.016756199885813453
227019,0.0010494474504204137
227020,0.0004393562910191179
227021,0.0016073996998394037
227022,0.002329565121338731
227023,0.000866409519611359
227024,0.0032111047185723954
227025,0.00045751122844696823
227026,0.012006296628573197
227027,0.0006510604081734899
227028,0.003074776296106344
227029,0.0009923198662695031
227030,0.0004834318592864518
227031,0.0008037925705496627
227032,0.0013921496078791742
227033,0.0010360868858338983
227034,0.0014082076275105954
227035,0.0011612245228734101
227036,0.0008710593454208073
227037,0.0007834002157129452
227038,0.0020034515064774414
227039,0.00224537604210841
227040,0.05371031626232592
227041,0.0007436535456199743
227042,0.0036272829182052604
227043,0.005269439247555303
227044,0.0009526849007050095
227045,0.0006436469529196751
227046,0.0006530704675741342
227047,0.0004423977593601261
227048,0.001192800262672343
227049,0.0031745451215792185
227050,0.0017881495954429943
227051,0.0006300582439757605
227052,0.0010626628341721023
227053,0.0012915629826311084
227054,0.0007105723197807436
227055,0.0006384333398759554
227056,0.0017259305230315953
227057,0.0017235337992386045
227058,0.00553061612523129
227059,0.0026622632752053765
227060,0.0008121173805389387
227061,0.0013969238550350968
227062,0.0005302585205350446
227063,0.0005523915540561101
227064,0.007980835049958935
227065,0.00044938856175589376
227066,0.0016478212089706596
227067,0.003119285887474114
227068,0.012270551418877906
227069,0.038275949016428557
227070,0.0010849780690602446
227071,0.0018951035969398315
227072,0.005795446612247861
227073,0.0007856732432748299
227074,0.001928193960253817
227075,0.0029568746578540264
227076,0.004085763635544084
227077,0.0019132518646183146
227078,0.0007057373837885112
227079,0.02999486143013778
227080,0.0009473553559203158
227081,0.0010134990155404675
227082,0.0011718518004712854
227083,0.0015262287420680185
227084,0.0034075694961587825
227085,0.0012111736310312531
227086,0.0005311616503254523
227087,0.0020126954689827017
227088,0.034900600187082985
227089,0.001401251471764035
227090,0.018872454197381157
227091,0.05667914012737937
227092,0.00047117516826634845
227093,0.004301592504545915
227094,0.9903388322995997
227095,0.0004794726334460866
227096,0.0006670711656233542
227097,0.0015228705185310568
227098,0.0015271192640848663
227099,0.0006956563152729345
227100,0.0005816680773987234
227101,0.0021432524053049107
227102,0.0004120696862691903
227103,0.0009983484286285554
227104,0.001767194964101916
227105,0.0009016976728028039
227106,0.0004802746604500486
227107,0.001637397476153853
227108,0.7089486613641989
227109,0.0005499120906167327
227110,0.0013497279434520999
227111,0.0004902947362104257
227112,0.20805547054231002
227113,0.008570408027374523
227114,0.0006452217968970144
227115,0.004347855129190389
227116,0.009363953503763685
227117,0.0006901622793859118
227118,0.01750208549023099
227119,0.005412904917447866
227120,0.0005350026422698044
227121,0.01538822048931891
227122,0.005145990307240684
227123,0.005345992302245802
227124,0.0005284477337172851
227125,0.0005521946354524464
227126,0.000627040354226334
227127,0.0006992293727949615
227128,0.00834704387801517
227129,0.0027863498625397736
227130,0.0013750592951727592
227131,0.0009199043117617012
227132,0.0004957486792685425
227133,0.0011490682395498418
227134,0.007563551625140099
227135,0.0010701970350500737
227136,0.004265684579729471
227137,0.0009722687476362518
227138,0.00233901144607814
227139,0.0007067392589791891
227140,0.0011339458202800972
227141,0.0005228826143676822
227142,0.0006219847370672659
227143,0.0006162399861567976
227144,0.0006955572402599748
227145,0.0005741862809903021
227146,0.006542362621677155
227147,0.0005714420158666312
227148,0.0012139997679522113
227149,0.0016709890828809646
227150,0.0005124898952387656
227151,0.0008827095731865884
227152,0.0077603459221832274
227153,0.001590862287812455
227154,0.0005880957170762425
227155,0.0011078253267950324
227156,0.0012369882804280545
227157,0.008779102115639415
227158,0.0032140818521781333
227159,0.0006419234593423678
227160,0.0010278304551460987
227161,0.002564117442484809
227162,0.0006132671074139612
227163,0.0020260816299127876
227164,0.0012964952703302223
227165,0.008930838521891745
227166,0.007460703762554262
227167,0.004105898191076315
227168,0.00042654181009252573
227169,0.000430209679791597
227170,0.0009933999189790576
227171,0.0006882473051082187
227172,0.0058498781585619945
227173,0.0006441838005420772
227174,0.0011446716754487194
227175,0.0007818975251284761
227176,0.0010612639257285787
227177,0.0012364949448676987
227178,0.0007923112464275183
227179,0.0007042881881656099
227180,0.0007099386486493957
227181,0.0010217993442480824
227182,0.0005411190378291502
227183,0.000885493311496862
227184,0.0006164292329412573
227185,0.0006889929027448727
227186,0.0006088046481107123
227187,0.001191705670873635
227188,0.000779472669049145
227189,0.00550057609609738
227190,0.0006257116232141315
227191,0.0006987257179222772
227192,0.0010854923899488605
227193,0.00048819305419846933
227194,0.0008341566106749563
227195,0.001578642437848402
227196,0.007936653619677282
227197,0.0016352297049034622
227198,0.0006280901987724417
227199,0.000553965733317893
227200,0.0007577228417608383
227201,0.001036810868272098
227202,0.0005938887306469135
227203,0.001030009118822039
227204,0.0004884857309486032
227205,0.0014155006740701344
227206,0.0009184395606959819
227207,0.0006218758361621235
227208,0.0026635225372065954
227209,0.0020487142285520485
227210,0.0027503037013295326
227211,0.0006899498395851837
227212,0.002545741598672782
227213,0.9935608672251215
227214,0.0007425851607303245
227215,0.002479709505039415
227216,0.0020910713702674533
227217,0.17204101658277024
227218,0.0010885160893342992
227219,0.0009623760719561572
227220,0.0008214751865621578
227221,0.0027906008893786595
227222,0.002757786032016269
227223,0.0005415284506040708
227224,0.0007661473987003486
227225,0.0008541714659396271
227226,0.0016134407703133052
227227,0.0006601695462826073
227228,0.0006579143938737579
227229,0.010466546752937782
227230,0.0013980589801529937
227231,0.0006128704929284902
227232,0.0005808693306998819
227233,0.0011661182424582625
227234,0.0007867902203161216
227235,0.0009622329811600103
227236,0.0015317634758313754
227237,0.0007885973211619597
227238,0.002326291363475731
227239,0.0005202176666782605
227240,0.0009340139761853223
227241,0.0005727290833293111
227242,0.0008827072262742291
227243,0.0012326276946557015
227244,0.0005535611506514893
227245,0.0007684942435314695
227246,0.9947794718898619
227247,0.0005202664518293645
227248,0.0009507503618354735
227249,0.0007289483647136108
227250,0.002870741041421564
227251,0.0013266018880253962
227252,0.0005648763188747717
227253,0.0005772677562314711
227254,0.000783626084544472
227255,0.0050540151072838695
227256,0.0005225430213456127
227257,0.005026881220174804
227258,0.0020701542086508373
227259,0.0008027548916053984
227260,0.0010022996541372003
227261,0.0008666213689795844
227262,0.0016567353643718434
227263,0.0015112681449606612
227264,0.0008353819863215486
227265,0.0010707016600068685
227266,0.002217734041109734
227267,0.0006629429340273812
227268,0.0029400914738461825
227269,0.0024951405172923273
227270,0.0010967705146814005
227271,0.0013033518743663928
227272,0.0012729817794355377
227273,0.000976885363950553
227274,0.0023991614292226218
227275,0.0005702089783163734
227276,0.000745555484869049
227277,0.0008637076130053993
227278,0.0005706093586351423
227279,0.004416314795038456
227280,0.0004906993994390443
227281,0.0023002165006178327
227282,0.0008698787309839196
227283,0.0048257635112040126
227284,0.005028140324090101
227285,0.0006521797640888767
227286,0.02233159838966641
227287,0.012326217302348959
227288,0.000503746555966322
227289,0.003060401071314011
227290,0.0018441130105400607
227291,0.007643257622718122
227292,0.0007111310381668389
227293,0.002180759618640048
227294,0.001001134125817043
227295,0.001925800420995544
227296,0.002072236883996407
227297,0.0003544892149125464
227298,0.0002502330899881327
227299,0.0011491901905052036
227300,0.002236705036566846
227301,0.00400949408564515
227302,0.0007184985582779495
227303,0.0005979156352775073
227304,0.0006500589753309317
227305,0.0006848061551956777
227306,0.0007410122067155284
227307,0.0008984154898893527
227308,0.0008902768988509437
227309,0.0006422763660313749
227310,0.012264594576346762
227311,0.0006768723735441308
227312,0.0006073953390291118
227313,0.08909553890632615
227314,0.0008845576565459548
227315,0.000607120452720978
227316,0.0032185193434994502
227317,0.0012376933503306414
227318,0.005822394964311551
227319,0.005215522999458523
227320,0.00036613384531231747
227321,0.0005720057373717587
227322,0.000454532872193275
227323,0.06397420443802053
227324,0.0030510066889394396
227325,0.0004802754591641951
227326,0.004538706042529416
227327,0.0005645756674756025
227328,0.001258339330922614
227329,0.0008903110293042051
227330,0.0007446595943775142
227331,0.0006217791351985609
227332,0.0021508074858918327
227333,0.007104145251616076
227334,0.0009860205523217673
227335,0.0008652744434012797
227336,0.0006978993168549817
227337,0.000761399441878098
227338,0.0022343757681585127
227339,0.0009492856774607396
227340,0.0005353445452263878
227341,0.002569335339523671
227342,0.0009750698362219145
227343,0.0005916333489421059
227344,0.00031259086337947296
227345,0.002900211266525874
227346,0.003244462667650364
227347,0.0006230907689720697
227348,0.0007670315975851267
227349,0.0014325428642523092
227350,0.00035744275286939044
227351,0.000950935360504007
227352,0.0005613305161910387
227353,0.00224239175265446
227354,0.00125721357240126
227355,0.0009888085597824987
227356,0.0009763485434067456
227357,0.004731063640161367
227358,0.002668982761219265
227359,0.0011170487676590507
227360,0.0042435139747860045
227361,0.000985248558034708
227362,0.005917448695153414
227363,0.0008173026781427284
227364,0.0008089296574671871
227365,0.008441688278692077
227366,0.0007871860325267006
227367,0.0014935916514066257
227368,0.0012529712257244934
227369,0.0007321549324961288
227370,0.000479524970554579
227371,0.000580945995877031
227372,0.0007032890711330929
227373,0.005230100617544062
227374,0.0007899295403004449
227375,0.000520344724229797
227376,0.006833177939206712
227377,0.000935859825710083
227378,0.001634086560225706
227379,0.0019511653325651776
227380,0.0008216100943582182
227381,0.0034808358796034485
227382,0.0010591632755619059
